1568647942502
1568647942515
1568647942529
1568647942540
1568647942552
1568647942565
1568647942577
1568647942589
1568647942601
1568647942614
1568647942626
1568647942639
1568647942651
1568647942664
1568647942677
1568647942689
1568647942700
1568647942712
1568647942723
1568647942735
1568647942748
1568647942762
1568647942774
1568647942785
1568647942798
1568647942811
1568647942824
1568647942835
1568647942848
1568647942858
1568647942869
1568647942881
1568647942893
1568647942904
1568647942916
1568647942928
1568647942940
1568647942953
1568647942964
1568647942975
1568647942987
1568647942999
1568647943010
1568647943021
1568647943033
1568647943045
1568647943055
1568647943067
1568647943078
1568647943091
1568647943103
1568647943114
1568647943126
1568647943138
1568647943150
1568647943160
1568647943172
1568647943184
1568647943196
1568647943206
1568647943218
1568647943231
1568647943243
1568647943256
1568647943268
1568647943279
1568647943291
1568647943303
1568647943315
1568647943326
1568647943338
1568647943350
1568647943362
1568647943375
1568647943387
1568647943398
1568647943410
1568647943422
1568647943434
1568647943446
1568647943456
1568647943469
1568647943482
1568647943495
1568647943508
1568647943521
1568647943534
1568647943548
1568647943560
1568647943572
1568647943584
1568647943597
1568647943610
1568647943623
1568647943634
1568647943647
1568647943660
1568647943673
1568647943687
1568647943701
1568647943715
1568647943727
1568647943739
1568647943751
1568647943765
1568647943778
1568647943791
1568647943805
1568647943817
1568647943831
1568647943844
1568647943857
1568647943869
1568647943883
1568647943896
1568647943909
1568647943922
1568647943935
1568647943948
1568647943961
1568647943974
1568647943988
1568647944000
1568647944014
1568647944027
1568647944040
1568647944054
1568647944068
1568647944081
1568647944094
1568647944107
1568647944120
1568647944132
1568647944145
1568647944157
1568647944170
1568647944183
1568647944196
1568647944209
1568647944223
1568647944235
1568647944249
1568647944262
1568647944275
1568647944287
1568647944301
1568647944313
1568647944324
1568647944336
1568647944348
