1568647974518
1568647974534
1568647974549
1568647974561
1568647974573
1568647974585
1568647974598
1568647974610
1568647974623
1568647974637
1568647974650
1568647974664
1568647974678
1568647974692
1568647974704
1568647974718
1568647974731
1568647974744
1568647974756
1568647974769
1568647974783
1568647974795
1568647974806
1568647974818
1568647974830
1568647974842
1568647974855
1568647974869
1568647974883
1568647974896
1568647974908
1568647974919
1568647974930
1568647974942
1568647974954
1568647974966
1568647974978
1568647974990
1568647975001
1568647975013
1568647975024
1568647975035
1568647975047
1568647975058
1568647975070
1568647975081
1568647975092
1568647975105
1568647975120
1568647975133
1568647975145
1568647975157
1568647975170
1568647975182
1568647975193
1568647975205
1568647975218
1568647975231
1568647975243
1568647975255
1568647975266
1568647975278
1568647975290
1568647975303
1568647975314
1568647975325
1568647975336
1568647975348
1568647975406
1568647975454
1568647975490
1568647975516
1568647975536
1568647975556
1568647975571
1568647975585
1568647975598
1568647975611
1568647975623
1568647975635
1568647975647
1568647975658
1568647975670
1568647975682
1568647975695
1568647975708
1568647975721
1568647975735
1568647975748
1568647975761
1568647975774
1568647975787
1568647975799
1568647975813
1568647975826
1568647975839
1568647975852
1568647975866
1568647975879
1568647975892
1568647975905
1568647975917
1568647975930
1568647975942
1568647975954
1568647975967
1568647975980
1568647975993
1568647976007
1568647976020
1568647976034
1568647976047
1568647976059
1568647976073
1568647976086
1568647976099
1568647976112
1568647976125
1568647976138
1568647976151
1568647976165
1568647976179
1568647976191
1568647976204
1568647976218
1568647976231
1568647976244
1568647976256
1568647976268
1568647976281
1568647976293
1568647976305
1568647976318
1568647976331
1568647976344
1568647976357
1568647976370
1568647976382
1568647976395
1568647976408
1568647976420
1568647976433
1568647976446
1568647976459
1568647976472
1568647976486
1568647976499
1568647976512
1568647976524
1568647976537
