1568647955853
1568647955867
1568647955881
1568647955894
1568647955906
1568647955919
1568647955931
1568647955944
1568647955956
1568647955971
1568647955983
1568647955995
1568647956008
1568647956021
1568647956035
1568647956047
1568647956060
1568647956074
1568647956087
1568647956100
1568647956113
1568647956126
1568647956138
1568647956150
1568647956161
1568647956173
1568647956185
1568647956198
1568647956210
1568647956222
1568647956232
1568647956246
1568647956260
1568647956272
1568647956284
1568647956297
1568647956309
1568647956322
1568647956334
1568647956346
1568647956360
1568647956372
1568647956384
1568647956396
1568647956408
1568647956420
1568647956432
1568647956443
1568647956455
1568647956468
1568647956480
1568647956492
1568647956505
1568647956516
1568647956528
1568647956542
1568647956554
1568647956567
1568647956579
1568647956591
1568647956602
1568647956614
1568647956626
1568647956638
1568647956649
1568647956661
1568647956673
1568647956685
1568647956697
1568647956709
1568647956721
1568647956732
1568647956745
1568647956758
1568647956771
1568647956784
1568647956796
1568647956809
1568647956822
1568647956835
1568647956847
1568647956860
1568647956872
1568647956885
1568647956901
1568647956915
1568647956929
1568647956942
1568647956955
1568647956969
1568647956984
1568647956998
1568647957010
1568647957024
1568647957037
1568647957050
1568647957063
1568647957077
1568647957091
1568647957105
1568647957118
1568647957132
1568647957146
1568647957160
1568647957174
1568647957188
1568647957200
1568647957212
1568647957225
1568647957241
1568647957255
1568647957268
1568647957281
1568647957294
1568647957309
1568647957323
1568647957337
1568647957351
1568647957364
1568647957377
1568647957391
1568647957405
1568647957418
1568647957434
1568647957448
1568647957462
1568647957476
1568647957490
1568647957504
1568647957516
1568647957529
1568647957542
1568647957557
1568647957571
1568647957585
1568647957598
1568647957611
1568647957623
1568647957636
1568647957648
1568647957660
1568647957674
1568647957687
1568647957700
1568647957713
1568647957727
1568647957740
1568647957754
1568647957767
1568647957778
