1568647967998
1568647968012
1568647968026
1568647968039
1568647968051
1568647968063
1568647968074
1568647968085
1568647968096
1568647968107
1568647968119
1568647968130
1568647968143
1568647968156
1568647968168
1568647968182
1568647968195
1568647968208
1568647968221
1568647968233
1568647968246
1568647968258
1568647968271
1568647968283
1568647968295
1568647968308
1568647968321
1568647968333
1568647968344
1568647968359
1568647968372
1568647968384
1568647968397
1568647968409
1568647968422
1568647968435
1568647968447
1568647968460
1568647968472
1568647968483
1568647968495
1568647968508
1568647968521
1568647968534
1568647968545
1568647968558
1568647968568
1568647968580
1568647968593
1568647968605
1568647968617
1568647968630
1568647968640
1568647968653
1568647968665
1568647968677
1568647968690
1568647968701
1568647968712
1568647968724
1568647968736
1568647968750
1568647968762
1568647968773
1568647968784
1568647968797
1568647968808
1568647968821
1568647968831
1568647968843
1568647968855
1568647968867
1568647968881
1568647968895
1568647968907
1568647968920
1568647968930
1568647968943
1568647968956
1568647968970
1568647968982
1568647968995
1568647969007
1568647969020
1568647969034
1568647969048
1568647969060
1568647969074
1568647969088
1568647969103
1568647969117
1568647969130
1568647969142
1568647969156
1568647969169
1568647969182
1568647969196
1568647969210
1568647969224
1568647969237
1568647969250
1568647969263
1568647969275
1568647969289
1568647969304
1568647969318
1568647969331
1568647969343
1568647969357
1568647969371
1568647969384
1568647969398
1568647969411
1568647969423
1568647969435
1568647969448
1568647969460
1568647969473
1568647969486
1568647969500
1568647969514
1568647969530
1568647969544
1568647969558
1568647969572
1568647969585
1568647969599
1568647969614
1568647969628
1568647969642
1568647969656
1568647969669
1568647969682
1568647969697
1568647969711
1568647969725
1568647969739
1568647969752
1568647969765
1568647969779
1568647969791
1568647969804
1568647969817
1568647969831
1568647969845
1568647969859
1568647969873
1568647969886
1568647969900
1568647969913
