1568647944133
1568647944147
1568647944160
1568647944172
1568647944184
1568647944197
1568647944209
1568647944221
1568647944233
1568647944245
1568647944258
1568647944270
1568647944282
1568647944294
1568647944305
1568647944317
1568647944328
1568647944339
1568647944350
1568647944363
1568647944375
1568647944388
1568647944401
1568647944414
1568647944428
1568647944441
1568647944454
1568647944466
1568647944477
1568647944489
1568647944501
1568647944513
1568647944526
1568647944538
1568647944549
1568647944561
1568647944573
1568647944586
1568647944599
1568647944611
1568647944624
1568647944637
1568647944649
1568647944660
1568647944672
1568647944684
1568647944696
1568647944707
1568647944719
1568647944732
1568647944745
1568647944758
1568647944770
1568647944782
1568647944795
1568647944808
1568647944819
1568647944832
1568647944844
1568647944857
1568647944871
1568647944884
1568647944896
1568647944908
1568647944921
1568647944934
1568647944946
1568647944958
1568647944970
1568647944982
1568647944995
1568647945007
1568647945020
1568647945034
1568647945047
1568647945059
1568647945072
1568647945085
1568647945099
1568647945111
1568647945124
1568647945138
1568647945151
1568647945164
1568647945177
1568647945193
1568647945206
1568647945219
1568647945231
1568647945244
1568647945257
1568647945270
1568647945283
1568647945296
1568647945309
1568647945322
1568647945336
1568647945350
1568647945363
1568647945377
1568647945390
1568647945403
1568647945415
1568647945429
1568647945441
1568647945454
1568647945467
1568647945480
1568647945493
1568647945506
1568647945520
1568647945534
1568647945548
1568647945561
1568647945574
1568647945588
1568647945601
1568647945616
1568647945629
1568647945642
1568647945656
1568647945670
1568647945684
1568647945697
1568647945710
1568647945724
1568647945738
1568647945751
1568647945764
1568647945776
1568647945788
1568647945801
1568647945813
1568647945826
1568647945837
1568647945850
1568647945862
1568647945873
1568647945886
1568647945900
1568647945912
1568647945924
1568647945936
1568647945947
1568647945961
1568647945975
1568647945989
1568647946002
1568647946016
1568647946029
