1568217119892
1568217119905
1568217119919
1568217119931
1568217119944
1568217119956
1568217119969
1568217119984
1568217119997
1568217120010
1568217120023
1568217120039
1568217120051
1568217120064
1568217120077
1568217120091
1568217120103
1568217120116
1568217120130
1568217120142
1568217120154
1568217120166
1568217120181
1568217120194
1568217120206
1568217120219
1568217120234
1568217120247
1568217120258
1568217120270
1568217120285
1568217120296
1568217120308
1568217120321
1568217120333
1568217120345
1568217120358
1568217120371
1568217120385
1568217120398
1568217120410
1568217120423
1568217120436
1568217120449
1568217120462
1568217120475
1568217120489
1568217120502
1568217120515
1568217120528
1568217120541
1568217120554
1568217120568
1568217120581
1568217120593
1568217120606
1568217120618
1568217120630
1568217120643
1568217120655
1568217120668
1568217120682
1568217120695
1568217120708
1568217120721
1568217120734
1568217120746
1568217120759
1568217120773
1568217120786
1568217120798
1568217120811
1568217120824
1568217120838
1568217120851
1568217120866
1568217120880
1568217120893
1568217120907
1568217120920
1568217120933
1568217120947
1568217120960
1568217120972
1568217120985
1568217121000
1568217121014
1568217121027
1568217121041
1568217121055
1568217121069
1568217121083
1568217121097
1568217121111
1568217121124
1568217121137
1568217121150
1568217121165
1568217121178
1568217121191
1568217121205
1568217121219
1568217121233
1568217121247
1568217121261
1568217121275
1568217121288
1568217121302
1568217121315
1568217121329
1568217121343
1568217121357
1568217121371
1568217121385
1568217121398
1568217121412
1568217121425
1568217121438
1568217121450
1568217121462
1568217121475
1568217121488
1568217121501
1568217121513
1568217121528
1568217121542
1568217121555
1568217121567
1568217121582
1568217121595
1568217121607
1568217121619
1568217121633
1568217121646
1568217121658
1568217121670
1568217121686
1568217121698
1568217121710
1568217121722
1568217121736
1568217121748
1568217121760
1568217121773
1568217121788
1568217121801
1568217121813
1568217121827
1568217121840
1568217121853
