1568217163008
1568217163023
1568217163037
1568217163050
1568217163062
1568217163076
1568217163089
1568217163102
1568217163115
1568217163129
1568217163141
1568217163153
1568217163165
1568217163179
1568217163192
1568217163204
1568217163217
1568217163230
1568217163242
1568217163255
1568217163267
1568217163280
1568217163293
1568217163306
1568217163319
1568217163332
1568217163345
1568217163358
1568217163370
1568217163383
1568217163395
1568217163406
1568217163418
1568217163430
1568217163442
1568217163454
1568217163467
1568217163480
1568217163493
1568217163507
1568217163520
1568217163534
1568217163547
1568217163561
1568217163574
1568217163587
1568217163600
1568217163612
1568217163625
1568217163638
1568217163650
1568217163664
1568217163677
1568217163689
1568217163703
1568217163715
1568217163727
1568217163740
1568217163752
1568217163763
1568217163775
1568217163788
1568217163800
1568217163813
1568217163825
1568217163838
1568217163850
1568217163861
1568217163873
1568217163886
1568217163898
1568217163910
1568217163922
1568217163936
1568217163947
1568217163960
1568217163972
1568217163985
1568217163997
1568217164010
1568217164022
1568217164035
1568217164047
1568217164058
1568217164070
1568217164083
1568217164096
1568217164107
1568217164119
1568217164133
1568217164145
1568217164157
1568217164169
1568217164183
1568217164196
1568217164208
1568217164221
1568217164235
1568217164248
1568217164260
1568217164272
1568217164285
1568217164297
1568217164308
1568217164320
1568217164332
1568217164344
1568217164356
1568217164368
1568217164380
1568217164392
1568217164405
1568217164417
1568217164429
1568217164441
1568217164453
1568217164465
1568217164477
1568217164489
1568217164501
1568217164512
1568217164525
1568217164538
1568217164550
1568217164561
1568217164575
1568217164587
1568217164599
1568217164610
1568217164624
1568217164636
1568217164648
1568217164660
1568217164674
1568217164687
1568217164699
1568217164711
1568217164723
1568217164734
1568217164746
1568217164758
1568217164770
1568217164781
1568217164793
1568217164805
1568217164818
1568217164830
1568217164841
1568217164853
1568217164864
