1568217110435
1568217110448
1568217110461
1568217110474
1568217110488
1568217110499
1568217110511
1568217110524
1568217110538
1568217110550
1568217110562
1568217110575
1568217110588
1568217110601
1568217110614
1568217110627
1568217110641
1568217110654
1568217110666
1568217110680
1568217110692
1568217110705
1568217110717
1568217110732
1568217110745
1568217110758
1568217110771
1568217110784
1568217110797
1568217110811
1568217110825
1568217110838
1568217110850
1568217110865
1568217110878
1568217110891
1568217110904
1568217110917
1568217110930
1568217110943
1568217110955
1568217110967
1568217110979
1568217110992
1568217111004
1568217111016
1568217111030
1568217111042
1568217111055
1568217111068
1568217111081
1568217111094
1568217111106
1568217111118
1568217111130
1568217111143
1568217111156
1568217111168
1568217111181
1568217111194
1568217111206
1568217111220
1568217111234
1568217111249
1568217111262
1568217111277
1568217111290
1568217111301
1568217111314
1568217111327
1568217111340
1568217111353
1568217111365
1568217111378
1568217111391
1568217111404
1568217111417
1568217111430
1568217111443
1568217111457
1568217111470
1568217111483
1568217111496
1568217111509
1568217111522
1568217111536
1568217111550
1568217111563
1568217111577
1568217111591
1568217111604
1568217111617
1568217111630
1568217111644
1568217111658
1568217111671
1568217111685
1568217111700
1568217111714
1568217111727
1568217111741
1568217111755
1568217111768
1568217111781
1568217111794
1568217111807
1568217111821
1568217111834
1568217111848
1568217111863
1568217111877
1568217111891
1568217111905
1568217111918
1568217111931
1568217111946
1568217111959
1568217111976
1568217111991
1568217112006
1568217112019
1568217112037
1568217112049
1568217112063
1568217112077
1568217112092
1568217112104
1568217112116
1568217112129
1568217112143
1568217112154
1568217112167
1568217112180
1568217112193
1568217112205
1568217112218
1568217112230
1568217112242
1568217112254
1568217112266
1568217112277
1568217112289
1568217112301
1568217112313
1568217112325
1568217112339
1568217112351
1568217112363
1568217112376
1568217112389
