1568217143242
1568217143254
1568217143267
1568217143279
1568217143290
1568217143302
1568217143313
1568217143325
1568217143337
1568217143350
1568217143361
1568217143373
1568217143385
1568217143398
1568217143411
1568217143424
1568217143436
1568217143448
1568217143460
1568217143473
1568217143485
1568217143511
1568217143523
1568217143538
1568217143552
1568217143566
1568217143594
1568217143606
1568217143617
1568217143629
1568217143641
1568217143653
1568217143666
1568217143677
1568217143689
1568217143701
1568217143714
1568217143726
1568217143738
1568217143750
1568217143762
1568217143774
1568217143787
1568217143800
1568217143812
1568217143825
1568217143837
1568217143851
1568217143864
1568217143877
1568217143890
1568217143902
1568217143913
1568217143926
1568217143938
1568217143951
1568217143964
1568217143977
1568217143990
1568217144003
1568217144016
1568217144029
1568217144043
1568217144055
1568217144068
1568217144082
1568217144094
1568217144108
1568217144120
1568217144133
1568217144145
1568217144157
1568217144169
1568217144183
1568217144196
1568217144208
1568217144224
1568217144237
1568217144250
1568217144264
1568217144277
1568217144290
1568217144303
1568217144317
1568217144330
1568217144344
1568217144357
1568217144371
1568217144385
1568217144399
1568217144412
1568217144426
1568217144440
1568217144453
1568217144466
1568217144479
1568217144492
1568217144506
1568217144519
1568217144532
1568217144544
1568217144558
1568217144570
1568217144584
1568217144597
1568217144610
1568217144623
1568217144637
1568217144650
1568217144664
1568217144678
1568217144691
1568217144704
1568217144717
1568217144729
1568217144742
1568217144755
1568217144767
1568217144779
1568217144790
1568217144802
1568217144815
1568217144827
1568217144839
1568217144852
1568217144863
1568217144875
1568217144889
1568217144901
1568217144913
1568217144926
1568217144941
1568217144954
1568217144967
1568217144983
1568217144995
1568217145008
1568217145020
1568217145034
1568217145046
1568217145058
1568217145072
1568217145086
1568217145100
1568217145113
1568217145129
1568217145143
1568217145156
1568217145169
1568217145183
