1568217140156
1568217140169
1568217140183
1568217140195
1568217140207
1568217140219
1568217140232
1568217140244
1568217140255
1568217140267
1568217140280
1568217140292
1568217140305
1568217140317
1568217140330
1568217140343
1568217140355
1568217140367
1568217140380
1568217140394
1568217140406
1568217140418
1568217140436
1568217140449
1568217140461
1568217140478
1568217140493
1568217140505
1568217140517
1568217140538
1568217140550
1568217140563
1568217140578
1568217140591
1568217140603
1568217140616
1568217140629
1568217140642
1568217140655
1568217140667
1568217140679
1568217140692
1568217140703
1568217140715
1568217140728
1568217140740
1568217140752
1568217140765
1568217140778
1568217140792
1568217140805
1568217140818
1568217140831
1568217140845
1568217140857
1568217140870
1568217140882
1568217140895
1568217140907
1568217140919
1568217140932
1568217140945
1568217140958
1568217140971
1568217140983
1568217140996
1568217141008
1568217141021
1568217141035
1568217141047
1568217141059
1568217141071
1568217141084
1568217141098
1568217141110
1568217141123
1568217141136
1568217141150
1568217141163
1568217141176
1568217141190
1568217141203
1568217141216
1568217141229
1568217141242
1568217141257
1568217141270
1568217141284
1568217141297
1568217141310
1568217141324
1568217141338
1568217141352
1568217141365
1568217141378
1568217141392
1568217141406
1568217141420
1568217141438
1568217141453
1568217141466
1568217141485
1568217141499
1568217141512
1568217141530
1568217141545
1568217141558
1568217141572
1568217141589
1568217141604
1568217141617
1568217141637
1568217141650
1568217141664
1568217141684
1568217141698
1568217141710
1568217141725
1568217141740
1568217141752
1568217141765
1568217141778
1568217141792
1568217141805
1568217141817
1568217141831
1568217141844
1568217141856
1568217141868
1568217141881
1568217141895
1568217141907
1568217141919
1568217141933
1568217141947
1568217141959
1568217141972
1568217141985
1568217141998
1568217142011
1568217142024
1568217142038
1568217142050
1568217142063
1568217142077
1568217142091
1568217142104
1568217142117
1568217142132
1568217142145
