1568910495465
1568910495479
1568910495492
1568910495504
1568910495515
1568910495526
1568910495537
1568910495548
1568910495559
1568910495571
1568910495582
1568910495593
1568910495605
1568910495618
1568910495629
1568910495641
1568910495652
1568910495663
1568910495675
1568910495686
1568910495698
1568910495710
1568910495722
1568910495733
1568910495745
1568910495757
1568910495769
1568910495782
1568910495793
1568910495804
1568910495816
1568910495828
1568910495839
1568910495850
1568910495862
1568910495874
1568910495887
1568910495898
1568910495909
1568910495921
1568910495933
1568910495944
1568910495956
1568910495968
1568910495980
1568910495992
1568910496002
1568910496014
1568910496026
1568910496039
1568910496052
1568910496064
1568910496075
1568910496087
1568910496099
1568910496111
1568910496124
1568910496137
1568910496147
1568910496160
1568910496172
1568910496185
1568910496197
1568910496209
1568910496220
1568910496232
1568910496245
1568910496258
1568910496269
1568910496282
1568910496294
1568910496305
1568910496317
1568910496330
1568910496342
1568910496361
1568910496373
1568910496386
1568910496397
1568910496409
1568910496420
1568910496434
1568910496447
1568910496462
1568910496482
1568910496495
1568910496508
1568910496520
1568910496533
1568910496547
1568910496559
1568910496571
1568910496583
1568910496596
1568910496608
1568910496620
1568910496633
1568910496647
1568910496659
1568910496673
1568910496685
1568910496698
1568910496711
1568910496724
1568910496736
1568910496748
1568910496761
1568910496774
1568910496785
1568910496798
1568910496811
1568910496823
1568910496836
1568910496849
1568910496861
1568910496874
1568910496887
1568910496899
1568910496912
1568910496925
1568910496938
1568910496951
1568910496964
1568910496976
1568910496989
1568910497001
1568910497014
1568910497027
1568910497040
1568910497053
1568910497066
1568910497079
1568910497092
1568910497106
1568910497118
1568910497130
1568910497141
1568910497153
1568910497164
1568910497176
1568910497189
1568910497200
1568910497211
1568910497222
1568910497233
1568910497245
1568910497256
1568910497269
1568910497280
1568910497293
