1568910529600
1568910529612
1568910529627
1568910529640
1568910529654
1568910529667
1568910529679
1568910529693
1568910529705
1568910529719
1568910529732
1568910529745
1568910529757
1568910529771
1568910529784
1568910529797
1568910529810
1568910529823
1568910529835
1568910529847
1568910529860
1568910529875
1568910529889
1568910529902
1568910529914
1568910529928
1568910529941
1568910529953
1568910529966
1568910529979
1568910529993
1568910530006
1568910530019
1568910530032
1568910530045
1568910530059
1568910530073
1568910530087
1568910530103
1568910530118
1568910530130
1568910530143
1568910530156
1568910530170
1568910530185
1568910530200
1568910530214
1568910530226
1568910530238
1568910530251
1568910530264
1568910530277
1568910530289
1568910530302
1568910530316
1568910530329
1568910530342
1568910530355
1568910530369
1568910530383
1568910530396
1568910530410
1568910530424
1568910530439
1568910530452
1568910530465
1568910530476
1568910530488
1568910530501
1568910530515
1568910530530
1568910530543
1568910530555
1568910530568
1568910530582
1568910530596
1568910530609
1568910530622
1568910530634
1568910530647
1568910530661
1568910530675
1568910530688
1568910530700
1568910530712
1568910530725
1568910530737
1568910530750
1568910530765
1568910530779
1568910530792
1568910530805
1568910530817
1568910530830
1568910530844
1568910530857
1568910530870
1568910530883
1568910530896
1568910530910
1568910530923
1568910530936
1568910530948
1568910530961
1568910530975
1568910530988
1568910531001
1568910531014
1568910531029
1568910531044
1568910531057
1568910531070
1568910531084
1568910531097
1568910531111
1568910531126
1568910531140
1568910531152
1568910531165
1568910531179
1568910531192
1568910531205
1568910531219
1568910531232
1568910531244
1568910531258
1568910531272
1568910531285
1568910531298
1568910531310
1568910531323
1568910531336
1568910531347
1568910531360
1568910531372
1568910531387
1568910531400
1568910531412
1568910531424
1568910531436
1568910531448
1568910531460
1568910531473
1568910531486
1568910531499
1568910531511
1568910531523
1568910531535
1568910531548
1568910531562
