1568910537921
1568910537932
1568910537947
1568910537960
1568910537972
1568910537984
1568910537995
1568910538007
1568910538018
1568910538030
1568910538042
1568910538054
1568910538066
1568910538083
1568910538098
1568910538112
1568910538125
1568910538138
1568910538150
1568910538165
1568910538177
1568910538189
1568910538201
1568910538212
1568910538224
1568910538237
1568910538249
1568910538263
1568910538275
1568910538288
1568910538302
1568910538315
1568910538329
1568910538343
1568910538356
1568910538369
1568910538382
1568910538398
1568910538412
1568910538424
1568910538436
1568910538448
1568910538461
1568910538473
1568910538485
1568910538497
1568910538508
1568910538522
1568910538537
1568910538552
1568910538566
1568910538579
1568910538593
1568910538605
1568910538618
1568910538630
1568910538643
1568910538657
1568910538671
1568910538684
1568910538696
1568910538709
1568910538722
1568910538735
1568910538750
1568910538765
1568910538781
1568910538827
1568910538886
1568910538917
1568910538944
1568910538965
1568910538984
1568910539000
1568910539015
1568910539030
1568910539044
1568910539057
1568910539071
1568910539083
1568910539096
1568910539109
1568910539121
1568910539133
1568910539146
1568910539162
1568910539175
1568910539189
1568910539202
1568910539216
1568910539229
1568910539242
1568910539255
1568910539269
1568910539282
1568910539294
1568910539309
1568910539323
1568910539337
1568910539350
1568910539363
1568910539378
1568910539391
1568910539404
1568910539418
1568910539432
1568910539446
1568910539460
1568910539474
1568910539488
1568910539501
1568910539517
1568910539530
1568910539544
1568910539559
1568910539573
1568910539586
1568910539600
1568910539612
1568910539627
1568910539641
1568910539655
1568910539670
1568910539684
1568910539697
1568910539710
1568910539723
1568910539736
1568910539748
1568910539759
1568910539771
1568910539783
1568910539795
1568910539809
1568910539823
1568910539835
1568910539847
1568910539860
1568910539873
1568910539886
1568910539898
1568910539911
1568910539922
1568910539934
1568910539946
1568910539959
1568910539973
1568910539986
1568910539999
1568910540011
