1568910549806
1568910549820
1568910549837
1568910549850
1568910549863
1568910549875
1568910549887
1568910549898
1568910549909
1568910549921
1568910549932
1568910549944
1568910549956
1568910549968
1568910549982
1568910549994
1568910550007
1568910550020
1568910550033
1568910550047
1568910550059
1568910550072
1568910550084
1568910550096
1568910550110
1568910550123
1568910550135
1568910550150
1568910550162
1568910550176
1568910550189
1568910550203
1568910550217
1568910550230
1568910550242
1568910550256
1568910550271
1568910550286
1568910550299
1568910550311
1568910550322
1568910550335
1568910550347
1568910550360
1568910550374
1568910550388
1568910550401
1568910550414
1568910550429
1568910550445
1568910550458
1568910550472
1568910550485
1568910550498
1568910550508
1568910550521
1568910550535
1568910550551
1568910550564
1568910550577
1568910550590
1568910550603
1568910550617
1568910550631
1568910550646
1568910550659
1568910550674
1568910550690
1568910550704
1568910550718
1568910550731
1568910550743
1568910550756
1568910550769
1568910550780
1568910550794
1568910550806
1568910550820
1568910550833
1568910550845
1568910550856
1568910550869
1568910550881
1568910550893
1568910550904
1568910550916
1568910550927
1568910550939
1568910550951
1568910550963
1568910550974
1568910550986
1568910550998
1568910551010
1568910551021
1568910551032
1568910551043
1568910551055
1568910551066
1568910551077
1568910551088
1568910551099
1568910551110
1568910551121
1568910551133
1568910551144
1568910551155
1568910551167
1568910551178
1568910551189
1568910551201
1568910551212
1568910551223
1568910551234
1568910551245
1568910551256
1568910551267
1568910551278
1568910551289
1568910551300
1568910551312
1568910551323
1568910551335
1568910551346
1568910551358
1568910551369
1568910551380
1568910551391
1568910551402
1568910551413
1568910551424
1568910551436
1568910551447
1568910551460
1568910551472
1568910551483
1568910551495
1568910551507
1568910551519
1568910551531
1568910551543
1568910551554
1568910551565
1568910551576
1568910551588
1568910551600
1568910551611
1568910551623
1568910551635
1568910551646
