1568910541456
1568910541469
1568910541485
1568910541497
1568910541509
1568910541521
1568910541533
1568910541545
1568910541557
1568910541569
1568910541582
1568910541596
1568910541609
1568910541624
1568910541636
1568910541648
1568910541661
1568910541674
1568910541685
1568910541697
1568910541709
1568910541720
1568910541732
1568910541746
1568910541759
1568910541772
1568910541784
1568910541796
1568910541810
1568910541823
1568910541836
1568910541848
1568910541860
1568910541874
1568910541886
1568910541897
1568910541909
1568910541921
1568910541933
1568910541945
1568910541956
1568910541968
1568910541980
1568910541991
1568910542004
1568910542015
1568910542026
1568910542038
1568910542052
1568910542066
1568910542077
1568910542090
1568910542103
1568910542115
1568910542126
1568910542139
1568910542152
1568910542164
1568910542176
1568910542241
1568910542285
1568910542316
1568910542341
1568910542357
1568910542375
1568910542390
1568910542403
1568910542416
1568910542429
1568910542440
1568910542452
1568910542464
1568910542475
1568910542488
1568910542501
1568910542514
1568910542526
1568910542538
1568910542550
1568910542563
1568910542576
1568910542587
1568910542598
1568910542611
1568910542624
1568910542637
1568910542651
1568910542664
1568910542677
1568910542692
1568910542707
1568910542722
1568910542736
1568910542750
1568910542765
1568910542779
1568910542793
1568910542807
1568910542822
1568910542835
1568910542848
1568910542861
1568910542873
1568910542887
1568910542900
1568910542913
1568910542926
1568910542941
1568910542954
1568910542968
1568910542981
1568910542994
1568910543007
1568910543020
1568910543032
1568910543045
1568910543058
1568910543071
1568910543085
1568910543100
1568910543114
1568910543128
1568910543140
1568910543153
1568910543166
1568910543180
1568910543192
1568910543205
1568910543217
1568910543230
1568910543243
1568910543256
1568910543269
1568910543281
1568910543294
1568910543307
1568910543320
1568910543333
1568910543346
1568910543359
1568910543372
1568910543386
1568910543399
1568910543412
1568910543425
1568910543439
1568910543452
1568910543464
1568910543478
1568910543491
