1568910544784
1568910544796
1568910544809
1568910544822
1568910544835
1568910544848
1568910544861
1568910544874
1568910544887
1568910544900
1568910544911
1568910544922
1568910544935
1568910544947
1568910544960
1568910544972
1568910544984
1568910544997
1568910545010
1568910545023
1568910545037
1568910545050
1568910545062
1568910545076
1568910545090
1568910545105
1568910545118
1568910545131
1568910545144
1568910545156
1568910545166
1568910545178
1568910545190
1568910545202
1568910545213
1568910545224
1568910545236
1568910545249
1568910545261
1568910545271
1568910545283
1568910545295
1568910545307
1568910545318
1568910545330
1568910545344
1568910545359
1568910545373
1568910545386
1568910545398
1568910545409
1568910545421
1568910545433
1568910545445
1568910545459
1568910545472
1568910545484
1568910545495
1568910545506
1568910545520
1568910545532
1568910545546
1568910545558
1568910545571
1568910545582
1568910545593
1568910545605
1568910545616
1568910545626
1568910545638
1568910545650
1568910545663
1568910545674
1568910545687
1568910545698
1568910545710
1568910545724
1568910545736
1568910545750
1568910545763
1568910545776
1568910545789
1568910545802
1568910545818
1568910545832
1568910545846
1568910545859
1568910545873
1568910545886
1568910545899
1568910545912
1568910545926
1568910545939
1568910545952
1568910545966
1568910545979
1568910545993
1568910546007
1568910546021
1568910546033
1568910546047
1568910546062
1568910546076
1568910546090
1568910546103
1568910546117
1568910546131
1568910546146
1568910546159
1568910546172
1568910546185
1568910546199
1568910546213
1568910546226
1568910546238
1568910546252
1568910546268
1568910546282
1568910546296
1568910546310
1568910546323
1568910546337
1568910546350
1568910546364
1568910546377
1568910546390
1568910546403
1568910546418
1568910546432
1568910546444
1568910546457
1568910546471
1568910546486
1568910546500
1568910546514
1568910546527
1568910546540
1568910546554
1568910546568
1568910546580
1568910546593
1568910546607
1568910546621
1568910546635
1568910546648
1568910546663
1568910546676
1568910546690
1568910546703
1568910546716
