1568910250800
1568910250813
1568910250827
1568910250839
1568910250852
1568910250865
1568910250877
1568910250889
1568910250900
1568910250913
1568910250925
1568910250938
1568910250950
1568910250963
1568910250976
1568910250988
1568910251001
1568910251012
1568910251024
1568910251036
1568910251049
1568910251061
1568910251073
1568910251085
1568910251098
1568910251111
1568910251124
1568910251136
1568910251147
1568910251161
1568910251174
1568910251186
1568910251198
1568910251210
1568910251222
1568910251234
1568910251247
1568910251260
1568910251273
1568910251286
1568910251299
1568910251312
1568910251323
1568910251335
1568910251347
1568910251361
1568910251373
1568910251386
1568910251399
1568910251412
1568910251425
1568910251438
1568910251451
1568910251463
1568910251476
1568910251489
1568910251500
1568910251513
1568910251525
1568910251537
1568910251550
1568910251563
1568910251576
1568910251589
1568910251601
1568910251614
1568910251626
1568910251637
1568910251650
1568910251664
1568910251677
1568910251690
1568910251703
1568910251717
1568910251730
1568910251743
1568910251756
1568910251770
1568910251784
1568910251798
1568910251812
1568910251826
1568910251840
1568910251854
1568910251867
1568910251881
1568910251894
1568910251907
1568910251920
1568910251933
1568910251947
1568910251960
1568910251973
1568910251986
1568910252000
1568910252014
1568910252027
1568910252042
1568910252056
1568910252070
1568910252083
1568910252097
1568910252111
1568910252125
1568910252138
1568910252152
1568910252165
1568910252178
1568910252192
1568910252206
1568910252220
1568910252234
1568910252247
1568910252261
1568910252275
1568910252289
1568910252302
1568910252315
1568910252329
1568910252342
1568910252355
1568910252368
1568910252380
1568910252393
1568910252405
1568910252418
1568910252430
1568910252443
1568910252455
1568910252468
1568910252481
1568910252493
1568910252506
1568910252521
1568910252534
1568910252548
1568910252562
1568910252575
1568910252588
1568910252601
1568910252613
1568910252627
1568910252639
1568910252651
1568910252663
1568910252676
1568910252688
1568910252701
1568910252713
1568910252726
