1568910253965
1568910253979
1568910253993
1568910254006
1568910254018
1568910254030
1568910254043
1568910254055
1568910254067
1568910254079
1568910254091
1568910254104
1568910254117
1568910254130
1568910254143
1568910254156
1568910254168
1568910254181
1568910254193
1568910254206
1568910254218
1568910254231
1568910254242
1568910254254
1568910254266
1568910254279
1568910254292
1568910254304
1568910254315
1568910254327
1568910254338
1568910254353
1568910254365
1568910254378
1568910254391
1568910254405
1568910254418
1568910254433
1568910254446
1568910254460
1568910254473
1568910254486
1568910254500
1568910254513
1568910254525
1568910254538
1568910254552
1568910254565
1568910254578
1568910254592
1568910254605
1568910254619
1568910254632
1568910254645
1568910254658
1568910254672
1568910254684
1568910254697
1568910254710
1568910254723
1568910254736
1568910254750
1568910254762
1568910254777
1568910254789
1568910254803
1568910254816
1568910254829
1568910254842
1568910254855
1568910254868
1568910254881
1568910254895
1568910254910
1568910254925
1568910254940
1568910254954
1568910254966
1568910254980
1568910254994
1568910255006
1568910255020
1568910255033
1568910255047
1568910255062
1568910255076
1568910255089
1568910255104
1568910255117
1568910255131
1568910255145
1568910255158
1568910255171
1568910255184
1568910255197
1568910255210
1568910255224
1568910255237
1568910255251
1568910255265
1568910255278
1568910255292
1568910255306
1568910255319
1568910255333
1568910255347
1568910255360
1568910255374
1568910255387
1568910255400
1568910255414
1568910255426
1568910255440
1568910255454
1568910255466
1568910255479
1568910255492
1568910255506
1568910255518
1568910255532
1568910255545
1568910255559
1568910255571
1568910255584
1568910255596
1568910255609
1568910255621
1568910255634
1568910255646
1568910255659
1568910255670
1568910255683
1568910255696
1568910255710
1568910255722
1568910255734
1568910255747
1568910255760
1568910255772
1568910255785
1568910255798
1568910255809
1568910255821
1568910255834
1568910255847
1568910255861
1568910255873
1568910255887
1568910255899
1568910255912
