1568910278283
1568910278297
1568910278311
1568910278324
1568910278337
1568910278349
1568910278362
1568910278374
1568910278387
1568910278401
1568910278413
1568910278426
1568910278440
1568910278453
1568910278467
1568910278481
1568910278493
1568910278506
1568910278520
1568910278533
1568910278545
1568910278560
1568910278572
1568910278585
1568910278598
1568910278612
1568910278624
1568910278638
1568910278650
1568910278663
1568910278677
1568910278690
1568910278703
1568910278717
1568910278730
1568910278743
1568910278756
1568910278770
1568910278783
1568910278798
1568910278812
1568910278825
1568910278837
1568910278850
1568910278861
1568910278874
1568910278888
1568910278901
1568910278914
1568910278927
1568910278939
1568910278952
1568910278965
1568910278978
1568910278991
1568910279004
1568910279017
1568910279030
1568910279042
1568910279056
1568910279070
1568910279084
1568910279097
1568910279110
1568910279122
1568910279134
1568910279147
1568910279160
1568910279173
1568910279186
1568910279198
1568910279210
1568910279222
1568910279235
1568910279248
1568910279261
1568910279274
1568910279287
1568910279299
1568910279312
1568910279325
1568910279338
1568910279350
1568910279364
1568910279377
1568910279391
1568910279405
1568910279420
1568910279433
1568910279446
1568910279459
1568910279472
1568910279485
1568910279499
1568910279512
1568910279526
1568910279538
1568910279552
1568910279565
1568910279578
1568910279591
1568910279604
1568910279616
1568910279630
1568910279643
1568910279656
1568910279669
1568910279682
1568910279695
1568910279709
1568910279722
1568910279735
1568910279749
1568910279762
1568910279776
1568910279788
1568910279802
1568910279814
1568910279828
1568910279840
1568910279854
1568910279867
1568910279880
1568910279894
1568910279907
1568910279920
1568910279935
1568910279949
1568910279963
1568910279977
1568910279991
1568910280004
1568910280018
1568910280032
1568910280046
1568910280059
1568910280072
1568910280085
1568910280098
1568910280111
1568910280124
1568910280138
1568910280152
1568910280166
1568910280179
1568910280194
1568910280208
1568910280221
1568910280234
1568910280248
