1568910263653
1568910263667
1568910263682
1568910263696
1568910263710
1568910263725
1568910263739
1568910263752
1568910263765
1568910263778
1568910263792
1568910263806
1568910263820
1568910263834
1568910263846
1568910263859
1568910263871
1568910263883
1568910263895
1568910263908
1568910263920
1568910263932
1568910263945
1568910263958
1568910263972
1568910263985
1568910263999
1568910264012
1568910264025
1568910264037
1568910264049
1568910264062
1568910264074
1568910264088
1568910264100
1568910264112
1568910264124
1568910264137
1568910264163
1568910264187
1568910264207
1568910264224
1568910264240
1568910264255
1568910264268
1568910264281
1568910264294
1568910264306
1568910264319
1568910264334
1568910264346
1568910264359
1568910264372
1568910264385
1568910264397
1568910264410
1568910264423
1568910264435
1568910264446
1568910264459
1568910264472
1568910264485
1568910264498
1568910264510
1568910264523
1568910264536
1568910264549
1568910264561
1568910264572
1568910264584
1568910264596
1568910264608
1568910264622
1568910264637
1568910264650
1568910264663
1568910264676
1568910264689
1568910264701
1568910264714
1568910264727
1568910264739
1568910264752
1568910264765
1568910264778
1568910264792
1568910264807
1568910264821
1568910264834
1568910264847
1568910264861
1568910264874
1568910264887
1568910264899
1568910264912
1568910264925
1568910264939
1568910264953
1568910264965
1568910264979
1568910264992
1568910265005
1568910265018
1568910265031
1568910265044
1568910265057
1568910265070
1568910265083
1568910265096
1568910265110
1568910265123
1568910265137
1568910265150
1568910265163
1568910265176
1568910265190
1568910265203
1568910265215
1568910265229
1568910265242
1568910265255
1568910265269
1568910265282
1568910265294
1568910265306
1568910265318
1568910265330
1568910265343
1568910265357
1568910265369
1568910265381
1568910265392
1568910265405
1568910265417
1568910265429
1568910265441
1568910265453
1568910265466
1568910265478
1568910265490
1568910265502
1568910265514
1568910265526
1568910265537
1568910265549
1568910265562
1568910265574
1568910265586
1568910265597
1568910265609
