1568910257181
1568910257194
1568910257207
1568910257219
1568910257232
1568910257244
1568910257256
1568910257268
1568910257280
1568910257294
1568910257306
1568910257319
1568910257332
1568910257345
1568910257358
1568910257371
1568910257383
1568910257396
1568910257409
1568910257421
1568910257434
1568910257446
1568910257459
1568910257472
1568910257484
1568910257497
1568910257510
1568910257522
1568910257534
1568910257548
1568910257560
1568910257573
1568910257587
1568910257600
1568910257611
1568910257624
1568910257637
1568910257650
1568910257663
1568910257675
1568910257687
1568910257701
1568910257713
1568910257726
1568910257738
1568910257752
1568910257764
1568910257776
1568910257788
1568910257801
1568910257814
1568910257826
1568910257839
1568910257852
1568910257864
1568910257876
1568910257887
1568910257900
1568910257913
1568910257925
1568910257939
1568910257953
1568910257966
1568910257979
1568910257992
1568910258006
1568910258018
1568910258031
1568910258044
1568910258057
1568910258069
1568910258082
1568910258095
1568910258109
1568910258121
1568910258135
1568910258149
1568910258163
1568910258175
1568910258189
1568910258201
1568910258214
1568910258227
1568910258241
1568910258254
1568910258269
1568910258282
1568910258296
1568910258310
1568910258322
1568910258335
1568910258348
1568910258361
1568910258375
1568910258389
1568910258402
1568910258416
1568910258430
1568910258444
1568910258458
1568910258472
1568910258486
1568910258499
1568910258513
1568910258525
1568910258538
1568910258551
1568910258565
1568910258578
1568910258593
1568910258606
1568910258619
1568910258632
1568910258645
1568910258658
1568910258671
1568910258683
1568910258696
1568910258709
1568910258722
1568910258735
1568910258749
1568910258762
1568910258775
1568910258788
1568910258800
1568910258813
1568910258826
1568910258839
1568910258851
1568910258864
1568910258877
1568910258890
1568910258904
1568910258917
1568910258929
1568910258942
1568910258954
1568910258967
1568910258981
1568910258994
1568910259008
1568910259020
1568910259033
1568910259046
1568910259060
1568910259073
1568910259087
1568910259100
1568910259114
