1568910296172
1568910296187
1568910296205
1568910296220
1568910296234
1568910296248
1568910296263
1568910296278
1568910296292
1568910296307
1568910296322
1568910296336
1568910296350
1568910296366
1568910296380
1568910296395
1568910296408
1568910296423
1568910296437
1568910296452
1568910296465
1568910296479
1568910296495
1568910296509
1568910296523
1568910296537
1568910296551
1568910296566
1568910296583
1568910296601
1568910296617
1568910296634
1568910296649
1568910296664
1568910296679
1568910296694
1568910296709
1568910296726
1568910296741
1568910296754
1568910296769
1568910296785
1568910296801
1568910296818
1568910296833
1568910296847
1568910296921
1568910296965
1568910296999
1568910297023
1568910297047
1568910297066
1568910297084
1568910297102
1568910297116
1568910297130
1568910297143
1568910297156
1568910297169
1568910297185
1568910297200
1568910297215
1568910297230
1568910297246
1568910297260
1568910297273
1568910297286
1568910297299
1568910297312
1568910297325
1568910297338
1568910297352
1568910297366
1568910297381
1568910297395
1568910297408
1568910297422
1568910297437
1568910297451
1568910297465
1568910297478
1568910297492
1568910297507
1568910297522
1568910297535
1568910297551
1568910297565
1568910297579
1568910297593
1568910297608
1568910297622
1568910297635
1568910297649
1568910297665
1568910297678
1568910297692
1568910297705
1568910297720
1568910297733
1568910297748
1568910297762
1568910297775
1568910297789
1568910297802
1568910297815
1568910297829
1568910297841
1568910297854
1568910297868
1568910297882
1568910297895
1568910297910
1568910297923
1568910297937
1568910297950
1568910297964
1568910297977
1568910297991
1568910298003
1568910298015
1568910298028
1568910298043
1568910298058
1568910298071
1568910298084
1568910298097
1568910298110
1568910298124
1568910298137
1568910298151
1568910298165
1568910298179
1568910298193
1568910298207
1568910298220
1568910298234
1568910298246
1568910298260
1568910298273
1568910298286
1568910298299
1568910298312
1568910298326
1568910298339
1568910298353
1568910298367
1568910298381
1568910298397
1568910298409
1568910298422
