1568647007623
1568647007637
1568647007651
1568647007664
1568647007676
1568647007689
1568647007702
1568647007714
1568647007726
1568647007738
1568647007751
1568647007763
1568647007776
1568647007789
1568647007803
1568647007816
1568647007829
1568647007843
1568647007855
1568647007868
1568647007882
1568647007895
1568647007908
1568647007921
1568647007935
1568647007950
1568647007964
1568647007977
1568647007989
1568647008004
1568647008017
1568647008029
1568647008042
1568647008054
1568647008066
1568647008078
1568647008092
1568647008104
1568647008116
1568647008129
1568647008141
1568647008153
1568647008166
1568647008178
1568647008191
1568647008204
1568647008215
1568647008227
1568647008239
1568647008253
1568647008265
1568647008278
1568647008290
1568647008304
1568647008316
1568647008329
1568647008341
1568647008354
1568647008365
1568647008378
1568647008390
1568647008404
1568647008417
1568647008430
1568647008442
1568647008455
1568647008468
1568647008481
1568647008494
1568647008507
1568647008519
1568647008531
1568647008543
1568647008556
1568647008569
1568647008582
1568647008595
1568647008608
1568647008621
1568647008634
1568647008647
1568647008660
1568647008673
1568647008686
1568647008699
1568647008713
1568647008726
1568647008740
1568647008753
1568647008766
1568647008779
1568647008792
1568647008805
1568647008818
1568647008832
1568647008845
1568647008858
1568647008873
1568647008887
1568647008901
1568647008913
1568647008927
1568647008941
1568647008954
1568647008967
1568647008981
1568647008994
1568647009008
1568647009021
1568647009036
1568647009050
1568647009063
1568647009076
1568647009090
1568647009102
1568647009116
1568647009129
1568647009142
1568647009155
1568647009168
1568647009181
1568647009196
1568647009209
1568647009223
1568647009237
1568647009252
1568647009265
1568647009278
1568647009291
1568647009305
1568647009317
1568647009330
1568647009344
1568647009357
1568647009371
1568647009385
1568647009397
1568647009410
1568647009423
1568647009436
1568647009448
1568647009460
1568647009473
1568647009487
1568647009500
1568647009514
1568647009529
1568647009543
1568647009556
1568647009569
