1568647037012
1568647037025
1568647037039
1568647037054
1568647037066
1568647037080
1568647037095
1568647037110
1568647037124
1568647037137
1568647037150
1568647037163
1568647037175
1568647037188
1568647037201
1568647037214
1568647037226
1568647037240
1568647037254
1568647037268
1568647037281
1568647037294
1568647037307
1568647037319
1568647037333
1568647037347
1568647037360
1568647037373
1568647037387
1568647037402
1568647037416
1568647037430
1568647037444
1568647037458
1568647037473
1568647037486
1568647037499
1568647037513
1568647037527
1568647037541
1568647037555
1568647037568
1568647037582
1568647037596
1568647037608
1568647037622
1568647037635
1568647037647
1568647037660
1568647037674
1568647037687
1568647037703
1568647037717
1568647037731
1568647037745
1568647037758
1568647037771
1568647037784
1568647037798
1568647037811
1568647037824
1568647037837
1568647037850
1568647037864
1568647037877
1568647037891
1568647037904
1568647037917
1568647037930
1568647037944
1568647037959
1568647037975
1568647037990
1568647038006
1568647038020
1568647038034
1568647038048
1568647038061
1568647038078
1568647038096
1568647038112
1568647038129
1568647038146
1568647038161
1568647038175
1568647038190
1568647038207
1568647038224
1568647038240
1568647038255
1568647038269
1568647038284
1568647038299
1568647038314
1568647038329
1568647038343
1568647038357
1568647038373
1568647038387
1568647038401
1568647038415
1568647038429
1568647038444
1568647038458
1568647038473
1568647038488
1568647038503
1568647038518
1568647038532
1568647038547
1568647038561
1568647038576
1568647038590
1568647038605
1568647038619
1568647038633
1568647038646
1568647038662
1568647038675
1568647038689
1568647038702
1568647038716
1568647038729
1568647038744
1568647038758
1568647038774
1568647038787
1568647038801
1568647038815
1568647038830
1568647038843
1568647038855
1568647038868
1568647038882
1568647038895
1568647038909
1568647038922
1568647038935
1568647038948
1568647038960
1568647038972
1568647038985
1568647038998
1568647039012
1568647039028
1568647039044
1568647039059
1568647039073
1568647039085
1568647039099
