1568647006005
1568647006018
1568647006033
1568647006046
1568647006058
1568647006071
1568647006084
1568647006098
1568647006111
1568647006123
1568647006136
1568647006148
1568647006160
1568647006173
1568647006186
1568647006199
1568647006211
1568647006224
1568647006237
1568647006249
1568647006262
1568647006275
1568647006288
1568647006301
1568647006314
1568647006330
1568647006342
1568647006356
1568647006369
1568647006383
1568647006396
1568647006410
1568647006422
1568647006436
1568647006449
1568647006462
1568647006475
1568647006488
1568647006501
1568647006515
1568647006528
1568647006541
1568647006553
1568647006566
1568647006579
1568647006593
1568647006606
1568647006618
1568647006631
1568647006645
1568647006658
1568647006671
1568647006683
1568647006697
1568647006711
1568647006724
1568647006737
1568647006749
1568647006763
1568647006775
1568647006787
1568647006802
1568647006816
1568647006829
1568647006843
1568647006857
1568647006869
1568647006883
1568647006896
1568647006909
1568647006923
1568647006936
1568647006950
1568647006964
1568647006978
1568647006993
1568647007007
1568647007020
1568647007033
1568647007047
1568647007061
1568647007075
1568647007088
1568647007102
1568647007115
1568647007129
1568647007142
1568647007156
1568647007168
1568647007183
1568647007196
1568647007210
1568647007224
1568647007238
1568647007252
1568647007265
1568647007279
1568647007293
1568647007307
1568647007321
1568647007334
1568647007347
1568647007359
1568647007372
1568647007386
1568647007400
1568647007413
1568647007426
1568647007440
1568647007454
1568647007468
1568647007481
1568647007495
1568647007509
1568647007522
1568647007536
1568647007549
1568647007563
1568647007576
1568647007590
1568647007603
1568647007618
1568647007631
1568647007645
1568647007657
1568647007670
1568647007683
1568647007696
1568647007709
1568647007721
1568647007734
1568647007746
1568647007759
1568647007772
1568647007785
1568647007799
1568647007813
1568647007827
1568647007840
1568647007853
1568647007866
1568647007881
1568647007894
1568647007908
1568647007921
1568647007936
1568647007950
1568647007964
1568647007977
1568647007992
