1568647025568
1568647025583
1568647025599
1568647025613
1568647025626
1568647025640
1568647025654
1568647025669
1568647025681
1568647025696
1568647025709
1568647025722
1568647025734
1568647025750
1568647025765
1568647025779
1568647025794
1568647025808
1568647025821
1568647025834
1568647025846
1568647025858
1568647025871
1568647025884
1568647025897
1568647025910
1568647025924
1568647025938
1568647025951
1568647025965
1568647025977
1568647025990
1568647026002
1568647026015
1568647026030
1568647026043
1568647026055
1568647026069
1568647026082
1568647026095
1568647026107
1568647026120
1568647026133
1568647026147
1568647026160
1568647026174
1568647026187
1568647026200
1568647026213
1568647026227
1568647026240
1568647026253
1568647026266
1568647026279
1568647026292
1568647026305
1568647026318
1568647026332
1568647026344
1568647026357
1568647026369
1568647026383
1568647026395
1568647026408
1568647026422
1568647026436
1568647026449
1568647026461
1568647026474
1568647026487
1568647026499
1568647026510
1568647026523
1568647026538
1568647026552
1568647026565
1568647026579
1568647026593
1568647026607
1568647026620
1568647026633
1568647026646
1568647026659
1568647026673
1568647026687
1568647026703
1568647026717
1568647026732
1568647026745
1568647026760
1568647026773
1568647026786
1568647026800
1568647026812
1568647026826
1568647026839
1568647026852
1568647026866
1568647026879
1568647026893
1568647026908
1568647026922
1568647026936
1568647026951
1568647026966
1568647026982
1568647026995
1568647027009
1568647027023
1568647027038
1568647027053
1568647027068
1568647027082
1568647027096
1568647027111
1568647027125
1568647027141
1568647027156
1568647027171
1568647027185
1568647027199
1568647027213
1568647027228
1568647027243
1568647027257
1568647027272
1568647027288
1568647027302
1568647027316
1568647027329
1568647027341
1568647027353
1568647027366
1568647027379
1568647027391
1568647027406
1568647027419
1568647027434
1568647027448
1568647027461
1568647027475
1568647027490
1568647027505
1568647027519
1568647027533
1568647027546
1568647027559
1568647027572
1568647027586
1568647027599
