1568645567193
1568645567206
1568645567221
1568645567234
1568645567246
1568645567260
1568645567272
1568645567285
1568645567297
1568645567310
1568645567322
1568645567335
1568645567348
1568645567362
1568645567376
1568645567389
1568645567404
1568645567418
1568645567431
1568645567445
1568645567459
1568645567472
1568645567487
1568645567500
1568645567512
1568645567525
1568645567537
1568645567551
1568645567565
1568645567577
1568645567589
1568645567601
1568645567614
1568645567627
1568645567640
1568645567653
1568645567665
1568645567679
1568645567692
1568645567708
1568645567722
1568645567734
1568645567747
1568645567761
1568645567773
1568645567786
1568645567799
1568645567813
1568645567826
1568645567839
1568645567853
1568645567866
1568645567879
1568645567892
1568645567905
1568645567918
1568645567931
1568645567944
1568645567956
1568645567969
1568645567983
1568645567997
1568645568010
1568645568024
1568645568037
1568645568050
1568645568062
1568645568076
1568645568089
1568645568102
1568645568115
1568645568128
1568645568142
1568645568156
1568645568170
1568645568183
1568645568197
1568645568211
1568645568224
1568645568237
1568645568251
1568645568264
1568645568277
1568645568291
1568645568304
1568645568319
1568645568333
1568645568347
1568645568361
1568645568375
1568645568388
1568645568402
1568645568417
1568645568432
1568645568446
1568645568460
1568645568473
1568645568487
1568645568501
1568645568516
1568645568530
1568645568543
1568645568556
1568645568570
1568645568583
1568645568597
1568645568610
1568645568624
1568645568636
1568645568651
1568645568666
1568645568679
1568645568693
1568645568706
1568645568718
1568645568731
1568645568745
1568645568758
1568645568770
1568645568783
1568645568797
1568645568811
1568645568824
1568645568837
1568645568849
1568645568862
1568645568876
1568645568890
1568645568903
1568645568917
1568645568930
1568645568945
1568645568960
1568645568973
1568645568986
1568645568998
1568645569012
1568645569027
1568645569040
1568645569054
1568645569067
1568645569081
1568645569093
1568645569106
1568645569120
1568645569135
1568645569149
1568645569162
1568645569177
1568645569192
