1568645584021
1568645584033
1568645584047
1568645584060
1568645584074
1568645584088
1568645584101
1568645584115
1568645584128
1568645584140
1568645584152
1568645584165
1568645584179
1568645584194
1568645584207
1568645584221
1568645584234
1568645584248
1568645584262
1568645584275
1568645584288
1568645584302
1568645584316
1568645584330
1568645584344
1568645584359
1568645584371
1568645584384
1568645584396
1568645584409
1568645584421
1568645584435
1568645584448
1568645584465
1568645584478
1568645584490
1568645584503
1568645584516
1568645584529
1568645584542
1568645584556
1568645584571
1568645584583
1568645584597
1568645584610
1568645584623
1568645584636
1568645584650
1568645584665
1568645584679
1568645584692
1568645584706
1568645584720
1568645584734
1568645584748
1568645584764
1568645584777
1568645584791
1568645584805
1568645584819
1568645584832
1568645584846
1568645584859
1568645584874
1568645584887
1568645584901
1568645584915
1568645584928
1568645584942
1568645584956
1568645584968
1568645584982
1568645584997
1568645585011
1568645585026
1568645585042
1568645585056
1568645585070
1568645585084
1568645585099
1568645585113
1568645585127
1568645585140
1568645585154
1568645585170
1568645585186
1568645585200
1568645585214
1568645585227
1568645585240
1568645585254
1568645585268
1568645585283
1568645585298
1568645585312
1568645585326
1568645585340
1568645585356
1568645585372
1568645585387
1568645585403
1568645585419
1568645585435
1568645585450
1568645585464
1568645585478
1568645585491
1568645585506
1568645585521
1568645585537
1568645585552
1568645585567
1568645585581
1568645585593
1568645585606
1568645585620
1568645585634
1568645585647
1568645585659
1568645585671
1568645585684
1568645585698
1568645585713
1568645585727
1568645585740
1568645585753
1568645585766
1568645585780
1568645585793
1568645585806
1568645585819
1568645585833
1568645585846
1568645585862
1568645585875
1568645585890
1568645585904
1568645585917
1568645585929
1568645585942
1568645585955
1568645585969
1568645585983
1568645585996
1568645586010
1568645586025
1568645586039
1568645586053
1568645586067
1568645586081
