1568645558015
1568645558028
1568645558041
1568645558053
1568645558065
1568645558079
1568645558091
1568645558103
1568645558115
1568645558127
1568645558140
1568645558153
1568645558166
1568645558180
1568645558192
1568645558205
1568645558218
1568645558231
1568645558244
1568645558257
1568645558269
1568645558281
1568645558295
1568645558308
1568645558321
1568645558333
1568645558346
1568645558359
1568645558371
1568645558385
1568645558398
1568645558411
1568645558424
1568645558436
1568645558449
1568645558462
1568645558475
1568645558489
1568645558502
1568645558515
1568645558528
1568645558541
1568645558554
1568645558567
1568645558581
1568645558594
1568645558607
1568645558620
1568645558634
1568645558648
1568645558662
1568645558675
1568645558688
1568645558702
1568645558715
1568645558728
1568645558740
1568645558753
1568645558766
1568645558779
1568645558792
1568645558807
1568645558820
1568645558833
1568645558846
1568645558860
1568645558873
1568645558886
1568645558899
1568645558913
1568645558926
1568645558938
1568645558952
1568645558966
1568645558978
1568645558992
1568645559006
1568645559019
1568645559031
1568645559046
1568645559059
1568645559072
1568645559084
1568645559097
1568645559110
1568645559124
1568645559138
1568645559151
1568645559164
1568645559176
1568645559188
1568645559202
1568645559215
1568645559228
1568645559241
1568645559254
1568645559268
1568645559282
1568645559296
1568645559310
1568645559324
1568645559337
1568645559351
1568645559365
1568645559378
1568645559392
1568645559406
1568645559419
1568645559432
1568645559447
1568645559460
1568645559472
1568645559485
1568645559498
1568645559511
1568645559524
1568645559536
1568645559548
1568645559560
1568645559572
1568645559585
1568645559599
1568645559612
1568645559625
1568645559639
1568645559652
1568645559665
1568645559679
1568645559692
1568645559705
1568645559718
1568645559731
1568645559745
1568645559758
1568645559772
1568645559784
1568645559796
1568645559809
1568645559821
1568645559834
1568645559846
1568645559859
1568645559871
1568645559884
1568645559896
1568645559911
1568645559923
1568645559936
1568645559950
1568645559963
