1568822230308
1568822230320
1568822230333
1568822230346
1568822230357
1568822230368
1568822230380
1568822230391
1568822230404
1568822230416
1568822230428
1568822230439
1568822230452
1568822230464
1568822230476
1568822230487
1568822230499
1568822230512
1568822230524
1568822230537
1568822230550
1568822230564
1568822230576
1568822230589
1568822230602
1568822230616
1568822230629
1568822230642
1568822230655
1568822230667
1568822230680
1568822230691
1568822230704
1568822230716
1568822230728
1568822230740
1568822230752
1568822230765
1568822230776
1568822230789
1568822230801
1568822230814
1568822230826
1568822230838
1568822230850
1568822230862
1568822230874
1568822230886
1568822230898
1568822230912
1568822230924
1568822230937
1568822230949
1568822230962
1568822230973
1568822230986
1568822230997
1568822231011
1568822231024
1568822231037
1568822231049
1568822231063
1568822231075
1568822231088
1568822231099
1568822231111
1568822231123
1568822231135
1568822231148
1568822231159
1568822231170
1568822231183
1568822231195
1568822231208
1568822231220
1568822231233
1568822231246
1568822231259
1568822231270
1568822231283
1568822231295
1568822231308
1568822231321
1568822231335
1568822231349
1568822231362
1568822231375
1568822231388
1568822231400
1568822231414
1568822231426
1568822231439
1568822231452
1568822231465
1568822231478
1568822231492
1568822231506
1568822231521
1568822231535
1568822231549
1568822231562
1568822231576
1568822231589
1568822231603
1568822231616
1568822231629
1568822231642
1568822231656
1568822231670
1568822231685
1568822231699
1568822231712
1568822231726
1568822231739
1568822231752
1568822231766
1568822231779
1568822231793
1568822231806
1568822231820
1568822231833
1568822231848
1568822231863
1568822231876
1568822231890
1568822231904
1568822231918
1568822231931
1568822231943
1568822231955
1568822231968
1568822231980
1568822231993
1568822232006
1568822232019
1568822232033
1568822232046
1568822232059
1568822232071
1568822232084
1568822232097
1568822232111
1568822232124
1568822232137
1568822232150
1568822232163
1568822232176
1568822232189
1568822232203
1568822232217
