1568822223773
1568822223785
1568822223800
1568822223813
1568822223825
1568822223837
1568822223848
1568822223861
1568822223873
1568822223886
1568822223898
1568822223910
1568822223924
1568822223938
1568822223951
1568822223963
1568822223975
1568822223989
1568822224002
1568822224015
1568822224028
1568822224041
1568822224054
1568822224067
1568822224079
1568822224093
1568822224106
1568822224121
1568822224135
1568822224148
1568822224161
1568822224174
1568822224187
1568822224201
1568822224214
1568822224227
1568822224240
1568822224254
1568822224267
1568822224280
1568822224294
1568822224307
1568822224320
1568822224332
1568822224345
1568822224358
1568822224371
1568822224383
1568822224395
1568822224408
1568822224420
1568822224434
1568822224446
1568822224459
1568822224471
1568822224484
1568822224497
1568822224510
1568822224523
1568822224536
1568822224549
1568822224563
1568822224575
1568822224588
1568822224601
1568822224614
1568822224625
1568822224638
1568822224650
1568822224663
1568822224676
1568822224689
1568822224702
1568822224715
1568822224728
1568822224742
1568822224754
1568822224768
1568822224781
1568822224794
1568822224806
1568822224820
1568822224834
1568822224847
1568822224860
1568822224873
1568822224887
1568822224900
1568822224913
1568822224927
1568822224940
1568822224953
1568822224966
1568822224979
1568822224992
1568822225005
1568822225019
1568822225032
1568822225045
1568822225058
1568822225072
1568822225085
1568822225099
1568822225114
1568822225126
1568822225139
1568822225154
1568822225169
1568822225183
1568822225197
1568822225211
1568822225225
1568822225238
1568822225252
1568822225265
1568822225279
1568822225292
1568822225306
1568822225320
1568822225335
1568822225350
1568822225364
1568822225379
1568822225393
1568822225407
1568822225420
1568822225434
1568822225447
1568822225460
1568822225473
1568822225485
1568822225497
1568822225509
1568822225523
1568822225537
1568822225550
1568822225563
1568822225574
1568822225586
1568822225598
1568822225609
1568822225622
1568822225635
1568822225647
1568822225659
1568822225672
1568822225685
1568822225699
1568822225712
1568822225723
