1568822227037
1568822227049
1568822227063
1568822227075
1568822227088
1568822227100
1568822227113
1568822227125
1568822227138
1568822227150
1568822227163
1568822227175
1568822227188
1568822227202
1568822227213
1568822227225
1568822227236
1568822227248
1568822227261
1568822227273
1568822227285
1568822227297
1568822227311
1568822227323
1568822227338
1568822227352
1568822227365
1568822227378
1568822227391
1568822227403
1568822227414
1568822227426
1568822227438
1568822227451
1568822227462
1568822227473
1568822227485
1568822227499
1568822227511
1568822227523
1568822227536
1568822227547
1568822227559
1568822227571
1568822227583
1568822227595
1568822227608
1568822227619
1568822227631
1568822227644
1568822227656
1568822227668
1568822227680
1568822227692
1568822227703
1568822227716
1568822227728
1568822227740
1568822227752
1568822227763
1568822227776
1568822227789
1568822227802
1568822227814
1568822227827
1568822227840
1568822227853
1568822227866
1568822227879
1568822227891
1568822227905
1568822227918
1568822227932
1568822227946
1568822227959
1568822227972
1568822227984
1568822227997
1568822228012
1568822228024
1568822228037
1568822228050
1568822228063
1568822228075
1568822228089
1568822228103
1568822228116
1568822228130
1568822228142
1568822228155
1568822228168
1568822228181
1568822228195
1568822228208
1568822228221
1568822228234
1568822228248
1568822228262
1568822228275
1568822228288
1568822228302
1568822228315
1568822228328
1568822228341
1568822228354
1568822228368
1568822228381
1568822228394
1568822228407
1568822228421
1568822228434
1568822228447
1568822228460
1568822228473
1568822228486
1568822228499
1568822228512
1568822228526
1568822228539
1568822228552
1568822228565
1568822228579
1568822228592
1568822228605
1568822228618
1568822228631
1568822228644
1568822228656
1568822228669
1568822228682
1568822228694
1568822228707
1568822228721
1568822228734
1568822228747
1568822228760
1568822228774
1568822228786
1568822228799
1568822228812
1568822228825
1568822228837
1568822228850
1568822228863
1568822228875
1568822228887
1568822228900
1568822228913
1568822228925
1568822228938
