1568822210974
1568822210987
1568822211001
1568822211013
1568822211024
1568822211037
1568822211049
1568822211061
1568822211072
1568822211084
1568822211096
1568822211108
1568822211121
1568822211134
1568822211147
1568822211159
1568822211171
1568822211183
1568822211195
1568822211208
1568822211220
1568822211232
1568822211243
1568822211255
1568822211268
1568822211281
1568822211294
1568822211308
1568822211320
1568822211332
1568822211347
1568822211361
1568822211374
1568822211388
1568822211401
1568822211413
1568822211426
1568822211439
1568822211453
1568822211465
1568822211478
1568822211490
1568822211503
1568822211515
1568822211527
1568822211539
1568822211552
1568822211565
1568822211578
1568822211591
1568822211604
1568822211616
1568822211629
1568822211641
1568822211655
1568822211668
1568822211679
1568822211691
1568822211704
1568822211716
1568822211729
1568822211742
1568822211756
1568822211768
1568822211781
1568822211795
1568822211807
1568822211821
1568822211833
1568822211846
1568822211858
1568822211871
1568822211882
1568822211897
1568822211908
1568822211921
1568822211934
1568822211947
1568822211960
1568822211973
1568822211986
1568822211999
1568822212012
1568822212025
1568822212038
1568822212052
1568822212065
1568822212079
1568822212091
1568822212104
1568822212117
1568822212131
1568822212144
1568822212157
1568822212170
1568822212184
1568822212197
1568822212211
1568822212224
1568822212237
1568822212250
1568822212263
1568822212276
1568822212289
1568822212302
1568822212316
1568822212329
1568822212342
1568822212355
1568822212369
1568822212383
1568822212396
1568822212409
1568822212422
1568822212434
1568822212447
1568822212460
1568822212473
1568822212485
1568822212498
1568822212512
1568822212526
1568822212539
1568822212552
1568822212565
1568822212578
1568822212590
1568822212603
1568822212616
1568822212628
1568822212640
1568822212652
1568822212664
1568822212677
1568822212690
1568822212703
1568822212715
1568822212727
1568822212739
1568822212751
1568822212763
1568822212775
1568822212788
1568822212800
1568822212812
1568822212825
1568822212837
1568822212848
1568822212860
1568822212873
