1568822214169
1568822214182
1568822214196
1568822214208
1568822214220
1568822214233
1568822214245
1568822214258
1568822214271
1568822214284
1568822214296
1568822214309
1568822214321
1568822214334
1568822214346
1568822214358
1568822214370
1568822214382
1568822214394
1568822214406
1568822214418
1568822214430
1568822214441
1568822214453
1568822214466
1568822214481
1568822214493
1568822214505
1568822214517
1568822214530
1568822214541
1568822214553
1568822214565
1568822214578
1568822214590
1568822214602
1568822214614
1568822214626
1568822214638
1568822214651
1568822214664
1568822214676
1568822214688
1568822214701
1568822214712
1568822214724
1568822214736
1568822214748
1568822214761
1568822214774
1568822214786
1568822214799
1568822214810
1568822214822
1568822214834
1568822214847
1568822214859
1568822214873
1568822214885
1568822214898
1568822214912
1568822214925
1568822214938
1568822214951
1568822214962
1568822214973
1568822214986
1568822214998
1568822215012
1568822215024
1568822215036
1568822215049
1568822215063
1568822215076
1568822215088
1568822215101
1568822215115
1568822215127
1568822215139
1568822215153
1568822215166
1568822215179
1568822215191
1568822215203
1568822215218
1568822215232
1568822215245
1568822215260
1568822215272
1568822215285
1568822215298
1568822215312
1568822215325
1568822215339
1568822215351
1568822215364
1568822215377
1568822215390
1568822215404
1568822215416
1568822215428
1568822215441
1568822215453
1568822215466
1568822215479
1568822215493
1568822215506
1568822215519
1568822215532
1568822215546
1568822215558
1568822215571
1568822215585
1568822215598
1568822215611
1568822215623
1568822215636
1568822215649
1568822215662
1568822215675
1568822215688
1568822215702
1568822215715
1568822215729
1568822215742
1568822215755
1568822215768
1568822215781
1568822215793
1568822215805
1568822215817
1568822215828
1568822215841
1568822215854
1568822215867
1568822215879
1568822215892
1568822215905
1568822215917
1568822215930
1568822215943
1568822215955
1568822215968
1568822215980
1568822215993
1568822216006
1568822216019
1568822216031
1568822216044
1568822216056
