1568822220597
1568822220609
1568822220623
1568822220635
1568822220647
1568822220659
1568822220671
1568822220684
1568822220696
1568822220708
1568822220720
1568822220733
1568822220745
1568822220757
1568822220769
1568822220782
1568822220794
1568822220806
1568822220817
1568822220829
1568822220841
1568822220853
1568822220866
1568822220880
1568822220893
1568822220907
1568822220922
1568822220935
1568822220946
1568822220959
1568822220972
1568822220984
1568822220997
1568822221009
1568822221020
1568822221032
1568822221045
1568822221059
1568822221072
1568822221084
1568822221097
1568822221110
1568822221123
1568822221135
1568822221148
1568822221161
1568822221173
1568822221184
1568822221197
1568822221211
1568822221224
1568822221237
1568822221250
1568822221263
1568822221276
1568822221289
1568822221302
1568822221315
1568822221329
1568822221342
1568822221355
1568822221369
1568822221381
1568822221395
1568822221407
1568822221420
1568822221433
1568822221445
1568822221458
1568822221471
1568822221484
1568822221497
1568822221510
1568822221524
1568822221538
1568822221551
1568822221564
1568822221577
1568822221590
1568822221603
1568822221617
1568822221629
1568822221642
1568822221655
1568822221668
1568822221682
1568822221695
1568822221708
1568822221721
1568822221734
1568822221749
1568822221763
1568822221775
1568822221788
1568822221801
1568822221814
1568822221828
1568822221841
1568822221855
1568822221868
1568822221881
1568822221894
1568822221908
1568822221921
1568822221934
1568822221947
1568822221960
1568822221973
1568822221986
1568822222000
1568822222013
1568822222026
1568822222039
1568822222052
1568822222065
1568822222080
1568822222093
1568822222107
1568822222121
1568822222135
1568822222149
1568822222164
1568822222177
1568822222190
1568822222202
1568822222215
1568822222230
1568822222243
1568822222257
1568822222271
1568822222284
1568822222298
1568822222312
1568822222325
1568822222337
1568822222349
1568822222362
1568822222375
1568822222387
1568822222400
1568822222413
1568822222425
1568822222438
1568822222450
1568822222462
1568822222474
1568822222487
1568822222501
1568822222513
1568822222525
