1568822217395
1568822217408
1568822217421
1568822217433
1568822217445
1568822217457
1568822217469
1568822217482
1568822217494
1568822217507
1568822217519
1568822217531
1568822217544
1568822217557
1568822217569
1568822217581
1568822217593
1568822217605
1568822217617
1568822217629
1568822217641
1568822217654
1568822217666
1568822217678
1568822217690
1568822217704
1568822217716
1568822217729
1568822217742
1568822217754
1568822217766
1568822217778
1568822217790
1568822217802
1568822217814
1568822217827
1568822217839
1568822217852
1568822217865
1568822217877
1568822217888
1568822217901
1568822217913
1568822217925
1568822217938
1568822217951
1568822217964
1568822217977
1568822217989
1568822218003
1568822218016
1568822218028
1568822218040
1568822218052
1568822218065
1568822218078
1568822218090
1568822218102
1568822218114
1568822218126
1568822218138
1568822218151
1568822218164
1568822218176
1568822218189
1568822218202
1568822218214
1568822218227
1568822218238
1568822218250
1568822218262
1568822218274
1568822218287
1568822218300
1568822218313
1568822218326
1568822218337
1568822218349
1568822218362
1568822218374
1568822218387
1568822218400
1568822218414
1568822218427
1568822218440
1568822218453
1568822218467
1568822218480
1568822218493
1568822218506
1568822218519
1568822218532
1568822218545
1568822218558
1568822218571
1568822218584
1568822218598
1568822218612
1568822218625
1568822218638
1568822218652
1568822218665
1568822218677
1568822218690
1568822218703
1568822218716
1568822218730
1568822218743
1568822218756
1568822218771
1568822218785
1568822218798
1568822218811
1568822218823
1568822218837
1568822218851
1568822218863
1568822218875
1568822218888
1568822218901
1568822218914
1568822218928
1568822218941
1568822218954
1568822218967
1568822218980
1568822218993
1568822219006
1568822219019
1568822219031
1568822219044
1568822219057
1568822219071
1568822219084
1568822219096
1568822219108
1568822219120
1568822219133
1568822219145
1568822219157
1568822219169
1568822219182
1568822219194
1568822219207
1568822219219
1568822219232
1568822219244
1568822219257
1568822219270
1568822219283
