1570551624933
1570551624946
1570551624961
1570551624975
1570551624988
1570551625001
1570551625014
1570551625026
1570551625039
1570551625051
1570551625064
1570551625077
1570551625091
1570551625104
1570551625116
1570551625129
1570551625141
1570551625155
1570551625168
1570551625181
1570551625194
1570551625207
1570551625219
1570551625232
1570551625245
1570551625260
1570551625274
1570551625287
1570551625299
1570551625312
1570551625326
1570551625339
1570551625351
1570551625364
1570551625377
1570551625390
1570551625404
1570551625418
1570551625431
1570551625444
1570551625457
1570551625470
1570551625482
1570551625495
1570551625508
1570551625521
1570551625532
1570551625544
1570551625556
1570551625569
1570551625581
1570551625595
1570551625608
1570551625620
1570551625634
1570551625647
1570551625660
1570551625673
1570551625684
1570551625696
1570551625709
1570551625722
1570551625734
1570551625747
1570551625759
1570551625772
1570551625785
1570551625798
1570551625810
1570551625823
1570551625835
1570551625847
1570551625861
1570551625874
1570551625886
1570551625900
1570551625913
1570551625926
1570551625938
1570551625951
1570551625963
1570551625976
1570551625990
1570551626003
1570551626016
1570551626030
1570551626044
1570551626058
1570551626073
1570551626087
1570551626101
1570551626115
1570551626128
1570551626142
1570551626155
1570551626169
1570551626184
1570551626198
1570551626212
1570551626225
1570551626239
1570551626253
1570551626267
1570551626282
1570551626295
1570551626308
1570551626320
1570551626334
1570551626348
1570551626362
1570551626376
1570551626390
1570551626403
1570551626417
1570551626430
1570551626444
1570551626458
1570551626471
1570551626484
1570551626498
1570551626512
1570551626526
1570551626539
1570551626552
1570551626565
1570551626579
1570551626592
1570551626606
1570551626619
1570551626633
1570551626647
1570551626660
1570551626674
1570551626689
1570551626703
1570551626717
1570551626731
1570551626744
1570551626758
1570551626771
1570551626785
1570551626799
1570551626813
1570551626826
1570551626840
1570551626854
1570551626868
1570551626882
1570551626896
1570551626910
