1570551615339
1570551615351
1570551615366
1570551615379
1570551615391
1570551615403
1570551615415
1570551615427
1570551615439
1570551615450
1570551615462
1570551615475
1570551615487
1570551615500
1570551615513
1570551615526
1570551615539
1570551615552
1570551615565
1570551615578
1570551615590
1570551615603
1570551615615
1570551615627
1570551615639
1570551615653
1570551615666
1570551615680
1570551615693
1570551615706
1570551615720
1570551615732
1570551615745
1570551615759
1570551615772
1570551615785
1570551615797
1570551615810
1570551615821
1570551615834
1570551615847
1570551615860
1570551615872
1570551615884
1570551615896
1570551615909
1570551615920
1570551615933
1570551615946
1570551615960
1570551615973
1570551615986
1570551615998
1570551616010
1570551616022
1570551616035
1570551616048
1570551616061
1570551616073
1570551616086
1570551616098
1570551616111
1570551616123
1570551616136
1570551616148
1570551616160
1570551616173
1570551616185
1570551616196
1570551616209
1570551616222
1570551616235
1570551616247
1570551616260
1570551616273
1570551616286
1570551616299
1570551616313
1570551616325
1570551616338
1570551616350
1570551616363
1570551616376
1570551616388
1570551616400
1570551616414
1570551616426
1570551616439
1570551616452
1570551616466
1570551616479
1570551616492
1570551616505
1570551616518
1570551616531
1570551616544
1570551616557
1570551616571
1570551616585
1570551616598
1570551616611
1570551616624
1570551616636
1570551616649
1570551616663
1570551616677
1570551616691
1570551616704
1570551616718
1570551616733
1570551616747
1570551616761
1570551616774
1570551616788
1570551616801
1570551616816
1570551616829
1570551616843
1570551616856
1570551616869
1570551616883
1570551616898
1570551616911
1570551616925
1570551616938
1570551616952
1570551616965
1570551616979
1570551616992
1570551617005
1570551617019
1570551617033
1570551617046
1570551617060
1570551617074
1570551617087
1570551617100
1570551617114
1570551617128
1570551617141
1570551617154
1570551617167
1570551617180
1570551617193
1570551617207
1570551617221
1570551617234
1570551617246
1570551617259
1570551617271
