1570551623334
1570551623347
1570551623362
1570551623375
1570551623388
1570551623401
1570551623414
1570551623427
1570551623440
1570551623454
1570551623467
1570551623480
1570551623493
1570551623507
1570551623520
1570551623534
1570551623546
1570551623559
1570551623572
1570551623585
1570551623598
1570551623612
1570551623625
1570551623638
1570551623650
1570551623664
1570551623677
1570551623690
1570551623704
1570551623718
1570551623730
1570551623742
1570551623754
1570551623768
1570551623781
1570551623794
1570551623807
1570551623820
1570551623833
1570551623846
1570551623859
1570551623873
1570551623886
1570551623898
1570551623911
1570551623924
1570551623937
1570551623949
1570551623963
1570551623977
1570551623990
1570551624004
1570551624017
1570551624031
1570551624044
1570551624058
1570551624071
1570551624085
1570551624098
1570551624111
1570551624123
1570551624137
1570551624150
1570551624163
1570551624175
1570551624188
1570551624202
1570551624215
1570551624228
1570551624241
1570551624254
1570551624266
1570551624280
1570551624294
1570551624310
1570551624323
1570551624336
1570551624349
1570551624363
1570551624376
1570551624390
1570551624404
1570551624418
1570551624431
1570551624444
1570551624458
1570551624471
1570551624485
1570551624499
1570551624513
1570551624526
1570551624540
1570551624553
1570551624566
1570551624580
1570551624593
1570551624607
1570551624621
1570551624634
1570551624648
1570551624662
1570551624676
1570551624689
1570551624703
1570551624716
1570551624729
1570551624741
1570551624754
1570551624767
1570551624782
1570551624795
1570551624809
1570551624822
1570551624835
1570551624849
1570551624862
1570551624875
1570551624888
1570551624900
1570551624913
1570551624926
1570551624939
1570551624951
1570551624966
1570551624979
1570551624992
1570551625005
1570551625018
1570551625031
1570551625044
1570551625056
1570551625069
1570551625083
1570551625096
1570551625109
1570551625122
1570551625135
1570551625148
1570551625161
1570551625175
1570551625188
1570551625202
1570551625214
1570551625227
1570551625240
1570551625255
1570551625269
1570551625283
1570551625295
1570551625309
