1570551584898
1570551584910
1570551584923
1570551584935
1570551584946
1570551584958
1570551584969
1570551584980
1570551584992
1570551585003
1570551585015
1570551585026
1570551585038
1570551585050
1570551585061
1570551585072
1570551585084
1570551585095
1570551585106
1570551585117
1570551585128
1570551585140
1570551585151
1570551585163
1570551585174
1570551585187
1570551585200
1570551585212
1570551585224
1570551585236
1570551585248
1570551585261
1570551585273
1570551585286
1570551585298
1570551585311
1570551585322
1570551585336
1570551585348
1570551585361
1570551585373
1570551585386
1570551585398
1570551585411
1570551585424
1570551585435
1570551585446
1570551585459
1570551585472
1570551585487
1570551585499
1570551585512
1570551585524
1570551585538
1570551585551
1570551585563
1570551585576
1570551585588
1570551585601
1570551585614
1570551585625
1570551585638
1570551585650
1570551585664
1570551585678
1570551585691
1570551585703
1570551585716
1570551585728
1570551585741
1570551585754
1570551585767
1570551585780
1570551585794
1570551585807
1570551585819
1570551585832
1570551585845
1570551585858
1570551585871
1570551585885
1570551585898
1570551585911
1570551585924
1570551585936
1570551585950
1570551585963
1570551585976
1570551585988
1570551586001
1570551586014
1570551586027
1570551586040
1570551586051
1570551586064
1570551586078
1570551586091
1570551586104
1570551586117
1570551586130
1570551586143
1570551586156
1570551586169
1570551586182
1570551586195
1570551586207
1570551586220
1570551586233
1570551586246
1570551586260
1570551586274
1570551586287
1570551586301
1570551586314
1570551586327
1570551586340
1570551586353
1570551586366
1570551586379
1570551586392
1570551586406
1570551586419
1570551586433
1570551586446
1570551586459
1570551586472
1570551586485
1570551586498
1570551586510
1570551586522
1570551586535
1570551586547
1570551586560
1570551586573
1570551586585
1570551586597
1570551586611
1570551586623
1570551586636
1570551586649
1570551586661
1570551586673
1570551586686
1570551586698
1570551586711
1570551586724
1570551586736
1570551586749
1570551586761
1570551586774
