1570551601025
1570551601037
1570551601051
1570551601063
1570551601075
1570551601088
1570551601100
1570551601112
1570551601124
1570551601136
1570551601149
1570551601161
1570551601173
1570551601186
1570551601198
1570551601210
1570551601222
1570551601234
1570551601246
1570551601258
1570551601270
1570551601282
1570551601293
1570551601305
1570551601317
1570551601329
1570551601341
1570551601354
1570551601367
1570551601380
1570551601393
1570551601405
1570551601418
1570551601431
1570551601444
1570551601457
1570551601470
1570551601483
1570551601496
1570551601509
1570551601522
1570551601535
1570551601547
1570551601559
1570551601572
1570551601585
1570551601597
1570551601610
1570551601623
1570551601636
1570551601649
1570551601663
1570551601676
1570551601689
1570551601703
1570551601717
1570551601730
1570551601743
1570551601756
1570551601769
1570551601782
1570551601798
1570551601811
1570551601824
1570551601838
1570551601851
1570551601864
1570551601878
1570551601891
1570551601904
1570551601917
1570551601930
1570551601944
1570551601957
1570551601970
1570551601984
1570551601998
1570551602011
1570551602023
1570551602036
1570551602049
1570551602062
1570551602075
1570551602087
1570551602100
1570551602113
1570551602127
1570551602140
1570551602153
1570551602166
1570551602179
1570551602192
1570551602204
1570551602216
1570551602229
1570551602242
1570551602254
1570551602267
1570551602280
1570551602293
1570551602306
1570551602319
1570551602332
1570551602344
1570551602357
1570551602370
1570551602383
1570551602396
1570551602409
1570551602423
1570551602437
1570551602451
1570551602464
1570551602477
1570551602490
1570551602502
1570551602515
1570551602529
1570551602541
1570551602554
1570551602567
1570551602581
1570551602594
1570551602608
1570551602621
1570551602634
1570551602647
1570551602660
1570551602672
1570551602684
1570551602696
1570551602709
1570551602721
1570551602734
1570551602746
1570551602758
1570551602771
1570551602783
1570551602795
1570551602807
1570551602820
1570551602832
1570551602844
1570551602857
1570551602870
1570551602883
1570551602895
1570551602908
1570551602921
1570551602934
