1570551632953
1570551632965
1570551632980
1570551632993
1570551633006
1570551633018
1570551633031
1570551633044
1570551633056
1570551633069
1570551633082
1570551633094
1570551633108
1570551633121
1570551633133
1570551633147
1570551633159
1570551633172
1570551633185
1570551633198
1570551633211
1570551633225
1570551633237
1570551633250
1570551633263
1570551633277
1570551633290
1570551633303
1570551633315
1570551633327
1570551633340
1570551633352
1570551633364
1570551633378
1570551633391
1570551633403
1570551633416
1570551633430
1570551633443
1570551633455
1570551633467
1570551633479
1570551633492
1570551633506
1570551633518
1570551633531
1570551633544
1570551633556
1570551633569
1570551633583
1570551633596
1570551633609
1570551633621
1570551633634
1570551633647
1570551633660
1570551633672
1570551633685
1570551633696
1570551633708
1570551633721
1570551633735
1570551633748
1570551633761
1570551633773
1570551633786
1570551633799
1570551633812
1570551633825
1570551633838
1570551633851
1570551633864
1570551633877
1570551633890
1570551633903
1570551633917
1570551633932
1570551633945
1570551633957
1570551633970
1570551633983
1570551633996
1570551634009
1570551634021
1570551634035
1570551634049
1570551634062
1570551634075
1570551634088
1570551634101
1570551634115
1570551634129
1570551634142
1570551634156
1570551634169
1570551634183
1570551634196
1570551634209
1570551634223
1570551634237
1570551634250
1570551634264
1570551634277
1570551634291
1570551634304
1570551634317
1570551634331
1570551634345
1570551634358
1570551634373
1570551634386
1570551634400
1570551634413
1570551634426
1570551634438
1570551634452
1570551634465
1570551634479
1570551634492
1570551634506
1570551634519
1570551634533
1570551634546
1570551634560
1570551634573
1570551634586
1570551634599
1570551634612
1570551634624
1570551634636
1570551634649
1570551634662
1570551634675
1570551634688
1570551634701
1570551634713
1570551634725
1570551634739
1570551634752
1570551634766
1570551634779
1570551634791
1570551634804
1570551634817
1570551634831
1570551634844
1570551634855
1570551634868
1570551634881
1570551634893
