1570551580133
1570551580144
1570551580158
1570551580170
1570551580181
1570551580194
1570551580206
1570551580216
1570551580228
1570551580240
1570551580252
1570551580263
1570551580275
1570551580287
1570551580299
1570551580311
1570551580323
1570551580334
1570551580346
1570551580358
1570551580369
1570551580380
1570551580392
1570551580404
1570551580416
1570551580428
1570551580439
1570551580452
1570551580463
1570551580474
1570551580485
1570551580497
1570551580509
1570551580520
1570551580531
1570551580544
1570551580556
1570551580568
1570551580579
1570551580591
1570551580603
1570551580616
1570551580628
1570551580639
1570551580650
1570551580663
1570551580674
1570551580686
1570551580698
1570551580710
1570551580722
1570551580734
1570551580746
1570551580759
1570551580770
1570551580781
1570551580793
1570551580805
1570551580816
1570551580828
1570551580840
1570551580853
1570551580865
1570551580876
1570551580887
1570551580899
1570551580910
1570551580922
1570551580933
1570551580945
1570551580957
1570551580967
1570551580979
1570551580992
1570551581004
1570551581016
1570551581028
1570551581039
1570551581051
1570551581063
1570551581075
1570551581087
1570551581098
1570551581110
1570551581122
1570551581136
1570551581149
1570551581162
1570551581174
1570551581188
1570551581201
1570551581214
1570551581226
1570551581239
1570551581251
1570551581264
1570551581277
1570551581289
1570551581302
1570551581315
1570551581328
1570551581341
1570551581354
1570551581366
1570551581379
1570551581392
1570551581406
1570551581418
1570551581432
1570551581445
1570551581459
1570551581472
1570551581485
1570551581498
1570551581511
1570551581524
1570551581536
1570551581550
1570551581563
1570551581576
1570551581589
1570551581602
1570551581616
1570551581629
1570551581642
1570551581655
1570551581669
1570551581682
1570551581694
1570551581708
1570551581720
1570551581732
1570551581744
1570551581757
1570551581768
1570551581781
1570551581793
1570551581804
1570551581816
1570551581827
1570551581839
1570551581851
1570551581863
1570551581875
1570551581887
1570551581899
1570551581911
1570551581923
1570551581935
1570551581946
