1570551597853
1570551597866
1570551597878
1570551597891
1570551597903
1570551597914
1570551597926
1570551597938
1570551597949
1570551597962
1570551597973
1570551597985
1570551597997
1570551598009
1570551598021
1570551598033
1570551598044
1570551598056
1570551598068
1570551598079
1570551598091
1570551598102
1570551598113
1570551598128
1570551598140
1570551598153
1570551598166
1570551598179
1570551598191
1570551598203
1570551598216
1570551598228
1570551598241
1570551598254
1570551598266
1570551598279
1570551598292
1570551598305
1570551598318
1570551598330
1570551598342
1570551598354
1570551598366
1570551598379
1570551598392
1570551598404
1570551598416
1570551598428
1570551598441
1570551598454
1570551598467
1570551598480
1570551598492
1570551598504
1570551598516
1570551598529
1570551598541
1570551598552
1570551598564
1570551598577
1570551598590
1570551598603
1570551598616
1570551598629
1570551598642
1570551598654
1570551598667
1570551598680
1570551598693
1570551598705
1570551598716
1570551598729
1570551598741
1570551598754
1570551598766
1570551598779
1570551598792
1570551598805
1570551598819
1570551598832
1570551598844
1570551598857
1570551598870
1570551598883
1570551598895
1570551598909
1570551598921
1570551598933
1570551598946
1570551598958
1570551598971
1570551598985
1570551598998
1570551599011
1570551599024
1570551599037
1570551599050
1570551599064
1570551599077
1570551599090
1570551599102
1570551599115
1570551599128
1570551599141
1570551599153
1570551599166
1570551599179
1570551599192
1570551599205
1570551599218
1570551599232
1570551599245
1570551599258
1570551599271
1570551599284
1570551599296
1570551599308
1570551599320
1570551599333
1570551599346
1570551599359
1570551599372
1570551599385
1570551599398
1570551599411
1570551599424
1570551599436
1570551599448
1570551599460
1570551599472
1570551599484
1570551599496
1570551599509
1570551599522
1570551599534
1570551599546
1570551599558
1570551599570
1570551599582
1570551599594
1570551599606
1570551599619
1570551599631
1570551599643
1570551599655
1570551599668
1570551599680
1570551599691
1570551599703
1570551599715
