1568734973855
1568734973868
1568734973882
1568734973896
1568734973909
1568734973922
1568734973935
1568734973948
1568734973961
1568734973975
1568734973988
1568734974001
1568734974015
1568734974029
1568734974042
1568734974055
1568734974068
1568734974082
1568734974095
1568734974109
1568734974122
1568734974136
1568734974148
1568734974161
1568734974174
1568734974187
1568734974201
1568734974215
1568734974229
1568734974243
1568734974256
1568734974270
1568734974285
1568734974299
1568734974312
1568734974326
1568734974339
1568734974355
1568734974369
1568734974383
1568734974396
1568734974409
1568734974424
1568734974439
1568734974452
1568734974465
1568734974478
1568734974491
1568734974504
1568734974519
1568734974531
1568734974545
1568734974561
1568734974579
1568734974594
1568734974609
1568734974624
1568734974639
1568734974653
1568734974667
1568734974681
1568734974698
1568734974713
1568734974728
1568734974741
1568734974754
1568734974767
1568734974781
1568734974794
1568734974808
1568734974822
1568734974836
1568734974850
1568734974865
1568734974881
1568734974896
1568734974910
1568734974923
1568734974937
1568734974951
1568734974964
1568734974978
1568734974991
1568734975005
1568734975021
1568734975037
1568734975051
1568734975064
1568734975078
1568734975093
1568734975108
1568734975122
1568734975136
1568734975150
1568734975163
1568734975176
1568734975189
1568734975204
1568734975218
1568734975234
1568734975247
1568734975261
1568734975274
1568734975289
1568734975303
1568734975317
1568734975331
1568734975345
1568734975361
1568734975376
1568734975390
1568734975404
1568734975418
1568734975432
1568734975446
1568734975460
1568734975474
1568734975489
1568734975502
1568734975515
1568734975529
1568734975544
1568734975559
1568734975575
1568734975589
1568734975602
1568734975616
1568734975632
1568734975647
1568734975661
1568734975675
1568734975688
1568734975704
1568734975720
1568734975735
1568734975750
1568734975764
1568734975779
1568734975793
1568734975808
1568734975822
1568734975836
1568734975849
1568734975861
1568734975875
1568734975888
1568734975901
1568734975913
1568734975927
1568734975940
