1568734987106
1568734987122
1568734987135
1568734987151
1568734987166
1568734987179
1568734987193
1568734987206
1568734987219
1568734987232
1568734987247
1568734987261
1568734987276
1568734987292
1568734987307
1568734987323
1568734987337
1568734987352
1568734987367
1568734987382
1568734987396
1568734987411
1568734987425
1568734987440
1568734987455
1568734987469
1568734987482
1568734987494
1568734987507
1568734987522
1568734987536
1568734987551
1568734987563
1568734987576
1568734987589
1568734987602
1568734987614
1568734987628
1568734987640
1568734987654
1568734987668
1568734987681
1568734987693
1568734987707
1568734987720
1568734987736
1568734987751
1568734987765
1568734987778
1568734987793
1568734987806
1568734987819
1568734987832
1568734987845
1568734987858
1568734987871
1568734987883
1568734987896
1568734987909
1568734987922
1568734987935
1568734987949
1568734987962
1568734987975
1568734987988
1568734988002
1568734988014
1568734988028
1568734988042
1568734988055
1568734988068
1568734988082
1568734988096
1568734988111
1568734988125
1568734988138
1568734988152
1568734988166
1568734988180
1568734988194
1568734988209
1568734988223
1568734988237
1568734988252
1568734988267
1568734988282
1568734988296
1568734988311
1568734988327
1568734988342
1568734988356
1568734988371
1568734988387
1568734988401
1568734988415
1568734988429
1568734988445
1568734988461
1568734988476
1568734988491
1568734988504
1568734988518
1568734988532
1568734988547
1568734988562
1568734988579
1568734988593
1568734988607
1568734988621
1568734988636
1568734988652
1568734988667
1568734988681
1568734988696
1568734988710
1568734988726
1568734988741
1568734988756
1568734988769
1568734988784
1568734988799
1568734988814
1568734988828
1568734988843
1568734988857
1568734988870
1568734988883
1568734988897
1568734988911
1568734988925
1568734988938
1568734988953
1568734988967
1568734988983
1568734988997
1568734989010
1568734989023
1568734989039
1568734989055
1568734989070
1568734989085
1568734989098
1568734989111
1568734989124
1568734989136
1568734989150
1568734989162
1568734989176
1568734989189
1568734989203
