1568734995536
1568734995550
1568734995565
1568734995578
1568734995591
1568734995604
1568734995617
1568734995630
1568734995644
1568734995657
1568734995672
1568734995686
1568734995701
1568734995714
1568734995727
1568734995739
1568734995751
1568734995765
1568734995778
1568734995792
1568734995806
1568734995820
1568734995835
1568734995849
1568734995863
1568734995877
1568734995890
1568734995904
1568734995917
1568734995932
1568734995945
1568734995958
1568734995971
1568734995984
1568734996000
1568734996013
1568734996026
1568734996040
1568734996052
1568734996065
1568734996077
1568734996091
1568734996103
1568734996116
1568734996128
1568734996141
1568734996153
1568734996167
1568734996181
1568734996196
1568734996209
1568734996223
1568734996237
1568734996252
1568734996266
1568734996280
1568734996293
1568734996306
1568734996318
1568734996331
1568734996346
1568734996360
1568734996373
1568734996388
1568734996404
1568734996418
1568734996431
1568734996445
1568734996457
1568734996471
1568734996483
1568734996497
1568734996511
1568734996526
1568734996540
1568734996554
1568734996567
1568734996581
1568734996595
1568734996609
1568734996623
1568734996636
1568734996648
1568734996662
1568734996675
1568734996690
1568734996705
1568734996720
1568734996734
1568734996748
1568734996763
1568734996778
1568734996792
1568734996806
1568734996820
1568734996834
1568734996848
1568734996863
1568734996878
1568734996893
1568734996908
1568734996923
1568734996937
1568734996952
1568734996967
1568734996982
1568734996997
1568734997014
1568734997030
1568734997046
1568734997061
1568734997075
1568734997092
1568734997106
1568734997121
1568734997139
1568734997155
1568734997169
1568734997184
1568734997199
1568734997215
1568734997231
1568734997245
1568734997262
1568734997278
1568734997293
1568734997311
1568734997328
1568734997343
1568734997357
1568734997373
1568734997388
1568734997404
1568734997422
1568734997437
1568734997453
1568734997466
1568734997481
1568734997497
1568734997512
1568734997527
1568734997541
1568734997554
1568734997569
1568734997585
1568734997601
1568734997616
1568734997633
1568734997648
1568734997666
