1567792475245
1567792475257
1567792475271
1567792475282
1567792475293
1567792475305
1567792475316
1567792475328
1567792475339
1567792475350
1567792475362
1567792475373
1567792475385
1567792475398
1567792475410
1567792475422
1567792475434
1567792475446
1567792475458
1567792475470
1567792475482
1567792475495
1567792475506
1567792475517
1567792475530
1567792475543
1567792475555
1567792475568
1567792475580
1567792475592
1567792475604
1567792475616
1567792475628
1567792475640
1567792475652
1567792475664
1567792475675
1567792475688
1567792475700
1567792475713
1567792475725
1567792475738
1567792475751
1567792475763
1567792475775
1567792475787
1567792475800
1567792475813
1567792475826
1567792475839
1567792475851
1567792475864
1567792475876
1567792475890
1567792475903
1567792475916
1567792475928
1567792475941
1567792475955
1567792475968
1567792475980
1567792475993
1567792476006
1567792476017
1567792476030
1567792476042
1567792476055
1567792476068
1567792476080
1567792476092
1567792476103
1567792476115
1567792476128
1567792476141
1567792476153
1567792476166
1567792476179
1567792476192
1567792476204
1567792476216
1567792476229
1567792476242
1567792476254
1567792476266
1567792476279
1567792476292
1567792476305
1567792476318
1567792476331
1567792476343
1567792476356
1567792476368
1567792476381
1567792476395
1567792476408
1567792476421
1567792476433
1567792476446
1567792476459
1567792476472
1567792476485
1567792476497
1567792476510
1567792476523
1567792476535
1567792476548
1567792476561
1567792476574
1567792476587
1567792476600
1567792476613
1567792476626
1567792476640
1567792476653
1567792476665
1567792476679
1567792476692
1567792476704
1567792476716
1567792476729
1567792476743
1567792476756
1567792476769
1567792476782
1567792476794
1567792476806
1567792476818
1567792476831
1567792476843
1567792476855
1567792476867
1567792476880
1567792476892
1567792476905
1567792476918
1567792476930
1567792476943
1567792476956
1567792476968
1567792476980
1567792476992
1567792477003
1567792477015
1567792477027
1567792477039
1567792477052
1567792477064
1567792477077
1567792477089
1567792477100
