1567792465638
1567792465649
1567792465662
1567792465673
1567792465685
1567792465697
1567792465708
1567792465719
1567792465730
1567792465741
1567792465752
1567792465763
1567792465774
1567792465787
1567792465798
1567792465810
1567792465821
1567792465833
1567792465844
1567792465856
1567792465867
1567792465878
1567792465892
1567792465904
1567792465917
1567792465930
1567792465942
1567792465955
1567792465967
1567792465977
1567792465990
1567792466003
1567792466016
1567792466028
1567792466041
1567792466054
1567792466067
1567792466080
1567792466092
1567792466104
1567792466115
1567792466128
1567792466140
1567792466152
1567792466163
1567792466174
1567792466186
1567792466198
1567792466211
1567792466225
1567792466238
1567792466251
1567792466264
1567792466276
1567792466288
1567792466299
1567792466312
1567792466325
1567792466337
1567792466350
1567792466363
1567792466377
1567792466390
1567792466403
1567792466416
1567792466429
1567792466441
1567792466454
1567792466465
1567792466477
1567792466489
1567792466502
1567792466515
1567792466528
1567792466541
1567792466554
1567792466567
1567792466580
1567792466593
1567792466606
1567792466618
1567792466631
1567792466645
1567792466657
1567792466670
1567792466684
1567792466697
1567792466710
1567792466722
1567792466734
1567792466746
1567792466759
1567792466772
1567792466784
1567792466797
1567792466810
1567792466823
1567792466836
1567792466848
1567792466862
1567792466874
1567792466888
1567792466901
1567792466914
1567792466927
1567792466940
1567792466953
1567792466965
1567792466977
1567792466991
1567792467003
1567792467016
1567792467029
1567792467041
1567792467054
1567792467067
1567792467079
1567792467092
1567792467105
1567792467118
1567792467131
1567792467144
1567792467157
1567792467169
1567792467182
1567792467194
1567792467206
1567792467218
1567792467229
1567792467241
1567792467252
1567792467264
1567792467276
1567792467288
1567792467300
1567792467311
1567792467323
1567792467334
1567792467345
1567792467357
1567792467369
1567792467381
1567792467392
1567792467403
1567792467416
1567792467429
1567792467441
1567792467453
1567792467464
1567792467476
