1567792457473
1567792457486
1567792457499
1567792457510
1567792457522
1567792457534
1567792457545
1567792457557
1567792457568
1567792457579
1567792457591
1567792457602
1567792457614
1567792457627
1567792457638
1567792457650
1567792457662
1567792457674
1567792457686
1567792457698
1567792457710
1567792457720
1567792457733
1567792457746
1567792457759
1567792457772
1567792457785
1567792457797
1567792457809
1567792457820
1567792457832
1567792457843
1567792457855
1567792457866
1567792457877
1567792457890
1567792457901
1567792457914
1567792457926
1567792457938
1567792457950
1567792457962
1567792457974
1567792457984
1567792457997
1567792458008
1567792458020
1567792458032
1567792458044
1567792458056
1567792458069
1567792458082
1567792458094
1567792458106
1567792458119
1567792458130
1567792458141
1567792458153
1567792458165
1567792458177
1567792458188
1567792458201
1567792458213
1567792458227
1567792458239
1567792458251
1567792458263
1567792458274
1567792458286
1567792458298
1567792458311
1567792458323
1567792458336
1567792458350
1567792458362
1567792458375
1567792458386
1567792458398
1567792458410
1567792458422
1567792458435
1567792458449
1567792458461
1567792458474
1567792458487
1567792458500
1567792458513
1567792458526
1567792458540
1567792458553
1567792458566
1567792458579
1567792458591
1567792458604
1567792458616
1567792458628
1567792458641
1567792458655
1567792458667
1567792458680
1567792458693
1567792458706
1567792458718
1567792458731
1567792458744
1567792458757
1567792458770
1567792458782
1567792458796
1567792458810
1567792458823
1567792458836
1567792458849
1567792458862
1567792458875
1567792458888
1567792458901
1567792458913
1567792458926
1567792458938
1567792458950
1567792458964
1567792458977
1567792458990
1567792459002
1567792459015
1567792459028
1567792459041
1567792459055
1567792459069
1567792459082
1567792459095
1567792459109
1567792459125
1567792459140
1567792459157
1567792459169
1567792459181
1567792459192
1567792459204
1567792459216
1567792459227
1567792459241
1567792459253
1567792459265
1567792459277
1567792459289
1567792459301
1567792459313
1567792459325
