1567792433059
1567792433071
1567792433084
1567792433095
1567792433106
1567792433118
1567792433128
1567792433140
1567792433151
1567792433162
1567792433172
1567792433184
1567792433196
1567792433208
1567792433220
1567792433231
1567792433243
1567792433255
1567792433266
1567792433280
1567792433291
1567792433303
1567792433315
1567792433326
1567792433338
1567792433350
1567792433363
1567792433375
1567792433386
1567792433398
1567792433409
1567792433421
1567792433433
1567792433444
1567792433456
1567792433468
1567792433480
1567792433492
1567792433504
1567792433516
1567792433528
1567792433539
1567792433551
1567792433563
1567792433574
1567792433586
1567792433598
1567792433609
1567792433621
1567792433633
1567792433646
1567792433658
1567792433669
1567792433680
1567792433693
1567792433705
1567792433717
1567792433728
1567792433739
1567792433751
1567792433764
1567792433776
1567792433787
1567792433800
1567792433812
1567792433824
1567792433836
1567792433847
1567792433858
1567792433870
1567792433882
1567792433894
1567792433906
1567792433918
1567792433930
1567792433942
1567792433955
1567792433968
1567792433980
1567792433993
1567792434006
1567792434017
1567792434030
1567792434044
1567792434057
1567792434071
1567792434083
1567792434096
1567792434109
1567792434121
1567792434134
1567792434149
1567792434162
1567792434174
1567792434186
1567792434198
1567792434212
1567792434225
1567792434239
1567792434252
1567792434264
1567792434278
1567792434291
1567792434304
1567792434317
1567792434330
1567792434343
1567792434356
1567792434369
1567792434383
1567792434397
1567792434410
1567792434423
1567792434436
1567792434449
1567792434463
1567792434476
1567792434489
1567792434502
1567792434515
1567792434528
1567792434542
1567792434555
1567792434568
1567792434581
1567792434594
1567792434607
1567792434621
1567792434634
1567792434647
1567792434661
1567792434674
1567792434687
1567792434699
1567792434710
1567792434721
1567792434732
1567792434744
1567792434756
1567792434767
1567792434779
1567792434790
1567792434802
1567792434814
1567792434826
1567792434839
1567792434851
1567792434863
1567792434875
1567792434887
