1567792450845
1567792450859
1567792450872
1567792450884
1567792450895
1567792450907
1567792450918
1567792450930
1567792450941
1567792450953
1567792450964
1567792450976
1567792450987
1567792451000
1567792451012
1567792451023
1567792451034
1567792451048
1567792451060
1567792451072
1567792451083
1567792451094
1567792451107
1567792451119
1567792451131
1567792451145
1567792451157
1567792451168
1567792451180
1567792451192
1567792451204
1567792451217
1567792451227
1567792451239
1567792451252
1567792451264
1567792451277
1567792451290
1567792451303
1567792451315
1567792451327
1567792451338
1567792451350
1567792451363
1567792451375
1567792451386
1567792451397
1567792451410
1567792451422
1567792451435
1567792451447
1567792451460
1567792451472
1567792451483
1567792451495
1567792451507
1567792451519
1567792451530
1567792451543
1567792451555
1567792451568
1567792451581
1567792451593
1567792451605
1567792451617
1567792451629
1567792451641
1567792451653
1567792451666
1567792451678
1567792451690
1567792451701
1567792451713
1567792451726
1567792451738
1567792451751
1567792451763
1567792451776
1567792451786
1567792451798
1567792451811
1567792451823
1567792451836
1567792451848
1567792451861
1567792451874
1567792451886
1567792451898
1567792451910
1567792451923
1567792451935
1567792451947
1567792451960
1567792451972
1567792451984
1567792451996
1567792452009
1567792452023
1567792452036
1567792452049
1567792452062
1567792452075
1567792452088
1567792452100
1567792452113
1567792452126
1567792452139
1567792452152
1567792452165
1567792452179
1567792452192
1567792452206
1567792452219
1567792452231
1567792452245
1567792452258
1567792452270
1567792452283
1567792452296
1567792452309
1567792452323
1567792452336
1567792452349
1567792452363
1567792452376
1567792452388
1567792452401
1567792452414
1567792452428
1567792452441
1567792452453
1567792452466
1567792452479
1567792452492
1567792452504
1567792452516
1567792452528
1567792452540
1567792452551
1567792452563
1567792452575
1567792452587
1567792452599
1567792452611
1567792452623
1567792452636
1567792452648
1567792452660
1567792452671
1567792452683
