1568130951356
1568130951369
1568130951384
1568130951399
1568130951412
1568130951427
1568130951442
1568130951456
1568130951469
1568130951481
1568130951495
1568130951508
1568130951521
1568130951535
1568130951549
1568130951562
1568130951576
1568130951591
1568130951604
1568130951618
1568130951632
1568130951646
1568130951660
1568130951673
1568130951688
1568130951702
1568130951717
1568130951732
1568130951750
1568130951764
1568130951777
1568130951790
1568130951804
1568130951819
1568130951834
1568130951849
1568130951863
1568130951877
1568130951892
1568130951905
1568130951919
1568130951935
1568130951950
1568130951964
1568130951978
1568130951992
1568130952004
1568130952018
1568130952031
1568130952047
1568130952062
1568130952076
1568130952090
1568130952103
1568130952116
1568130952130
1568130952143
1568130952155
1568130952168
1568130952181
1568130952196
1568130952212
1568130952226
1568130952239
1568130952252
1568130952265
1568130952277
1568130952290
1568130952303
1568130952317
1568130952331
1568130952344
1568130952357
1568130952371
1568130952385
1568130952398
1568130952411
1568130952424
1568130952438
1568130952451
1568130952464
1568130952478
1568130952491
1568130952504
1568130952517
1568130952531
1568130952545
1568130952559
1568130952572
1568130952585
1568130952599
1568130952613
1568130952628
1568130952643
1568130952656
1568130952671
1568130952684
1568130952699
1568130952713
1568130952727
1568130952741
1568130952755
1568130952769
1568130952784
1568130952798
1568130952812
1568130952826
1568130952842
1568130952857
1568130952871
1568130952885
1568130952900
1568130952914
1568130952928
1568130952943
1568130952957
1568130952971
1568130952986
1568130953000
1568130953014
1568130953028
1568130953043
1568130953057
1568130953071
1568130953085
1568130953099
1568130953113
1568130953128
1568130953143
1568130953158
1568130953172
1568130953186
1568130953200
1568130953214
1568130953227
1568130953243
1568130953258
1568130953272
1568130953285
1568130953298
1568130953311
1568130953325
1568130953339
1568130953352
1568130953365
1568130953378
1568130953391
1568130953405
1568130953418
1568130953432
