1568130920907
1568130920923
1568130920939
1568130920952
1568130920964
1568130920978
1568130920991
1568130921005
1568130921018
1568130921032
1568130921046
1568130921061
1568130921075
1568130921090
1568130921103
1568130921118
1568130921132
1568130921147
1568130921160
1568130921174
1568130921188
1568130921202
1568130921216
1568130921230
1568130921245
1568130921261
1568130921276
1568130921291
1568130921305
1568130921320
1568130921336
1568130921350
1568130921363
1568130921376
1568130921389
1568130921403
1568130921416
1568130921430
1568130921444
1568130921458
1568130921472
1568130921486
1568130921499
1568130921512
1568130921527
1568130921541
1568130921555
1568130921570
1568130921585
1568130921601
1568130921615
1568130921629
1568130921644
1568130921660
1568130921675
1568130921688
1568130921702
1568130921715
1568130921728
1568130921741
1568130921754
1568130921768
1568130921784
1568130921799
1568130921812
1568130921826
1568130921839
1568130921853
1568130921866
1568130921881
1568130921895
1568130921909
1568130921922
1568130921936
1568130921950
1568130921965
1568130921980
1568130921994
1568130922007
1568130922020
1568130922034
1568130922047
1568130922061
1568130922076
1568130922090
1568130922105
1568130922121
1568130922136
1568130922150
1568130922163
1568130922179
1568130922194
1568130922208
1568130922222
1568130922236
1568130922250
1568130922263
1568130922280
1568130922295
1568130922311
1568130922325
1568130922340
1568130922356
1568130922370
1568130922384
1568130922399
1568130922413
1568130922427
1568130922441
1568130922458
1568130922472
1568130922487
1568130922501
1568130922516
1568130922531
1568130922546
1568130922561
1568130922577
1568130922591
1568130922604
1568130922618
1568130922633
1568130922646
1568130922660
1568130922674
1568130922688
1568130922701
1568130922716
1568130922729
1568130922742
1568130922757
1568130922771
1568130922786
1568130922802
1568130922817
1568130922832
1568130922846
1568130922860
1568130922873
1568130922886
1568130922900
1568130922914
1568130922927
1568130922940
1568130922952
1568130922968
1568130922981
1568130922996
1568130923010
1568130923025
