1568130902267
1568130902281
1568130902296
1568130902309
1568130902323
1568130902337
1568130902351
1568130902365
1568130902378
1568130902392
1568130902414
1568130902428
1568130902441
1568130902455
1568130902476
1568130902490
1568130902509
1568130902524
1568130902536
1568130902550
1568130902563
1568130902575
1568130902588
1568130902601
1568130902614
1568130902627
1568130902640
1568130902654
1568130902668
1568130902681
1568130902696
1568130902710
1568130902723
1568130902736
1568130902749
1568130902762
1568130902775
1568130902789
1568130902803
1568130902817
1568130902829
1568130902842
1568130902856
1568130902868
1568130902880
1568130902894
1568130902907
1568130902920
1568130902933
1568130902948
1568130902962
1568130902975
1568130902988
1568130903002
1568130903015
1568130903029
1568130903042
1568130903056
1568130903069
1568130903082
1568130903095
1568130903110
1568130903125
1568130903140
1568130903153
1568130903167
1568130903180
1568130903194
1568130903207
1568130903221
1568130903235
1568130903250
1568130903264
1568130903278
1568130903292
1568130903318
1568130903332
1568130903345
1568130903359
1568130903373
1568130903387
1568130903401
1568130903414
1568130903428
1568130903441
1568130903455
1568130903469
1568130903483
1568130903497
1568130903512
1568130903526
1568130903540
1568130903563
1568130903576
1568130903590
1568130903604
1568130903617
1568130903632
1568130903646
1568130903660
1568130903674
1568130903688
1568130903703
1568130903717
1568130903730
1568130903745
1568130903759
1568130903773
1568130903787
1568130903802
1568130903815
1568130903828
1568130903842
1568130903855
1568130903868
1568130903882
1568130903894
1568130903907
1568130903920
1568130903934
1568130903948
1568130903962
1568130903975
1568130903988
1568130904001
1568130904022
1568130904035
1568130904048
1568130904062
1568130904075
1568130904091
1568130904106
1568130904122
1568130904137
1568130904152
1568130904166
1568130904181
1568130904194
1568130904207
1568130904221
1568130904234
1568130904248
1568130904262
1568130904276
1568130904289
1568130904303
1568130904315
1568130904329
1568130904343
1568130904357
