1568130939537
1568130939551
1568130939566
1568130939580
1568130939594
1568130939607
1568130939621
1568130939635
1568130939649
1568130939664
1568130939677
1568130939691
1568130939706
1568130939720
1568130939734
1568130939748
1568130939762
1568130939777
1568130939791
1568130939805
1568130939819
1568130939833
1568130939847
1568130939862
1568130939876
1568130939892
1568130939905
1568130939918
1568130939930
1568130939945
1568130939958
1568130939973
1568130939985
1568130939998
1568130940010
1568130940023
1568130940038
1568130940053
1568130940066
1568130940081
1568130940096
1568130940110
1568130940124
1568130940138
1568130940150
1568130940163
1568130940178
1568130940193
1568130940207
1568130940222
1568130940234
1568130940248
1568130940262
1568130940275
1568130940290
1568130940305
1568130940319
1568130940334
1568130940349
1568130940364
1568130940380
1568130940396
1568130940410
1568130940425
1568130940438
1568130940451
1568130940465
1568130940482
1568130940496
1568130940511
1568130940524
1568130940537
1568130940551
1568130940566
1568130940579
1568130940593
1568130940609
1568130940624
1568130940637
1568130940651
1568130940666
1568130940680
1568130940694
1568130940710
1568130940725
1568130940740
1568130940756
1568130940771
1568130940786
1568130940800
1568130940816
1568130940830
1568130940845
1568130940862
1568130940877
1568130940891
1568130940905
1568130940921
1568130940937
1568130940952
1568130940966
1568130940981
1568130940995
1568130941011
1568130941026
1568130941040
1568130941054
1568130941067
1568130941081
1568130941096
1568130941110
1568130941125
1568130941138
1568130941152
1568130941167
1568130941180
1568130941194
1568130941208
1568130941222
1568130941236
1568130941250
1568130941265
1568130941279
1568130941294
1568130941307
1568130941320
1568130941334
1568130941347
1568130941361
1568130941375
1568130941389
1568130941403
1568130941417
1568130941434
1568130941449
1568130941464
1568130941479
1568130941494
1568130941508
1568130941522
1568130941536
1568130941551
1568130941565
1568130941580
1568130941595
1568130941609
1568130941623
1568130941638
1568130941652
1568130941666
