1568130936167
1568130936181
1568130936197
1568130936212
1568130936226
1568130936240
1568130936254
1568130936268
1568130936283
1568130936298
1568130936312
1568130936325
1568130936338
1568130936353
1568130936366
1568130936380
1568130936395
1568130936409
1568130936422
1568130936435
1568130936447
1568130936460
1568130936474
1568130936488
1568130936502
1568130936517
1568130936531
1568130936544
1568130936559
1568130936573
1568130936588
1568130936602
1568130936616
1568130936631
1568130936645
1568130936660
1568130936673
1568130936689
1568130936703
1568130936716
1568130936729
1568130936745
1568130936759
1568130936774
1568130936789
1568130936802
1568130936816
1568130936828
1568130936841
1568130936855
1568130936867
1568130936881
1568130936893
1568130936906
1568130936922
1568130936936
1568130936951
1568130936967
1568130936982
1568130936997
1568130937012
1568130937027
1568130937041
1568130937056
1568130937071
1568130937087
1568130937102
1568130937115
1568130937128
1568130937142
1568130937156
1568130937171
1568130937186
1568130937202
1568130937217
1568130937232
1568130937247
1568130937262
1568130937277
1568130937291
1568130937305
1568130937320
1568130937334
1568130937348
1568130937363
1568130937379
1568130937394
1568130937410
1568130937426
1568130937441
1568130937456
1568130937470
1568130937485
1568130937499
1568130937512
1568130937528
1568130937542
1568130937557
1568130937572
1568130937587
1568130937612
1568130937630
1568130937648
1568130937667
1568130937688
1568130937703
1568130937718
1568130937733
1568130937748
1568130937765
1568130937781
1568130937798
1568130937813
1568130937828
1568130937842
1568130937856
1568130937870
1568130937884
1568130937899
1568130937915
1568130937930
1568130937945
1568130937958
1568130937972
1568130937987
1568130938002
1568130938016
1568130938029
1568130938043
1568130938058
1568130938073
1568130938088
1568130938101
1568130938115
1568130938128
1568130938141
1568130938155
1568130938170
1568130938185
1568130938199
1568130938214
1568130938230
1568130938244
1568130938258
1568130938273
1568130938289
1568130938306
1568130938321
1568130938337
1568130938353
