1568130931219
1568130931235
1568130931251
1568130931266
1568130931281
1568130931296
1568130931312
1568130931326
1568130931341
1568130931355
1568130931369
1568130931382
1568130931395
1568130931411
1568130931426
1568130931442
1568130931456
1568130931471
1568130931486
1568130931501
1568130931514
1568130931529
1568130931543
1568130931557
1568130931572
1568130931585
1568130931600
1568130931614
1568130931628
1568130931642
1568130931656
1568130931671
1568130931685
1568130931700
1568130931714
1568130931728
1568130931742
1568130931757
1568130931773
1568130931787
1568130931800
1568130931813
1568130931826
1568130931838
1568130931851
1568130931864
1568130931877
1568130931891
1568130931905
1568130931921
1568130931935
1568130931948
1568130931960
1568130931975
1568130931988
1568130932003
1568130932016
1568130932029
1568130932042
1568130932056
1568130932069
1568130932083
1568130932097
1568130932111
1568130932126
1568130932140
1568130932154
1568130932167
1568130932180
1568130932194
1568130932207
1568130932221
1568130932235
1568130932249
1568130932263
1568130932278
1568130932293
1568130932308
1568130932322
1568130932335
1568130932348
1568130932364
1568130932377
1568130932392
1568130932405
1568130932420
1568130932434
1568130932449
1568130932463
1568130932477
1568130932492
1568130932507
1568130932521
1568130932536
1568130932550
1568130932564
1568130932578
1568130932594
1568130932608
1568130932622
1568130932635
1568130932650
1568130932664
1568130932679
1568130932693
1568130932708
1568130932722
1568130932736
1568130932750
1568130932766
1568130932780
1568130932795
1568130932809
1568130932823
1568130932837
1568130932851
1568130932866
1568130932881
1568130932895
1568130932910
1568130932926
1568130932942
1568130932957
1568130932972
1568130932988
1568130933003
1568130933018
1568130933033
1568130933048
1568130933061
1568130933076
1568130933090
1568130933106
1568130933120
1568130933135
1568130933149
1568130933164
1568130933178
1568130933193
1568130933208
1568130933223
1568130933238
1568130933253
1568130933267
1568130933281
1568130933294
1568130933308
1568130933323
1568130933338
1568130933353
