1568995743272
1568995743286
1568995743302
1568995743315
1568995743328
1568995743340
1568995743352
1568995743365
1568995743377
1568995743391
1568995743405
1568995743419
1568995743433
1568995743447
1568995743459
1568995743472
1568995743485
1568995743500
1568995743513
1568995743526
1568995743539
1568995743553
1568995743567
1568995743581
1568995743594
1568995743608
1568995743622
1568995743636
1568995743650
1568995743661
1568995743674
1568995743687
1568995743700
1568995743712
1568995743725
1568995743738
1568995743751
1568995743764
1568995743776
1568995743788
1568995743799
1568995743812
1568995743825
1568995743837
1568995743850
1568995743862
1568995743874
1568995743885
1568995743900
1568995743915
1568995743929
1568995743942
1568995743955
1568995743968
1568995743981
1568995743994
1568995744007
1568995744020
1568995744033
1568995744046
1568995744058
1568995744071
1568995744083
1568995744095
1568995744108
1568995744121
1568995744134
1568995744147
1568995744159
1568995744172
1568995744185
1568995744198
1568995744211
1568995744225
1568995744238
1568995744252
1568995744266
1568995744279
1568995744292
1568995744306
1568995744320
1568995744333
1568995744345
1568995744359
1568995744373
1568995744388
1568995744402
1568995744416
1568995744430
1568995744443
1568995744457
1568995744471
1568995744485
1568995744499
1568995744512
1568995744527
1568995744540
1568995744555
1568995744569
1568995744583
1568995744597
1568995744610
1568995744624
1568995744638
1568995744653
1568995744668
1568995744682
1568995744695
1568995744708
1568995744723
1568995744737
1568995744751
1568995744766
1568995744780
1568995744793
1568995744807
1568995744820
1568995744833
1568995744845
1568995744858
1568995744871
1568995744883
1568995744894
1568995744907
1568995744921
1568995744933
1568995744946
1568995744958
1568995744970
1568995744983
1568995744996
1568995745009
1568995745023
1568995745038
1568995745054
1568995745069
1568995745083
1568995745098
1568995745111
1568995745125
1568995745138
1568995745152
1568995745165
1568995745178
1568995745192
1568995745206
1568995745219
1568995745232
1568995745244
1568995745256
