1568995754209
1568995754221
1568995754236
1568995754250
1568995754264
1568995754277
1568995754289
1568995754300
1568995754312
1568995754324
1568995754335
1568995754348
1568995754361
1568995754374
1568995754386
1568995754397
1568995754410
1568995754422
1568995754435
1568995754448
1568995754463
1568995754476
1568995754489
1568995754502
1568995754516
1568995754531
1568995754544
1568995754556
1568995754569
1568995754581
1568995754592
1568995754604
1568995754615
1568995754627
1568995754640
1568995754654
1568995754671
1568995754687
1568995754701
1568995754715
1568995754729
1568995754743
1568995754754
1568995754767
1568995754779
1568995754791
1568995754803
1568995754816
1568995754831
1568995754845
1568995754858
1568995754870
1568995754883
1568995754895
1568995754908
1568995754921
1568995754979
1568995755031
1568995755068
1568995755094
1568995755114
1568995755134
1568995755152
1568995755166
1568995755180
1568995755193
1568995755205
1568995755218
1568995755231
1568995755246
1568995755258
1568995755271
1568995755284
1568995755298
1568995755311
1568995755326
1568995755339
1568995755351
1568995755365
1568995755379
1568995755393
1568995755406
1568995755419
1568995755433
1568995755446
1568995755461
1568995755475
1568995755489
1568995755502
1568995755516
1568995755529
1568995755542
1568995755555
1568995755569
1568995755582
1568995755595
1568995755608
1568995755624
1568995755638
1568995755651
1568995755665
1568995755678
1568995755692
1568995755705
1568995755718
1568995755730
1568995755743
1568995755757
1568995755770
1568995755783
1568995755796
1568995755809
1568995755821
1568995755833
1568995755844
1568995755856
1568995755868
1568995755881
1568995755895
1568995755909
1568995755923
1568995755937
1568995755951
1568995755965
1568995755978
1568995755991
1568995756003
1568995756016
1568995756028
1568995756041
1568995756054
1568995756067
1568995756080
1568995756095
1568995756109
1568995756123
1568995756137
1568995756150
1568995756163
1568995756175
1568995756187
1568995756200
1568995756213
1568995756226
1568995756240
1568995756253
1568995756265
1568995756277
1568995756291
1568995756305
