1568995764937
1568995764950
1568995764964
1568995764976
1568995764987
1568995764999
1568995765010
1568995765023
1568995765035
1568995765048
1568995765062
1568995765076
1568995765090
1568995765105
1568995765117
1568995765129
1568995765140
1568995765152
1568995765164
1568995765176
1568995765189
1568995765203
1568995765215
1568995765228
1568995765241
1568995765255
1568995765267
1568995765279
1568995765290
1568995765303
1568995765315
1568995765327
1568995765339
1568995765352
1568995765364
1568995765377
1568995765389
1568995765402
1568995765415
1568995765427
1568995765439
1568995765450
1568995765466
1568995765481
1568995765494
1568995765508
1568995765520
1568995765533
1568995765546
1568995765559
1568995765572
1568995765585
1568995765597
1568995765611
1568995765625
1568995765637
1568995765648
1568995765660
1568995765675
1568995765688
1568995765700
1568995765713
1568995765726
1568995765739
1568995765751
1568995765764
1568995765777
1568995765790
1568995765803
1568995765816
1568995765830
1568995765843
1568995765856
1568995765870
1568995765883
1568995765895
1568995765910
1568995765923
1568995765936
1568995765949
1568995765962
1568995765975
1568995765989
1568995766002
1568995766015
1568995766029
1568995766042
1568995766056
1568995766068
1568995766081
1568995766095
1568995766108
1568995766121
1568995766134
1568995766147
1568995766160
1568995766173
1568995766187
1568995766201
1568995766215
1568995766227
1568995766240
1568995766253
1568995766266
1568995766279
1568995766292
1568995766305
1568995766319
1568995766332
1568995766346
1568995766359
1568995766375
1568995766389
1568995766403
1568995766416
1568995766430
1568995766444
1568995766456
1568995766470
1568995766483
1568995766496
1568995766509
1568995766521
1568995766533
1568995766547
1568995766559
1568995766572
1568995766585
1568995766598
1568995766611
1568995766625
1568995766638
1568995766650
1568995766664
1568995766676
1568995766691
1568995766705
1568995766718
1568995766731
1568995766743
1568995766756
1568995766769
1568995766782
1568995766795
1568995766808
1568995766822
1568995766836
1568995766850
1568995766864
1568995766876
