1568995767985
1568995768022
1568995768087
1568995768122
1568995768151
1568995768169
1568995768186
1568995768200
1568995768215
1568995768228
1568995768240
1568995768252
1568995768264
1568995768278
1568995768290
1568995768303
1568995768316
1568995768329
1568995768342
1568995768354
1568995768367
1568995768380
1568995768392
1568995768405
1568995768418
1568995768431
1568995768443
1568995768455
1568995768466
1568995768478
1568995768489
1568995768501
1568995768513
1568995768526
1568995768539
1568995768550
1568995768563
1568995768576
1568995768588
1568995768601
1568995768613
1568995768626
1568995768638
1568995768651
1568995768664
1568995768676
1568995768687
1568995768700
1568995768713
1568995768726
1568995768740
1568995768752
1568995768765
1568995768777
1568995768791
1568995768804
1568995768816
1568995768830
1568995768842
1568995768855
1568995768868
1568995768883
1568995768897
1568995768910
1568995768922
1568995768935
1568995768948
1568995768960
1568995768974
1568995768987
1568995768999
1568995769012
1568995769024
1568995769037
1568995769050
1568995769064
1568995769075
1568995769088
1568995769101
1568995769114
1568995769127
1568995769141
1568995769154
1568995769167
1568995769181
1568995769195
1568995769208
1568995769222
1568995769235
1568995769248
1568995769261
1568995769275
1568995769288
1568995769302
1568995769316
1568995769329
1568995769343
1568995769358
1568995769373
1568995769388
1568995769402
1568995769416
1568995769429
1568995769442
1568995769456
1568995769469
1568995769483
1568995769496
1568995769511
1568995769525
1568995769538
1568995769550
1568995769562
1568995769573
1568995769585
1568995769599
1568995769612
1568995769626
1568995769638
1568995769651
1568995769664
1568995769677
1568995769688
1568995769700
1568995769711
1568995769724
1568995769736
1568995769748
1568995769761
1568995769774
1568995769788
1568995769801
1568995769814
1568995769829
1568995769843
1568995769856
1568995769870
1568995769884
1568995769897
1568995769910
1568995769922
1568995769935
1568995769948
1568995769961
1568995769974
1568995769990
1568995770004
1568995770017
1568995770029
1568995770041
