1568995733653
1568995733666
1568995733680
1568995733692
1568995733704
1568995733716
1568995733727
1568995733739
1568995733751
1568995733763
1568995733775
1568995733787
1568995733799
1568995733812
1568995733823
1568995733835
1568995733847
1568995733858
1568995733870
1568995733882
1568995733894
1568995733906
1568995733918
1568995733931
1568995733944
1568995733957
1568995733970
1568995733982
1568995733995
1568995734007
1568995734020
1568995734032
1568995734045
1568995734056
1568995734069
1568995734082
1568995734094
1568995734107
1568995734121
1568995734134
1568995734148
1568995734162
1568995734174
1568995734187
1568995734200
1568995734212
1568995734225
1568995734238
1568995734251
1568995734264
1568995734277
1568995734290
1568995734303
1568995734316
1568995734327
1568995734339
1568995734351
1568995734364
1568995734377
1568995734389
1568995734403
1568995734416
1568995734429
1568995734443
1568995734455
1568995734468
1568995734481
1568995734494
1568995734507
1568995734520
1568995734534
1568995734547
1568995734561
1568995734575
1568995734588
1568995734601
1568995734614
1568995734628
1568995734642
1568995734656
1568995734669
1568995734682
1568995734695
1568995734708
1568995734723
1568995734738
1568995734751
1568995734765
1568995734778
1568995734791
1568995734805
1568995734819
1568995734832
1568995734846
1568995734859
1568995734873
1568995734886
1568995734900
1568995734913
1568995734927
1568995734941
1568995734954
1568995734968
1568995734981
1568995734995
1568995735009
1568995735022
1568995735036
1568995735049
1568995735063
1568995735076
1568995735089
1568995735102
1568995735115
1568995735128
1568995735141
1568995735154
1568995735167
1568995735181
1568995735193
1568995735207
1568995735222
1568995735235
1568995735248
1568995735260
1568995735275
1568995735288
1568995735301
1568995735313
1568995735326
1568995735339
1568995735352
1568995735367
1568995735381
1568995735394
1568995735407
1568995735422
1568995735435
1568995735449
1568995735463
1568995735477
1568995735491
1568995735505
1568995735519
1568995735531
1568995735544
1568995735556
1568995735569
1568995735582
1568995735594
