1568736190527
1568736190543
1568736190559
1568736190573
1568736190585
1568736190598
1568736190611
1568736190625
1568736190637
1568736190650
1568736190663
1568736190675
1568736190687
1568736190701
1568736190713
1568736190726
1568736190737
1568736190751
1568736190764
1568736190778
1568736190790
1568736190803
1568736190815
1568736190828
1568736190841
1568736190853
1568736190866
1568736190880
1568736190893
1568736190906
1568736190920
1568736190935
1568736190949
1568736190961
1568736190973
1568736190986
1568736190999
1568736191014
1568736191028
1568736191040
1568736191054
1568736191069
1568736191083
1568736191096
1568736191108
1568736191120
1568736191133
1568736191148
1568736191160
1568736191173
1568736191186
1568736191198
1568736191211
1568736191223
1568736191236
1568736191250
1568736191264
1568736191277
1568736191289
1568736191301
1568736191313
1568736191325
1568736191338
1568736191351
1568736191363
1568736191375
1568736191388
1568736191400
1568736191411
1568736191423
1568736191435
1568736191447
1568736191460
1568736191475
1568736191488
1568736191502
1568736191515
1568736191528
1568736191543
1568736191558
1568736191572
1568736191585
1568736191598
1568736191611
1568736191625
1568736191638
1568736191651
1568736191664
1568736191678
1568736191691
1568736191706
1568736191719
1568736191732
1568736191746
1568736191758
1568736191772
1568736191785
1568736191799
1568736191813
1568736191828
1568736191842
1568736191856
1568736191870
1568736191884
1568736191897
1568736191911
1568736191924
1568736191937
1568736191950
1568736191965
1568736191980
1568736191995
1568736192008
1568736192022
1568736192035
1568736192049
1568736192061
1568736192075
1568736192089
1568736192103
1568736192117
1568736192132
1568736192145
1568736192158
1568736192174
1568736192189
1568736192203
1568736192217
1568736192231
1568736192245
1568736192259
1568736192274
1568736192288
1568736192301
1568736192314
1568736192328
1568736192341
1568736192355
1568736192368
1568736192382
1568736192395
1568736192410
1568736192425
1568736192439
1568736192452
1568736192468
1568736192482
1568736192495
1568736192508
1568736192521
