1568736219661
1568736219677
1568736219694
1568736219708
1568736219723
1568736219737
1568736219752
1568736219766
1568736219780
1568736219793
1568736219807
1568736219821
1568736219835
1568736219851
1568736219865
1568736219880
1568736219894
1568736219906
1568736219920
1568736219934
1568736219947
1568736219961
1568736219976
1568736219991
1568736220005
1568736220019
1568736220032
1568736220045
1568736220059
1568736220072
1568736220085
1568736220097
1568736220111
1568736220123
1568736220135
1568736220147
1568736220160
1568736220173
1568736220186
1568736220201
1568736220216
1568736220231
1568736220244
1568736220258
1568736220271
1568736220284
1568736220298
1568736220313
1568736220327
1568736220341
1568736220355
1568736220369
1568736220382
1568736220395
1568736220408
1568736220421
1568736220434
1568736220448
1568736220461
1568736220474
1568736220488
1568736220503
1568736220516
1568736220529
1568736220544
1568736220558
1568736220573
1568736220588
1568736220601
1568736220614
1568736220627
1568736220640
1568736220652
1568736220666
1568736220679
1568736220692
1568736220706
1568736220719
1568736220733
1568736220746
1568736220758
1568736220773
1568736220787
1568736220803
1568736220817
1568736220832
1568736220846
1568736220859
1568736220873
1568736220888
1568736220903
1568736220919
1568736220932
1568736220946
1568736220959
1568736220973
1568736220988
1568736221004
1568736221017
1568736221031
1568736221045
1568736221060
1568736221077
1568736221093
1568736221111
1568736221129
1568736221145
1568736221162
1568736221182
1568736221199
1568736221216
1568736221230
1568736221244
1568736221258
1568736221274
1568736221290
1568736221304
1568736221318
1568736221331
1568736221344
1568736221359
1568736221376
1568736221390
1568736221406
1568736221421
1568736221436
1568736221451
1568736221465
1568736221479
1568736221494
1568736221508
1568736221521
1568736221535
1568736221551
1568736221565
1568736221580
1568736221594
1568736221610
1568736221623
1568736221638
1568736221652
1568736221666
1568736221679
1568736221692
1568736221705
1568736221719
1568736221732
1568736221747
1568736221761
1568736221774
