1568736216218
1568736216231
1568736216247
1568736216261
1568736216276
1568736216290
1568736216304
1568736216317
1568736216332
1568736216346
1568736216361
1568736216374
1568736216387
1568736216400
1568736216413
1568736216426
1568736216440
1568736216454
1568736216467
1568736216480
1568736216494
1568736216507
1568736216520
1568736216533
1568736216545
1568736216558
1568736216571
1568736216585
1568736216599
1568736216612
1568736216625
1568736216638
1568736216652
1568736216667
1568736216680
1568736216693
1568736216706
1568736216719
1568736216733
1568736216745
1568736216758
1568736216770
1568736216782
1568736216796
1568736216809
1568736216821
1568736216835
1568736216847
1568736216861
1568736216877
1568736216891
1568736216904
1568736216922
1568736216939
1568736216953
1568736216968
1568736216980
1568736216993
1568736217006
1568736217019
1568736217033
1568736217047
1568736217061
1568736217074
1568736217088
1568736217104
1568736217117
1568736217131
1568736217145
1568736217159
1568736217173
1568736217188
1568736217201
1568736217216
1568736217231
1568736217245
1568736217259
1568736217273
1568736217288
1568736217302
1568736217318
1568736217332
1568736217346
1568736217360
1568736217375
1568736217390
1568736217405
1568736217420
1568736217435
1568736217450
1568736217464
1568736217478
1568736217493
1568736217509
1568736217523
1568736217537
1568736217550
1568736217565
1568736217580
1568736217594
1568736217612
1568736217628
1568736217643
1568736217658
1568736217672
1568736217687
1568736217702
1568736217716
1568736217730
1568736217744
1568736217759
1568736217774
1568736217789
1568736217803
1568736217816
1568736217830
1568736217843
1568736217857
1568736217871
1568736217886
1568736217901
1568736217916
1568736217929
1568736217942
1568736217956
1568736217970
1568736217984
1568736217999
1568736218014
1568736218028
1568736218044
1568736218058
1568736218072
1568736218087
1568736218103
1568736218118
1568736218132
1568736218144
1568736218157
1568736218171
1568736218184
1568736218197
1568736218210
1568736218222
1568736218291
1568736218338
1568736218370
1568736218390
1568736218408
1568736218423
