1568736182313
1568736182328
1568736182343
1568736182356
1568736182369
1568736182381
1568736182394
1568736182407
1568736182420
1568736182433
1568736182445
1568736182458
1568736182471
1568736182484
1568736182496
1568736182508
1568736182521
1568736182532
1568736182544
1568736182557
1568736182568
1568736182580
1568736182592
1568736182603
1568736182615
1568736182628
1568736182640
1568736182653
1568736182665
1568736182677
1568736182689
1568736182702
1568736182716
1568736182727
1568736182739
1568736182751
1568736182763
1568736182776
1568736182788
1568736182799
1568736182811
1568736182823
1568736182836
1568736182848
1568736182861
1568736182873
1568736182884
1568736182897
1568736182909
1568736182922
1568736182935
1568736182947
1568736182961
1568736182973
1568736182985
1568736182998
1568736183010
1568736183022
1568736183034
1568736183046
1568736183058
1568736183072
1568736183083
1568736183095
1568736183108
1568736183120
1568736183132
1568736183145
1568736183157
1568736183169
1568736183181
1568736183193
1568736183206
1568736183219
1568736183231
1568736183243
1568736183256
1568736183270
1568736183283
1568736183296
1568736183308
1568736183322
1568736183334
1568736183347
1568736183359
1568736183373
1568736183386
1568736183399
1568736183412
1568736183426
1568736183440
1568736183454
1568736183467
1568736183480
1568736183493
1568736183507
1568736183520
1568736183535
1568736183548
1568736183561
1568736183575
1568736183587
1568736183601
1568736183614
1568736183627
1568736183640
1568736183654
1568736183666
1568736183679
1568736183693
1568736183706
1568736183720
1568736183733
1568736183746
1568736183758
1568736183772
1568736183785
1568736183798
1568736183810
1568736183823
1568736183837
1568736183851
1568736183864
1568736183877
1568736183890
1568736183904
1568736183918
1568736183931
1568736183944
1568736183957
1568736183972
1568736183985
1568736183999
1568736184013
1568736184027
1568736184040
1568736184052
1568736184064
1568736184077
1568736184091
1568736184103
1568736184116
1568736184129
1568736184142
1568736184153
1568736184167
1568736184180
1568736184193
1568736184205
1568736184218
