1568736177550
1568736177564
1568736177578
1568736177591
1568736177603
1568736177615
1568736177627
1568736177639
1568736177651
1568736177663
1568736177675
1568736177687
1568736177699
1568736177712
1568736177724
1568736177736
1568736177748
1568736177760
1568736177772
1568736177784
1568736177796
1568736177809
1568736177821
1568736177833
1568736177845
1568736177857
1568736177870
1568736177882
1568736177896
1568736177908
1568736177920
1568736177933
1568736177944
1568736177956
1568736177968
1568736177981
1568736177994
1568736178007
1568736178020
1568736178033
1568736178046
1568736178059
1568736178072
1568736178084
1568736178095
1568736178108
1568736178120
1568736178132
1568736178144
1568736178158
1568736178171
1568736178184
1568736178197
1568736178210
1568736178223
1568736178236
1568736178248
1568736178260
1568736178273
1568736178285
1568736178298
1568736178312
1568736178324
1568736178338
1568736178350
1568736178363
1568736178376
1568736178389
1568736178402
1568736178415
1568736178427
1568736178441
1568736178454
1568736178468
1568736178481
1568736178493
1568736178506
1568736178521
1568736178534
1568736178548
1568736178561
1568736178574
1568736178586
1568736178600
1568736178613
1568736178627
1568736178640
1568736178653
1568736178666
1568736178679
1568736178694
1568736178706
1568736178719
1568736178732
1568736178745
1568736178758
1568736178772
1568736178786
1568736178799
1568736178812
1568736178825
1568736178838
1568736178851
1568736178865
1568736178877
1568736178890
1568736178903
1568736178917
1568736178929
1568736178944
1568736178957
1568736178971
1568736178984
1568736178997
1568736179009
1568736179023
1568736179036
1568736179048
1568736179061
1568736179074
1568736179087
1568736179103
1568736179116
1568736179129
1568736179142
1568736179154
1568736179166
1568736179178
1568736179190
1568736179203
1568736179215
1568736179228
1568736179240
1568736179254
1568736179267
1568736179281
1568736179293
1568736179305
1568736179317
1568736179331
1568736179343
1568736179356
1568736179368
1568736179380
1568736179392
1568736179405
1568736179418
1568736179430
1568736179443
1568736179456
