1568736206117
1568736206131
1568736206148
1568736206161
1568736206177
1568736206192
1568736206206
1568736206220
1568736206233
1568736206246
1568736206259
1568736206272
1568736206287
1568736206301
1568736206314
1568736206328
1568736206341
1568736206356
1568736206370
1568736206383
1568736206396
1568736206409
1568736206423
1568736206436
1568736206450
1568736206463
1568736206475
1568736206489
1568736206502
1568736206516
1568736206528
1568736206542
1568736206556
1568736206569
1568736206582
1568736206596
1568736206610
1568736206624
1568736206638
1568736206651
1568736206664
1568736206678
1568736206691
1568736206704
1568736206717
1568736206730
1568736206743
1568736206757
1568736206770
1568736206784
1568736206798
1568736206815
1568736206829
1568736206845
1568736206861
1568736206875
1568736206888
1568736206901
1568736206914
1568736206928
1568736206941
1568736206955
1568736206968
1568736206981
1568736206994
1568736207008
1568736207022
1568736207035
1568736207050
1568736207064
1568736207079
1568736207094
1568736207111
1568736207125
1568736207140
1568736207153
1568736207166
1568736207180
1568736207193
1568736207206
1568736207221
1568736207236
1568736207250
1568736207264
1568736207277
1568736207291
1568736207305
1568736207321
1568736207336
1568736207350
1568736207364
1568736207379
1568736207394
1568736207408
1568736207423
1568736207436
1568736207449
1568736207465
1568736207480
1568736207495
1568736207510
1568736207524
1568736207538
1568736207552
1568736207567
1568736207583
1568736207597
1568736207611
1568736207626
1568736207643
1568736207658
1568736207674
1568736207690
1568736207705
1568736207722
1568736207739
1568736207756
1568736207771
1568736207787
1568736207803
1568736207820
1568736207837
1568736207853
1568736207870
1568736207884
1568736207899
1568736207915
1568736207930
1568736207945
1568736207960
1568736207974
1568736207989
1568736208002
1568736208017
1568736208031
1568736208046
1568736208058
1568736208072
1568736208086
1568736208100
1568736208113
1568736208126
1568736208141
1568736208155
1568736208170
1568736208185
1568736208198
1568736208212
1568736208225
1568736208237
