1568824427457
1568824427471
1568824427486
1568824427499
1568824427513
1568824427528
1568824427541
1568824427555
1568824427569
1568824427581
1568824427594
1568824427606
1568824427618
1568824427632
1568824427644
1568824427658
1568824427671
1568824427685
1568824427698
1568824427712
1568824427725
1568824427738
1568824427752
1568824427765
1568824427779
1568824427794
1568824427809
1568824427824
1568824427837
1568824427851
1568824427865
1568824427879
1568824427892
1568824427905
1568824427917
1568824427931
1568824427948
1568824427964
1568824427977
1568824427992
1568824428005
1568824428018
1568824428031
1568824428045
1568824428059
1568824428070
1568824428083
1568824428096
1568824428109
1568824428125
1568824428138
1568824428150
1568824428161
1568824428175
1568824428189
1568824428201
1568824428214
1568824428228
1568824428240
1568824428254
1568824428269
1568824428283
1568824428297
1568824428311
1568824428324
1568824428337
1568824428349
1568824428364
1568824428378
1568824428392
1568824428405
1568824428418
1568824428433
1568824428447
1568824428460
1568824428475
1568824428489
1568824428503
1568824428516
1568824428529
1568824428543
1568824428558
1568824428571
1568824428584
1568824428598
1568824428612
1568824428627
1568824428641
1568824428655
1568824428669
1568824428684
1568824428697
1568824428712
1568824428726
1568824428740
1568824428754
1568824428770
1568824428785
1568824428799
1568824428813
1568824428828
1568824428842
1568824428855
1568824428870
1568824428884
1568824428898
1568824428911
1568824428924
1568824428938
1568824428953
1568824428968
1568824428983
1568824428995
1568824429010
1568824429023
1568824429037
1568824429049
1568824429063
1568824429075
1568824429089
1568824429103
1568824429117
1568824429131
1568824429145
1568824429159
1568824429172
1568824429185
1568824429198
1568824429211
1568824429226
1568824429239
1568824429253
1568824429267
1568824429280
1568824429295
1568824429328
1568824429343
1568824429359
1568824429375
1568824429390
1568824429404
1568824429418
1568824429474
1568824429508
1568824429537
1568824429557
1568824429574
1568824429589
1568824429603
1568824429616
