1568824416360
1568824416375
1568824416389
1568824416403
1568824416417
1568824416430
1568824416443
1568824416457
1568824416471
1568824416485
1568824416499
1568824416513
1568824416528
1568824416542
1568824416555
1568824416568
1568824416580
1568824416592
1568824416605
1568824416617
1568824416630
1568824416642
1568824416655
1568824416667
1568824416683
1568824416698
1568824416713
1568824416726
1568824416740
1568824416753
1568824416766
1568824416779
1568824416791
1568824416804
1568824416817
1568824416830
1568824416843
1568824416858
1568824416872
1568824416886
1568824416899
1568824416912
1568824416926
1568824416943
1568824416958
1568824416973
1568824416987
1568824416998
1568824417011
1568824417024
1568824417036
1568824417049
1568824417063
1568824417077
1568824417089
1568824417102
1568824417115
1568824417128
1568824417141
1568824417153
1568824417166
1568824417180
1568824417192
1568824417206
1568824417219
1568824417231
1568824417245
1568824417258
1568824417270
1568824417283
1568824417293
1568824417306
1568824417319
1568824417332
1568824417347
1568824417362
1568824417375
1568824417388
1568824417401
1568824417415
1568824417429
1568824417443
1568824417457
1568824417470
1568824417484
1568824417499
1568824417513
1568824417528
1568824417542
1568824417555
1568824417571
1568824417586
1568824417600
1568824417614
1568824417628
1568824417641
1568824417656
1568824417671
1568824417686
1568824417700
1568824417713
1568824417727
1568824417743
1568824417757
1568824417770
1568824417785
1568824417800
1568824417815
1568824417828
1568824417843
1568824417857
1568824417871
1568824417885
1568824417901
1568824417913
1568824417925
1568824417939
1568824417953
1568824417965
1568824417978
1568824417990
1568824418006
1568824418021
1568824418036
1568824418050
1568824418065
1568824418078
1568824418092
1568824418106
1568824418121
1568824418134
1568824418148
1568824418161
1568824418176
1568824418189
1568824418203
1568824418215
1568824418228
1568824418240
1568824418254
1568824418268
1568824418281
1568824418293
1568824418307
1568824418321
1568824418335
1568824418348
1568824418361
1568824418373
1568824418386
