1568824417917
1568824417930
1568824417945
1568824417958
1568824417971
1568824417983
1568824417995
1568824418009
1568824418023
1568824418038
1568824418052
1568824418066
1568824418079
1568824418093
1568824418107
1568824418120
1568824418133
1568824418146
1568824418159
1568824418172
1568824418185
1568824418197
1568824418208
1568824418220
1568824418233
1568824418247
1568824418260
1568824418273
1568824418285
1568824418298
1568824418310
1568824418323
1568824418335
1568824418348
1568824418360
1568824418372
1568824418384
1568824418398
1568824418411
1568824418424
1568824418437
1568824418450
1568824418464
1568824418477
1568824418489
1568824418502
1568824418518
1568824418531
1568824418544
1568824418557
1568824418619
1568824418663
1568824418699
1568824418725
1568824418745
1568824418764
1568824418779
1568824418794
1568824418807
1568824418820
1568824418832
1568824418845
1568824418857
1568824418870
1568824418884
1568824418898
1568824418911
1568824418923
1568824418936
1568824418950
1568824418963
1568824418978
1568824418993
1568824419008
1568824419021
1568824419035
1568824419050
1568824419065
1568824419078
1568824419092
1568824419104
1568824419117
1568824419132
1568824419146
1568824419160
1568824419174
1568824419187
1568824419202
1568824419217
1568824419231
1568824419244
1568824419257
1568824419272
1568824419289
1568824419303
1568824419317
1568824419332
1568824419347
1568824419361
1568824419376
1568824419390
1568824419404
1568824419418
1568824419431
1568824419445
1568824419458
1568824419534
1568824419574
1568824419606
1568824419626
1568824419644
1568824419659
1568824419673
1568824419687
1568824419700
1568824419712
1568824419723
1568824419735
1568824419747
1568824419760
1568824419773
1568824419785
1568824419799
1568824419814
1568824419827
1568824419840
1568824419853
1568824419866
1568824419881
1568824419895
1568824419909
1568824419922
1568824419937
1568824419952
1568824419965
1568824419979
1568824419991
1568824420004
1568824420018
1568824420031
1568824420045
1568824420058
1568824420072
1568824420086
1568824420100
1568824420114
1568824420128
1568824420141
1568824420156
1568824420169
