1568824443289
1568824443302
1568824443318
1568824443332
1568824443345
1568824443360
1568824443374
1568824443387
1568824443399
1568824443413
1568824443427
1568824443441
1568824443455
1568824443469
1568824443483
1568824443497
1568824443509
1568824443520
1568824443532
1568824443545
1568824443557
1568824443570
1568824443582
1568824443595
1568824443609
1568824443623
1568824443636
1568824443651
1568824443664
1568824443678
1568824443690
1568824443703
1568824443718
1568824443731
1568824443743
1568824443757
1568824443771
1568824443787
1568824443800
1568824443813
1568824443826
1568824443840
1568824443853
1568824443868
1568824443881
1568824443892
1568824443907
1568824443921
1568824443934
1568824443949
1568824443965
1568824443981
1568824443994
1568824444008
1568824444021
1568824444034
1568824444048
1568824444062
1568824444075
1568824444087
1568824444100
1568824444113
1568824444126
1568824444139
1568824444152
1568824444166
1568824444179
1568824444192
1568824444204
1568824444217
1568824444230
1568824444244
1568824444260
1568824444273
1568824444286
1568824444300
1568824444315
1568824444330
1568824444344
1568824444358
1568824444371
1568824444384
1568824444397
1568824444412
1568824444425
1568824444439
1568824444454
1568824444469
1568824444484
1568824444498
1568824444512
1568824444526
1568824444540
1568824444555
1568824444569
1568824444583
1568824444598
1568824444613
1568824444627
1568824444640
1568824444655
1568824444670
1568824444684
1568824444698
1568824444712
1568824444726
1568824444740
1568824444757
1568824444773
1568824444789
1568824444804
1568824444819
1568824444834
1568824444847
1568824444862
1568824444876
1568824444891
1568824444905
1568824444918
1568824444933
1568824444948
1568824444963
1568824444976
1568824444989
1568824445002
1568824445014
1568824445026
1568824445039
1568824445051
1568824445063
1568824445076
1568824445092
1568824445107
1568824445122
1568824445137
1568824445150
1568824445163
1568824445176
1568824445189
1568824445203
1568824445217
1568824445231
1568824445244
1568824445258
1568824445272
1568824445286
1568824445300
1568824445315
1568824445329
1568824445344
