1568824403706
1568824403720
1568824403734
1568824403746
1568824403758
1568824403770
1568824403782
1568824403793
1568824403805
1568824403817
1568824403828
1568824403840
1568824403852
1568824403865
1568824403877
1568824403889
1568824403901
1568824403914
1568824403925
1568824403937
1568824403949
1568824403961
1568824403973
1568824403985
1568824403997
1568824404010
1568824404022
1568824404035
1568824404046
1568824404057
1568824404070
1568824404082
1568824404094
1568824404106
1568824404117
1568824404129
1568824404141
1568824404154
1568824404167
1568824404179
1568824404191
1568824404202
1568824404214
1568824404226
1568824404238
1568824404250
1568824404260
1568824404273
1568824404285
1568824404298
1568824404311
1568824404323
1568824404334
1568824404346
1568824404358
1568824404371
1568824404383
1568824404396
1568824404406
1568824404419
1568824404432
1568824404445
1568824404457
1568824404469
1568824404482
1568824404493
1568824404505
1568824404517
1568824404529
1568824404541
1568824404554
1568824404567
1568824404580
1568824404593
1568824404606
1568824404619
1568824404632
1568824404644
1568824404655
1568824404668
1568824404682
1568824404697
1568824404709
1568824404721
1568824404734
1568824404747
1568824404760
1568824404774
1568824404787
1568824404800
1568824404813
1568824404826
1568824404839
1568824404852
1568824404866
1568824404879
1568824404893
1568824404907
1568824404919
1568824404932
1568824404945
1568824404958
1568824404971
1568824404984
1568824404997
1568824405010
1568824405023
1568824405036
1568824405049
1568824405064
1568824405077
1568824405090
1568824405102
1568824405115
1568824405128
1568824405143
1568824405156
1568824405168
1568824405181
1568824405195
1568824405208
1568824405223
1568824405236
1568824405250
1568824405262
1568824405274
1568824405286
1568824405298
1568824405310
1568824405322
1568824405334
1568824405346
1568824405360
1568824405373
1568824405386
1568824405399
1568824405411
1568824405424
1568824405437
1568824405449
1568824405462
1568824405475
1568824405487
1568824405499
1568824405511
1568824405525
1568824405538
1568824405551
1568824405563
1568824405575
