1568824413174
1568824413188
1568824413205
1568824413219
1568824413234
1568824413248
1568824413261
1568824413273
1568824413286
1568824413301
1568824413314
1568824413328
1568824413341
1568824413355
1568824413366
1568824413378
1568824413390
1568824413403
1568824413415
1568824413428
1568824413441
1568824413456
1568824413470
1568824413483
1568824413496
1568824413510
1568824413524
1568824413538
1568824413553
1568824413566
1568824413579
1568824413593
1568824413606
1568824413618
1568824413629
1568824413641
1568824413654
1568824413667
1568824413680
1568824413695
1568824413708
1568824413721
1568824413733
1568824413747
1568824413760
1568824413773
1568824413786
1568824413799
1568824413812
1568824413826
1568824413839
1568824413852
1568824413864
1568824413878
1568824413891
1568824413904
1568824413916
1568824413929
1568824413940
1568824413955
1568824413970
1568824413984
1568824413998
1568824414012
1568824414025
1568824414038
1568824414050
1568824414062
1568824414076
1568824414089
1568824414102
1568824414115
1568824414128
1568824414142
1568824414158
1568824414173
1568824414186
1568824414200
1568824414215
1568824414230
1568824414244
1568824414258
1568824414272
1568824414286
1568824414300
1568824414314
1568824414328
1568824414342
1568824414356
1568824414372
1568824414387
1568824414400
1568824414414
1568824414429
1568824414443
1568824414457
1568824414471
1568824414485
1568824414498
1568824414513
1568824414527
1568824414541
1568824414555
1568824414569
1568824414583
1568824414598
1568824414612
1568824414626
1568824414639
1568824414654
1568824414668
1568824414682
1568824414695
1568824414711
1568824414725
1568824414737
1568824414750
1568824414763
1568824414778
1568824414792
1568824414806
1568824414821
1568824414835
1568824414847
1568824414858
1568824414870
1568824414882
1568824414895
1568824414907
1568824414920
1568824414931
1568824414945
1568824414959
1568824414973
1568824414986
1568824414998
1568824415011
1568824415026
1568824415039
1568824415051
1568824415063
1568824415077
1568824415089
1568824415102
1568824415116
1568824415131
1568824415144
1568824415158
1568824415171
1568824415184
