1568824453146
1568824453163
1568824453178
1568824453191
1568824453203
1568824453219
1568824453234
1568824453248
1568824453261
1568824453273
1568824453287
1568824453307
1568824453322
1568824453337
1568824453355
1568824453370
1568824453384
1568824453398
1568824453410
1568824453424
1568824453438
1568824453454
1568824453468
1568824453481
1568824453496
1568824453511
1568824453526
1568824453540
1568824453555
1568824453570
1568824453585
1568824453599
1568824453614
1568824453627
1568824453640
1568824453655
1568824453671
1568824453685
1568824453699
1568824453713
1568824453727
1568824453743
1568824453756
1568824453767
1568824453780
1568824453793
1568824453810
1568824453825
1568824453842
1568824453858
1568824453876
1568824453891
1568824453906
1568824453920
1568824453936
1568824453956
1568824453971
1568824453988
1568824454004
1568824454019
1568824454034
1568824454047
1568824454062
1568824454081
1568824454099
1568824454115
1568824454130
1568824454145
1568824454158
1568824454173
1568824454186
1568824454200
1568824454217
1568824454232
1568824454248
1568824454263
1568824454278
1568824454293
1568824454309
1568824454324
1568824454341
1568824454358
1568824454373
1568824454387
1568824454401
1568824454416
1568824454430
1568824454444
1568824454459
1568824454475
1568824454491
1568824454506
1568824454522
1568824454539
1568824454554
1568824454568
1568824454582
1568824454598
1568824454614
1568824454629
1568824454643
1568824454658
1568824454671
1568824454686
1568824454701
1568824454716
1568824454729
1568824454744
1568824454758
1568824454774
1568824454789
1568824454802
1568824454816
1568824454831
1568824454844
1568824454857
1568824454876
1568824454894
1568824454909
1568824454924
1568824454940
1568824454955
1568824454973
1568824454989
1568824455004
1568824455019
1568824455035
1568824455050
1568824455064
1568824455078
1568824455090
1568824455103
1568824455115
1568824455130
1568824455144
1568824455158
1568824455173
1568824455188
1568824455203
1568824455219
1568824455232
1568824455246
1568824455259
1568824455275
1568824455291
1568824455307
1568824455319
1568824455332
1568824455347
1568824455361
