1568824435356
1568824435371
1568824435388
1568824435403
1568824435416
1568824435430
1568824435442
1568824435455
1568824435468
1568824435482
1568824435495
1568824435508
1568824435521
1568824435534
1568824435547
1568824435559
1568824435573
1568824435588
1568824435602
1568824435617
1568824435631
1568824435644
1568824435657
1568824435671
1568824435685
1568824435699
1568824435713
1568824435727
1568824435741
1568824435754
1568824435766
1568824435778
1568824435791
1568824435805
1568824435817
1568824435830
1568824435842
1568824435854
1568824435866
1568824435881
1568824435893
1568824435905
1568824435918
1568824435932
1568824435944
1568824435958
1568824435971
1568824435984
1568824435997
1568824436013
1568824436028
1568824436043
1568824436057
1568824436070
1568824436084
1568824436096
1568824436112
1568824436127
1568824436142
1568824436157
1568824436170
1568824436183
1568824436195
1568824436208
1568824436221
1568824436235
1568824436248
1568824436261
1568824436273
1568824436287
1568824436300
1568824436315
1568824436328
1568824436342
1568824436356
1568824436370
1568824436383
1568824436397
1568824436411
1568824436425
1568824436440
1568824436453
1568824436466
1568824436479
1568824436493
1568824436508
1568824436521
1568824436535
1568824436549
1568824436564
1568824436579
1568824436594
1568824436609
1568824436623
1568824436637
1568824436651
1568824436666
1568824436681
1568824436696
1568824436710
1568824436724
1568824436739
1568824436752
1568824436765
1568824436778
1568824436792
1568824436808
1568824436823
1568824436837
1568824436852
1568824436868
1568824436883
1568824436898
1568824436912
1568824436927
1568824436943
1568824436958
1568824436972
1568824436984
1568824436997
1568824437010
1568824437023
1568824437040
1568824437056
1568824437069
1568824437084
1568824437098
1568824437111
1568824437125
1568824437139
1568824437153
1568824437167
1568824437181
1568824437195
1568824437209
1568824437222
1568824437237
1568824437251
1568824437264
1568824437278
1568824437290
1568824437303
1568824437317
1568824437330
1568824437343
1568824437357
1568824437370
1568824437383
1568824437397
1568824437411
