1568997373642
1568997373655
1568997373669
1568997373682
1568997373693
1568997373705
1568997373716
1568997373728
1568997373739
1568997373751
1568997373763
1568997373775
1568997373787
1568997373800
1568997373811
1568997373823
1568997373835
1568997373846
1568997373858
1568997373870
1568997373882
1568997373893
1568997373906
1568997373919
1568997373932
1568997373946
1568997373959
1568997373971
1568997373984
1568997373997
1568997374010
1568997374023
1568997374035
1568997374048
1568997374061
1568997374074
1568997374088
1568997374102
1568997374115
1568997374129
1568997374142
1568997374156
1568997374169
1568997374183
1568997374196
1568997374209
1568997374222
1568997374234
1568997374247
1568997374261
1568997374275
1568997374288
1568997374301
1568997374314
1568997374327
1568997374341
1568997374354
1568997374367
1568997374380
1568997374393
1568997374406
1568997374420
1568997374433
1568997374445
1568997374458
1568997374472
1568997374485
1568997374498
1568997374510
1568997374524
1568997374538
1568997374551
1568997374564
1568997374577
1568997374590
1568997374604
1568997374616
1568997374630
1568997374643
1568997374656
1568997374668
1568997374682
1568997374695
1568997374708
1568997374721
1568997374734
1568997374747
1568997374760
1568997374772
1568997374786
1568997374799
1568997374812
1568997374825
1568997374837
1568997374850
1568997374863
1568997374876
1568997374890
1568997374903
1568997374916
1568997374929
1568997374942
1568997374956
1568997374969
1568997374984
1568997374997
1568997375010
1568997375024
1568997375037
1568997375050
1568997375064
1568997375077
1568997375090
1568997375103
1568997375116
1568997375130
1568997375143
1568997375156
1568997375168
1568997375181
1568997375195
1568997375208
1568997375222
1568997375234
1568997375247
1568997375260
1568997375274
1568997375286
1568997375297
1568997375309
1568997375320
1568997375332
1568997375344
1568997375356
1568997375369
1568997375380
1568997375393
1568997375404
1568997375416
1568997375428
1568997375439
1568997375451
1568997375463
1568997375475
1568997375487
1568997375500
1568997375512
1568997375524
1568997375536
1568997375547
