1568997368715
1568997368728
1568997368742
1568997368755
1568997368766
1568997368779
1568997368791
1568997368803
1568997368815
1568997368827
1568997368839
1568997368851
1568997368863
1568997368875
1568997368887
1568997368899
1568997368912
1568997368924
1568997368936
1568997368947
1568997368958
1568997368970
1568997368982
1568997368992
1568997369004
1568997369017
1568997369030
1568997369042
1568997369054
1568997369066
1568997369077
1568997369089
1568997369101
1568997369113
1568997369123
1568997369135
1568997369148
1568997369160
1568997369173
1568997369186
1568997369196
1568997369209
1568997369221
1568997369234
1568997369246
1568997369259
1568997369272
1568997369285
1568997369298
1568997369312
1568997369324
1568997369337
1568997369347
1568997369359
1568997369371
1568997369383
1568997369393
1568997369405
1568997369417
1568997369430
1568997369443
1568997369456
1568997369469
1568997369481
1568997369492
1568997369505
1568997369516
1568997369529
1568997369541
1568997369554
1568997369565
1568997369577
1568997369590
1568997369603
1568997369615
1568997369627
1568997369641
1568997369653
1568997369666
1568997369679
1568997369691
1568997369704
1568997369716
1568997369729
1568997369742
1568997369756
1568997369768
1568997369783
1568997369796
1568997369808
1568997369821
1568997369834
1568997369847
1568997369860
1568997369872
1568997369885
1568997369899
1568997369912
1568997369925
1568997369938
1568997369951
1568997369964
1568997369976
1568997369990
1568997370002
1568997370015
1568997370027
1568997370040
1568997370054
1568997370066
1568997370079
1568997370092
1568997370105
1568997370118
1568997370130
1568997370142
1568997370156
1568997370169
1568997370182
1568997370195
1568997370208
1568997370221
1568997370234
1568997370248
1568997370260
1568997370273
1568997370286
1568997370298
1568997370312
1568997370325
1568997370338
1568997370349
1568997370360
1568997370373
1568997370385
1568997370397
1568997370409
1568997370422
1568997370435
1568997370447
1568997370459
1568997370470
1568997370482
1568997370495
1568997370507
1568997370520
1568997370532
1568997370544
1568997370555
1568997370567
