1568997383421
1568997383436
1568997383450
1568997383462
1568997383474
1568997383486
1568997383498
1568997383510
1568997383522
1568997383535
1568997383547
1568997383559
1568997383571
1568997383584
1568997383597
1568997383609
1568997383621
1568997383633
1568997383645
1568997383656
1568997383668
1568997383680
1568997383692
1568997383706
1568997383719
1568997383732
1568997383745
1568997383758
1568997383771
1568997383786
1568997383800
1568997383813
1568997383826
1568997383839
1568997383852
1568997383865
1568997383879
1568997383893
1568997383906
1568997383920
1568997383933
1568997383946
1568997383960
1568997383975
1568997383988
1568997384002
1568997384016
1568997384030
1568997384043
1568997384057
1568997384070
1568997384086
1568997384101
1568997384115
1568997384129
1568997384143
1568997384158
1568997384173
1568997384186
1568997384200
1568997384214
1568997384229
1568997384243
1568997384258
1568997384272
1568997384286
1568997384300
1568997384314
1568997384327
1568997384340
1568997384353
1568997384366
1568997384380
1568997384395
1568997384409
1568997384423
1568997384436
1568997384449
1568997384463
1568997384476
1568997384489
1568997384502
1568997384516
1568997384529
1568997384542
1568997384556
1568997384570
1568997384584
1568997384597
1568997384610
1568997384624
1568997384638
1568997384651
1568997384665
1568997384678
1568997384691
1568997384705
1568997384720
1568997384734
1568997384748
1568997384762
1568997384776
1568997384790
1568997384804
1568997384818
1568997384832
1568997384846
1568997384859
1568997384874
1568997384889
1568997384902
1568997384916
1568997384930
1568997384944
1568997384958
1568997384972
1568997384985
1568997384998
1568997385011
1568997385025
1568997385038
1568997385051
1568997385064
1568997385077
1568997385089
1568997385102
1568997385115
1568997385128
1568997385141
1568997385154
1568997385167
1568997385180
1568997385192
1568997385206
1568997385219
1568997385232
1568997385244
1568997385258
1568997385270
1568997385284
1568997385296
1568997385309
1568997385321
1568997385334
1568997385347
1568997385361
1568997385373
1568997385387
1568997385399
1568997385412
