1568997376944
1568997376957
1568997376971
1568997376984
1568997376996
1568997377009
1568997377022
1568997377034
1568997377046
1568997377058
1568997377070
1568997377082
1568997377095
1568997377108
1568997377120
1568997377133
1568997377145
1568997377158
1568997377170
1568997377183
1568997377196
1568997377208
1568997377221
1568997377235
1568997377249
1568997377264
1568997377278
1568997377292
1568997377306
1568997377319
1568997377332
1568997377346
1568997377360
1568997377374
1568997377387
1568997377402
1568997377415
1568997377430
1568997377443
1568997377457
1568997377470
1568997377483
1568997377496
1568997377509
1568997377523
1568997377536
1568997377549
1568997377563
1568997377577
1568997377590
1568997377603
1568997377617
1568997377630
1568997377643
1568997377656
1568997377669
1568997377682
1568997377696
1568997377709
1568997377722
1568997377736
1568997377751
1568997377766
1568997377780
1568997377793
1568997377807
1568997377820
1568997377835
1568997377848
1568997377861
1568997377873
1568997377887
1568997377900
1568997377915
1568997377929
1568997377943
1568997377956
1568997377968
1568997377982
1568997377995
1568997378009
1568997378022
1568997378035
1568997378048
1568997378062
1568997378076
1568997378089
1568997378103
1568997378117
1568997378130
1568997378143
1568997378156
1568997378169
1568997378182
1568997378195
1568997378208
1568997378221
1568997378236
1568997378248
1568997378261
1568997378274
1568997378287
1568997378300
1568997378313
1568997378326
1568997378339
1568997378352
1568997378365
1568997378379
1568997378393
1568997378407
1568997378419
1568997378432
1568997378445
1568997378459
1568997378472
1568997378485
1568997378498
1568997378512
1568997378525
1568997378539
1568997378554
1568997378567
1568997378581
1568997378594
1568997378607
1568997378619
1568997378632
1568997378645
1568997378658
1568997378670
1568997378683
1568997378695
1568997378709
1568997378721
1568997378734
1568997378747
1568997378760
1568997378772
1568997378785
1568997378796
1568997378809
1568997378821
1568997378833
1568997378845
1568997378859
1568997378871
1568997378884
1568997378896
1568997378908
