1568391569809
1568391569824
1568391569841
1568391569856
1568391569871
1568391569886
1568391569901
1568391569916
1568391569931
1568391569946
1568391569960
1568391569977
1568391569992
1568391570008
1568391570023
1568391570037
1568391570051
1568391570066
1568391570081
1568391570095
1568391570108
1568391570123
1568391570138
1568391570154
1568391570169
1568391570184
1568391570199
1568391570213
1568391570228
1568391570243
1568391570258
1568391570272
1568391570286
1568391570300
1568391570314
1568391570330
1568391570344
1568391570359
1568391570372
1568391570386
1568391570400
1568391570414
1568391570430
1568391570446
1568391570460
1568391570477
1568391570493
1568391570510
1568391570525
1568391570540
1568391570554
1568391570571
1568391570586
1568391570602
1568391570618
1568391570636
1568391570651
1568391570669
1568391570685
1568391570702
1568391570716
1568391570733
1568391570748
1568391570767
1568391570782
1568391570797
1568391570811
1568391570826
1568391570842
1568391570860
1568391570876
1568391570891
1568391570905
1568391570921
1568391570936
1568391570952
1568391570967
1568391570983
1568391570999
1568391571015
1568391571030
1568391571046
1568391571062
1568391571078
1568391571094
1568391571112
1568391571128
1568391571145
1568391571161
1568391571178
1568391571194
1568391571209
1568391571226
1568391571243
1568391571259
1568391571274
1568391571289
1568391571307
1568391571324
1568391571339
1568391571355
1568391571371
1568391571387
1568391571402
1568391571419
1568391571435
1568391571451
1568391571466
1568391571482
1568391571501
1568391571518
1568391571534
1568391571550
1568391571565
1568391571581
1568391571597
1568391571614
1568391571630
1568391571647
1568391571662
1568391571677
1568391571691
1568391571705
1568391571719
1568391571733
1568391571747
1568391571761
1568391571776
1568391571789
1568391571803
1568391571816
1568391571833
1568391571847
1568391571864
1568391571878
1568391571894
1568391571910
1568391571924
1568391571938
1568391571953
1568391571970
1568391571984
1568391571999
1568391572013
1568391572028
1568391572044
1568391572060
1568391572077
1568391572091
1568391572106
