1568391533738
1568391533754
1568391533772
1568391533787
1568391533801
1568391533816
1568391533829
1568391533844
1568391533859
1568391533874
1568391533888
1568391533903
1568391533917
1568391533932
1568391533946
1568391533961
1568391533976
1568391533989
1568391534002
1568391534016
1568391534031
1568391534047
1568391534061
1568391534075
1568391534089
1568391534106
1568391534122
1568391534137
1568391534151
1568391534166
1568391534180
1568391534194
1568391534208
1568391534224
1568391534240
1568391534254
1568391534270
1568391534286
1568391534301
1568391534316
1568391534333
1568391534348
1568391534363
1568391534379
1568391534394
1568391534408
1568391534422
1568391534437
1568391534451
1568391534466
1568391534480
1568391534494
1568391534509
1568391534524
1568391534538
1568391534552
1568391534567
1568391534583
1568391534598
1568391534613
1568391534628
1568391534643
1568391534657
1568391534671
1568391534684
1568391534700
1568391534715
1568391534729
1568391534743
1568391534757
1568391534773
1568391534788
1568391534803
1568391534819
1568391534833
1568391534848
1568391534864
1568391534879
1568391534895
1568391534911
1568391534925
1568391534940
1568391534955
1568391534971
1568391534985
1568391535003
1568391535020
1568391535036
1568391535052
1568391535068
1568391535084
1568391535099
1568391535113
1568391535129
1568391535144
1568391535159
1568391535174
1568391535190
1568391535206
1568391535223
1568391535239
1568391535254
1568391535269
1568391535284
1568391535297
1568391535312
1568391535327
1568391535342
1568391535357
1568391535372
1568391535387
1568391535402
1568391535418
1568391535433
1568391535449
1568391535464
1568391535479
1568391535493
1568391535506
1568391535519
1568391535533
1568391535547
1568391535560
1568391535573
1568391535588
1568391535603
1568391535617
1568391535632
1568391535645
1568391535661
1568391535674
1568391535688
1568391535701
1568391535717
1568391535733
1568391535748
1568391535762
1568391535776
1568391535790
1568391535806
1568391535821
1568391535835
1568391535849
1568391535864
1568391535880
1568391535896
1568391535912
1568391535927
1568391535940
1568391535956
