1568391527189
1568391527204
1568391527220
1568391527235
1568391527249
1568391527265
1568391527280
1568391527295
1568391527310
1568391527325
1568391527340
1568391527355
1568391527371
1568391527387
1568391527403
1568391527418
1568391527433
1568391527448
1568391527463
1568391527478
1568391527492
1568391527507
1568391527523
1568391527537
1568391527551
1568391527567
1568391527582
1568391527597
1568391527610
1568391527624
1568391527637
1568391527655
1568391527670
1568391527684
1568391527700
1568391527716
1568391527730
1568391527748
1568391527765
1568391527782
1568391527796
1568391527814
1568391527832
1568391527847
1568391527862
1568391527879
1568391527895
1568391527912
1568391527927
1568391527944
1568391527959
1568391527974
1568391527988
1568391528004
1568391528020
1568391528037
1568391528051
1568391528067
1568391528082
1568391528097
1568391528116
1568391528132
1568391528147
1568391528162
1568391528176
1568391528191
1568391528206
1568391528224
1568391528239
1568391528255
1568391528271
1568391528286
1568391528301
1568391528317
1568391528331
1568391528346
1568391528363
1568391528379
1568391528395
1568391528412
1568391528427
1568391528444
1568391528460
1568391528477
1568391528492
1568391528511
1568391528528
1568391528544
1568391528559
1568391528575
1568391528591
1568391528607
1568391528622
1568391528637
1568391528653
1568391528669
1568391528684
1568391528699
1568391528715
1568391528730
1568391528746
1568391528763
1568391528779
1568391528794
1568391528809
1568391528824
1568391528838
1568391528853
1568391528869
1568391528886
1568391528901
1568391528917
1568391528933
1568391528948
1568391528964
1568391528980
1568391528994
1568391529010
1568391529024
1568391529038
1568391529053
1568391529069
1568391529085
1568391529102
1568391529118
1568391529134
1568391529150
1568391529167
1568391529182
1568391529197
1568391529212
1568391529228
1568391529242
1568391529257
1568391529273
1568391529288
1568391529305
1568391529321
1568391529337
1568391529352
1568391529368
1568391529383
1568391529397
1568391529413
1568391529427
1568391529440
1568391529455
1568391529472
1568391529487
1568391529503
