1568391540308
1568391540325
1568391540344
1568391540360
1568391540375
1568391540389
1568391540404
1568391540420
1568391540435
1568391540451
1568391540465
1568391540480
1568391540496
1568391540513
1568391540529
1568391540544
1568391540559
1568391540575
1568391540592
1568391540608
1568391540623
1568391540640
1568391540655
1568391540669
1568391540682
1568391540697
1568391540714
1568391540728
1568391540743
1568391540759
1568391540773
1568391540789
1568391540804
1568391540820
1568391540835
1568391540849
1568391540865
1568391540881
1568391540898
1568391540913
1568391540927
1568391540942
1568391540957
1568391540973
1568391540988
1568391541006
1568391541021
1568391541037
1568391541054
1568391541072
1568391541087
1568391541103
1568391541119
1568391541136
1568391541150
1568391541164
1568391541234
1568391541286
1568391541320
1568391541345
1568391541363
1568391541382
1568391541398
1568391541414
1568391541428
1568391541443
1568391541458
1568391541474
1568391541489
1568391541504
1568391541518
1568391541533
1568391541548
1568391541564
1568391541581
1568391541596
1568391541611
1568391541627
1568391541680
1568391541730
1568391541767
1568391541793
1568391541814
1568391541833
1568391541851
1568391541868
1568391541884
1568391541899
1568391541914
1568391541929
1568391541943
1568391541958
1568391541973
1568391541987
1568391542002
1568391542016
1568391542031
1568391542046
1568391542060
1568391542076
1568391542093
1568391542109
1568391542124
1568391542140
1568391542155
1568391542169
1568391542183
1568391542198
1568391542212
1568391542227
1568391542241
1568391542255
1568391542269
1568391542284
1568391542299
1568391542314
1568391542328
1568391542342
1568391542357
1568391542371
1568391542386
1568391542402
1568391542417
1568391542433
1568391542450
1568391542464
1568391542478
1568391542493
1568391542508
1568391542524
1568391542539
1568391542557
1568391542572
1568391542588
1568391542605
1568391542621
1568391542636
1568391542651
1568391542666
1568391542681
1568391542696
1568391542711
1568391542728
1568391542743
1568391542757
1568391542770
1568391542785
1568391542802
1568391542816
1568391542832
