1568391563367
1568391563381
1568391563397
1568391563411
1568391563425
1568391563440
1568391563454
1568391563469
1568391563485
1568391563500
1568391563516
1568391563530
1568391563546
1568391563563
1568391563578
1568391563593
1568391563608
1568391563623
1568391563638
1568391563654
1568391563669
1568391563684
1568391563698
1568391563713
1568391563727
1568391563743
1568391563758
1568391563772
1568391563785
1568391563800
1568391563814
1568391563829
1568391563844
1568391563859
1568391563873
1568391563888
1568391563904
1568391563918
1568391563932
1568391563946
1568391563962
1568391563978
1568391563993
1568391564009
1568391564025
1568391564041
1568391564057
1568391564070
1568391564084
1568391564100
1568391564113
1568391564129
1568391564144
1568391564159
1568391564172
1568391564188
1568391564203
1568391564216
1568391564230
1568391564248
1568391564263
1568391564278
1568391564293
1568391564310
1568391564326
1568391564340
1568391564354
1568391564368
1568391564383
1568391564399
1568391564414
1568391564429
1568391564446
1568391564463
1568391564478
1568391564493
1568391564508
1568391564523
1568391564539
1568391564557
1568391564573
1568391564588
1568391564603
1568391564619
1568391564635
1568391564652
1568391564668
1568391564683
1568391564700
1568391564716
1568391564731
1568391564747
1568391564763
1568391564779
1568391564794
1568391564809
1568391564823
1568391564840
1568391564855
1568391564870
1568391564885
1568391564900
1568391564916
1568391564933
1568391564949
1568391564964
1568391564979
1568391564997
1568391565012
1568391565029
1568391565043
1568391565058
1568391565073
1568391565088
1568391565104
1568391565120
1568391565135
1568391565150
1568391565164
1568391565180
1568391565194
1568391565210
1568391565224
1568391565239
1568391565253
1568391565267
1568391565283
1568391565299
1568391565313
1568391565328
1568391565343
1568391565360
1568391565375
1568391565391
1568391565407
1568391565423
1568391565438
1568391565453
1568391565467
1568391565484
1568391565499
1568391565514
1568391565530
1568391565545
1568391565560
1568391565577
1568391565594
1568391565608
1568391565624
1568391565641
