1568648634199
1568648634212
1568648634228
1568648634242
1568648634256
1568648634270
1568648634284
1568648634297
1568648634310
1568648634323
1568648634335
1568648634347
1568648634360
1568648634374
1568648634387
1568648634401
1568648634414
1568648634427
1568648634439
1568648634451
1568648634463
1568648634475
1568648634487
1568648634501
1568648634518
1568648634534
1568648634548
1568648634561
1568648634573
1568648634586
1568648634598
1568648634612
1568648634626
1568648634640
1568648634652
1568648634664
1568648634676
1568648634689
1568648634702
1568648634715
1568648634727
1568648634741
1568648634755
1568648634769
1568648634781
1568648634793
1568648634806
1568648634818
1568648634831
1568648634844
1568648634857
1568648634870
1568648634883
1568648634897
1568648634911
1568648634923
1568648634936
1568648634950
1568648634964
1568648634977
1568648634990
1568648635003
1568648635015
1568648635028
1568648635040
1568648635053
1568648635065
1568648635079
1568648635093
1568648635107
1568648635119
1568648635130
1568648635144
1568648635160
1568648635172
1568648635187
1568648635200
1568648635213
1568648635226
1568648635240
1568648635253
1568648635266
1568648635278
1568648635291
1568648635305
1568648635320
1568648635335
1568648635349
1568648635363
1568648635376
1568648635390
1568648635403
1568648635416
1568648635430
1568648635443
1568648635456
1568648635469
1568648635484
1568648635497
1568648635511
1568648635525
1568648635538
1568648635552
1568648635565
1568648635578
1568648635591
1568648635603
1568648635619
1568648635633
1568648635647
1568648635661
1568648635674
1568648635687
1568648635701
1568648635715
1568648635729
1568648635742
1568648635754
1568648635769
1568648635782
1568648635796
1568648635810
1568648635824
1568648635837
1568648635881
1568648635940
1568648635979
1568648636006
1568648636026
1568648636043
1568648636057
1568648636071
1568648636085
1568648636099
1568648636111
1568648636123
1568648636136
1568648636149
1568648636162
1568648636177
1568648636191
1568648636204
1568648636216
1568648636228
1568648636241
1568648636255
1568648636270
1568648636285
1568648636300
1568648636313
