1568648680005
1568648680021
1568648680038
1568648680052
1568648680064
1568648680077
1568648680089
1568648680102
1568648680114
1568648680127
1568648680140
1568648680155
1568648680172
1568648680186
1568648680200
1568648680213
1568648680228
1568648680242
1568648680258
1568648680271
1568648680284
1568648680298
1568648680312
1568648680325
1568648680340
1568648680356
1568648680370
1568648680384
1568648680397
1568648680412
1568648680425
1568648680439
1568648680453
1568648680467
1568648680482
1568648680496
1568648680511
1568648680528
1568648680542
1568648680556
1568648680569
1568648680583
1568648680596
1568648680609
1568648680621
1568648680677
1568648680724
1568648680760
1568648680792
1568648680817
1568648680833
1568648680850
1568648680864
1568648680878
1568648680891
1568648680903
1568648680917
1568648680931
1568648680944
1568648680957
1568648680971
1568648680985
1568648680999
1568648681019
1568648681034
1568648681048
1568648681065
1568648681081
1568648681095
1568648681111
1568648681126
1568648681139
1568648681153
1568648681171
1568648681185
1568648681201
1568648681215
1568648681229
1568648681244
1568648681259
1568648681273
1568648681287
1568648681302
1568648681319
1568648681336
1568648681352
1568648681370
1568648681386
1568648681402
1568648681419
1568648681435
1568648681450
1568648681466
1568648681483
1568648681500
1568648681516
1568648681533
1568648681550
1568648681567
1568648681583
1568648681600
1568648681618
1568648681635
1568648681651
1568648681667
1568648681685
1568648681699
1568648681714
1568648681729
1568648681746
1568648681761
1568648681777
1568648681792
1568648681807
1568648681824
1568648681840
1568648681855
1568648681872
1568648681888
1568648681904
1568648681921
1568648681938
1568648681954
1568648681969
1568648681983
1568648681998
1568648682012
1568648682027
1568648682042
1568648682056
1568648682072
1568648682088
1568648682105
1568648682122
1568648682138
1568648682153
1568648682171
1568648682187
1568648682201
1568648682214
1568648682227
1568648682243
1568648682258
1568648682272
1568648682287
1568648682304
1568648682318
1568648682332
1568648682344
1568648682357
