1568648653181
1568648653198
1568648653217
1568648653232
1568648653246
1568648653259
1568648653272
1568648653287
1568648653303
1568648653317
1568648653332
1568648653346
1568648653360
1568648653373
1568648653388
1568648653403
1568648653416
1568648653428
1568648653441
1568648653453
1568648653466
1568648653479
1568648653493
1568648653508
1568648653522
1568648653537
1568648653553
1568648653568
1568648653582
1568648653597
1568648653610
1568648653623
1568648653638
1568648653653
1568648653666
1568648653679
1568648653692
1568648653709
1568648653724
1568648653739
1568648653752
1568648653766
1568648653779
1568648653792
1568648653805
1568648653818
1568648653831
1568648653845
1568648653859
1568648653877
1568648653892
1568648653906
1568648653923
1568648653938
1568648653952
1568648653965
1568648653978
1568648653990
1568648654003
1568648654016
1568648654030
1568648654044
1568648654057
1568648654070
1568648654083
1568648654096
1568648654112
1568648654127
1568648654140
1568648654155
1568648654169
1568648654184
1568648654198
1568648654214
1568648654230
1568648654246
1568648654260
1568648654276
1568648654290
1568648654304
1568648654319
1568648654333
1568648654347
1568648654360
1568648654375
1568648654392
1568648654406
1568648654420
1568648654435
1568648654450
1568648654464
1568648654479
1568648654492
1568648654507
1568648654523
1568648654537
1568648654552
1568648654567
1568648654582
1568648654597
1568648654610
1568648654624
1568648654638
1568648654652
1568648654665
1568648654680
1568648654694
1568648654708
1568648654722
1568648654739
1568648654754
1568648654768
1568648654781
1568648654794
1568648654810
1568648654824
1568648654838
1568648654852
1568648654865
1568648654879
1568648654895
1568648654911
1568648654924
1568648654938
1568648654950
1568648654964
1568648654978
1568648654993
1568648655007
1568648655022
1568648655035
1568648655048
1568648655061
1568648655075
1568648655089
1568648655105
1568648655118
1568648655133
1568648655146
1568648655160
1568648655172
1568648655185
1568648655200
1568648655214
1568648655228
1568648655243
1568648655257
1568648655271
1568648655285
1568648655299
