1568648663241
1568648663258
1568648663276
1568648663291
1568648663305
1568648663319
1568648663333
1568648663348
1568648663364
1568648663378
1568648663392
1568648663406
1568648663422
1568648663437
1568648663451
1568648663465
1568648663480
1568648663494
1568648663508
1568648663522
1568648663536
1568648663550
1568648663565
1568648663579
1568648663592
1568648663606
1568648663621
1568648663634
1568648663648
1568648663660
1568648663672
1568648663685
1568648663698
1568648663711
1568648663724
1568648663741
1568648663754
1568648663767
1568648663780
1568648663793
1568648663808
1568648663821
1568648663834
1568648663846
1568648663858
1568648663871
1568648663883
1568648663896
1568648663909
1568648663925
1568648663938
1568648663952
1568648663964
1568648663976
1568648663989
1568648664003
1568648664016
1568648664030
1568648664042
1568648664055
1568648664070
1568648664084
1568648664099
1568648664114
1568648664127
1568648664140
1568648664152
1568648664162
1568648664174
1568648664187
1568648664200
1568648664215
1568648664228
1568648664242
1568648664256
1568648664273
1568648664287
1568648664302
1568648664316
1568648664329
1568648664342
1568648664356
1568648664371
1568648664387
1568648664402
1568648664417
1568648664431
1568648664445
1568648664459
1568648664472
1568648664486
1568648664499
1568648664514
1568648664530
1568648664544
1568648664557
1568648664573
1568648664589
1568648664605
1568648664619
1568648664634
1568648664650
1568648664664
1568648664678
1568648664692
1568648664708
1568648664723
1568648664738
1568648664754
1568648664770
1568648664785
1568648664800
1568648664814
1568648664828
1568648664842
1568648664856
1568648664870
1568648664884
1568648664900
1568648664915
1568648664928
1568648664941
1568648664953
1568648664970
1568648664984
1568648664999
1568648665013
1568648665026
1568648665040
1568648665055
1568648665070
1568648665085
1568648665100
1568648665115
1568648665132
1568648665146
1568648665160
1568648665174
1568648665187
1568648665201
1568648665215
1568648665231
1568648665245
1568648665259
1568648665273
1568648665287
1568648665300
1568648665315
1568648665330
1568648665344
