1568648656513
1568648656527
1568648656543
1568648656557
1568648656571
1568648656586
1568648656599
1568648656612
1568648656625
1568648656639
1568648656652
1568648656665
1568648656679
1568648656694
1568648656708
1568648656724
1568648656739
1568648656753
1568648656765
1568648656778
1568648656790
1568648656803
1568648656818
1568648656832
1568648656846
1568648656860
1568648656873
1568648656888
1568648656901
1568648656914
1568648656928
1568648656942
1568648656956
1568648656969
1568648656982
1568648656996
1568648657010
1568648657026
1568648657040
1568648657055
1568648657069
1568648657082
1568648657095
1568648657111
1568648657127
1568648657141
1568648657154
1568648657168
1568648657181
1568648657195
1568648657210
1568648657224
1568648657236
1568648657248
1568648657327
1568648657367
1568648657395
1568648657421
1568648657437
1568648657454
1568648657470
1568648657485
1568648657499
1568648657512
1568648657524
1568648657540
1568648657554
1568648657568
1568648657581
1568648657596
1568648657610
1568648657623
1568648657637
1568648657650
1568648657663
1568648657678
1568648657691
1568648657705
1568648657720
1568648657734
1568648657748
1568648657762
1568648657775
1568648657790
1568648657806
1568648657822
1568648657837
1568648657851
1568648657866
1568648657881
1568648657894
1568648657908
1568648657922
1568648657936
1568648657952
1568648657967
1568648657981
1568648657996
1568648658010
1568648658026
1568648658041
1568648658055
1568648658069
1568648658084
1568648658098
1568648658112
1568648658127
1568648658142
1568648658157
1568648658172
1568648658186
1568648658200
1568648658214
1568648658230
1568648658244
1568648658260
1568648658276
1568648658291
1568648658304
1568648658318
1568648658331
1568648658346
1568648658362
1568648658378
1568648658393
1568648658409
1568648658424
1568648658438
1568648658452
1568648658465
1568648658480
1568648658494
1568648658509
1568648658524
1568648658539
1568648658553
1568648658567
1568648658581
1568648658594
1568648658607
1568648658621
1568648658635
1568648658649
1568648658663
1568648658677
1568648658692
1568648658704
1568648658716
1568648658728
1568648658742
