1568648629279
1568648629292
1568648629307
1568648629320
1568648629332
1568648629344
1568648629357
1568648629370
1568648629382
1568648629394
1568648629406
1568648629418
1568648629431
1568648629444
1568648629457
1568648629469
1568648629483
1568648629497
1568648629509
1568648629521
1568648629534
1568648629546
1568648629558
1568648629571
1568648629584
1568648629597
1568648629609
1568648629621
1568648629633
1568648629644
1568648629656
1568648629668
1568648629679
1568648629692
1568648629703
1568648629715
1568648629727
1568648629739
1568648629752
1568648629764
1568648629775
1568648629787
1568648629799
1568648629811
1568648629823
1568648629835
1568648629846
1568648629858
1568648629870
1568648629884
1568648629895
1568648629906
1568648629918
1568648629931
1568648629943
1568648629955
1568648629966
1568648629979
1568648629991
1568648630004
1568648630016
1568648630030
1568648630042
1568648630055
1568648630067
1568648630078
1568648630090
1568648630102
1568648630114
1568648630127
1568648630139
1568648630150
1568648630162
1568648630175
1568648630187
1568648630199
1568648630212
1568648630225
1568648630239
1568648630253
1568648630267
1568648630280
1568648630292
1568648630304
1568648630317
1568648630331
1568648630344
1568648630357
1568648630369
1568648630382
1568648630395
1568648630408
1568648630421
1568648630433
1568648630445
1568648630459
1568648630472
1568648630486
1568648630499
1568648630512
1568648630524
1568648630537
1568648630551
1568648630564
1568648630578
1568648630592
1568648630603
1568648630617
1568648630630
1568648630643
1568648630656
1568648630670
1568648630683
1568648630696
1568648630709
1568648630721
1568648630734
1568648630747
1568648630760
1568648630773
1568648630786
1568648630800
1568648630813
1568648630827
1568648630840
1568648630853
1568648630867
1568648630879
1568648630892
1568648630905
1568648630917
1568648630929
1568648630943
1568648630957
1568648630970
1568648630983
1568648630995
1568648631007
1568648631018
1568648631030
1568648631042
1568648631053
1568648631065
1568648631077
1568648631091
1568648631104
1568648631118
1568648631132
1568648631144
1568648631157
