1568648649653
1568648649668
1568648649685
1568648649698
1568648649711
1568648649724
1568648649736
1568648649749
1568648649763
1568648649777
1568648649790
1568648649803
1568648649817
1568648649830
1568648649845
1568648649859
1568648649872
1568648649884
1568648649898
1568648649913
1568648649926
1568648649942
1568648649957
1568648649972
1568648649988
1568648650003
1568648650017
1568648650033
1568648650047
1568648650060
1568648650073
1568648650086
1568648650098
1568648650112
1568648650128
1568648650142
1568648650157
1568648650171
1568648650182
1568648650195
1568648650210
1568648650223
1568648650235
1568648650249
1568648650261
1568648650274
1568648650287
1568648650300
1568648650313
1568648650328
1568648650342
1568648650356
1568648650367
1568648650381
1568648650395
1568648650408
1568648650423
1568648650437
1568648650451
1568648650463
1568648650475
1568648650488
1568648650500
1568648650516
1568648650530
1568648650543
1568648650556
1568648650568
1568648650581
1568648650596
1568648650609
1568648650622
1568648650635
1568648650649
1568648650665
1568648650679
1568648650693
1568648650706
1568648650723
1568648650737
1568648650751
1568648650764
1568648650779
1568648650794
1568648650809
1568648650825
1568648650839
1568648650854
1568648650869
1568648650883
1568648650896
1568648650911
1568648650925
1568648650939
1568648650953
1568648650968
1568648650983
1568648650999
1568648651014
1568648651030
1568648651044
1568648651058
1568648651095
1568648651150
1568648651187
1568648651214
1568648651234
1568648651252
1568648651269
1568648651286
1568648651300
1568648651314
1568648651327
1568648651339
1568648651352
1568648651366
1568648651381
1568648651395
1568648651409
1568648651422
1568648651435
1568648651450
1568648651464
1568648651479
1568648651492
1568648651505
1568648651518
1568648651530
1568648651543
1568648651559
1568648651573
1568648651587
1568648651601
1568648651616
1568648651630
1568648651646
1568648651660
1568648651674
1568648651688
1568648651701
1568648651714
1568648651730
1568648651745
1568648651759
1568648651772
1568648651786
1568648651800
1568648651816
1568648651829
1568648651842
