1568650299817
1568650299831
1568650299845
1568650299857
1568650299868
1568650299881
1568650299893
1568650299906
1568650299919
1568650299931
1568650299944
1568650299957
1568650299969
1568650299983
1568650299995
1568650300007
1568650300019
1568650300031
1568650300044
1568650300056
1568650300069
1568650300082
1568650300094
1568650300107
1568650300119
1568650300133
1568650300145
1568650300161
1568650300174
1568650300186
1568650300199
1568650300211
1568650300223
1568650300236
1568650300249
1568650300262
1568650300275
1568650300288
1568650300302
1568650300315
1568650300329
1568650300341
1568650300355
1568650300368
1568650300381
1568650300394
1568650300406
1568650300420
1568650300432
1568650300446
1568650300459
1568650300473
1568650300485
1568650300498
1568650300511
1568650300524
1568650300538
1568650300552
1568650300566
1568650300579
1568650300592
1568650300605
1568650300619
1568650300632
1568650300645
1568650300658
1568650300670
1568650300684
1568650300697
1568650300711
1568650300723
1568650300737
1568650300750
1568650300764
1568650300776
1568650300791
1568650300805
1568650300819
1568650300832
1568650300846
1568650300859
1568650300872
1568650300886
1568650300900
1568650300913
1568650300928
1568650300943
1568650300957
1568650300971
1568650300985
1568650300999
1568650301013
1568650301026
1568650301040
1568650301053
1568650301067
1568650301080
1568650301095
1568650301109
1568650301123
1568650301137
1568650301153
1568650301166
1568650301180
1568650301194
1568650301208
1568650301222
1568650301236
1568650301249
1568650301266
1568650301279
1568650301294
1568650301307
1568650301321
1568650301335
1568650301349
1568650301362
1568650301376
1568650301390
1568650301405
1568650301419
1568650301433
1568650301445
1568650301459
1568650301472
1568650301485
1568650301497
1568650301511
1568650301524
1568650301538
1568650301551
1568650301565
1568650301578
1568650301593
1568650301607
1568650301621
1568650301635
1568650301648
1568650301661
1568650301674
1568650301686
1568650301700
1568650301714
1568650301727
1568650301740
1568650301755
1568650301768
1568650301781
1568650301793
1568650301807
