1568650332885
1568650332900
1568650332917
1568650332930
1568650332943
1568650332956
1568650332971
1568650332985
1568650332998
1568650333012
1568650333025
1568650333039
1568650333053
1568650333068
1568650333083
1568650333097
1568650333110
1568650333124
1568650333137
1568650333151
1568650333165
1568650333178
1568650333192
1568650333206
1568650333220
1568650333234
1568650333246
1568650333260
1568650333274
1568650333289
1568650333303
1568650333316
1568650333328
1568650333341
1568650333356
1568650333371
1568650333386
1568650333399
1568650333413
1568650333427
1568650333443
1568650333456
1568650333470
1568650333484
1568650333499
1568650333514
1568650333526
1568650333542
1568650333556
1568650333570
1568650333583
1568650333597
1568650333611
1568650333624
1568650333641
1568650333656
1568650333670
1568650333684
1568650333696
1568650333711
1568650333726
1568650333741
1568650333755
1568650333769
1568650333785
1568650333799
1568650333812
1568650333826
1568650333839
1568650333855
1568650333869
1568650333883
1568650333895
1568650333911
1568650333926
1568650333939
1568650333954
1568650333970
1568650333984
1568650333999
1568650334015
1568650334030
1568650334044
1568650334059
1568650334074
1568650334089
1568650334103
1568650334117
1568650334131
1568650334145
1568650334160
1568650334174
1568650334189
1568650334206
1568650334220
1568650334234
1568650334249
1568650334265
1568650334280
1568650334294
1568650334308
1568650334322
1568650334335
1568650334348
1568650334361
1568650334375
1568650334389
1568650334403
1568650334418
1568650334436
1568650334451
1568650334466
1568650334480
1568650334496
1568650334510
1568650334524
1568650334538
1568650334554
1568650334568
1568650334581
1568650334596
1568650334611
1568650334626
1568650334641
1568650334655
1568650334669
1568650334682
1568650334696
1568650334709
1568650334725
1568650334738
1568650334752
1568650334764
1568650334778
1568650334792
1568650334806
1568650334819
1568650334833
1568650334847
1568650334861
1568650334876
1568650334890
1568650334904
1568650334917
1568650334931
1568650334944
1568650334958
1568650334971
1568650334986
1568650335001
