1568650325938
1568650325955
1568650325972
1568650325987
1568650326002
1568650326017
1568650326032
1568650326047
1568650326062
1568650326077
1568650326094
1568650326110
1568650326125
1568650326142
1568650326157
1568650326171
1568650326184
1568650326198
1568650326212
1568650326226
1568650326242
1568650326258
1568650326273
1568650326287
1568650326302
1568650326319
1568650326333
1568650326347
1568650326360
1568650326375
1568650326391
1568650326405
1568650326418
1568650326431
1568650326443
1568650326455
1568650326471
1568650326486
1568650326501
1568650326516
1568650326568
1568650326624
1568650326658
1568650326686
1568650326708
1568650326728
1568650326745
1568650326761
1568650326776
1568650326792
1568650326806
1568650326819
1568650326832
1568650326846
1568650326935
1568650326976
1568650327006
1568650327032
1568650327053
1568650327070
1568650327084
1568650327099
1568650327111
1568650327125
1568650327138
1568650327150
1568650327163
1568650327176
1568650327189
1568650327202
1568650327215
1568650327229
1568650327244
1568650327259
1568650327273
1568650327287
1568650327301
1568650327317
1568650327330
1568650327345
1568650327359
1568650327374
1568650327388
1568650327402
1568650327416
1568650327433
1568650327448
1568650327463
1568650327477
1568650327490
1568650327504
1568650327518
1568650327532
1568650327547
1568650327562
1568650327577
1568650327591
1568650327605
1568650327620
1568650327635
1568650327649
1568650327663
1568650327679
1568650327694
1568650327709
1568650327725
1568650327739
1568650327752
1568650327768
1568650327785
1568650327800
1568650327814
1568650327827
1568650327841
1568650327855
1568650327870
1568650327883
1568650327897
1568650327912
1568650327927
1568650327942
1568650327957
1568650327972
1568650327987
1568650328000
1568650328015
1568650328028
1568650328043
1568650328055
1568650328068
1568650328080
1568650328093
1568650328106
1568650328121
1568650328134
1568650328148
1568650328162
1568650328176
1568650328189
1568650328202
1568650328216
1568650328230
1568650328244
1568650328258
1568650328272
1568650328287
1568650328301
1568650328314
1568650328327
1568650328341
