1568650320940
1568650320954
1568650320970
1568650320986
1568650321001
1568650321015
1568650321029
1568650321043
1568650321057
1568650321070
1568650321085
1568650321099
1568650321113
1568650321128
1568650321142
1568650321157
1568650321170
1568650321183
1568650321196
1568650321208
1568650321220
1568650321234
1568650321247
1568650321260
1568650321274
1568650321288
1568650321302
1568650321315
1568650321327
1568650321339
1568650321351
1568650321366
1568650321380
1568650321395
1568650321408
1568650321422
1568650321439
1568650321454
1568650321468
1568650321481
1568650321498
1568650321513
1568650321528
1568650321542
1568650321556
1568650321570
1568650321583
1568650321596
1568650321612
1568650321628
1568650321642
1568650321655
1568650321670
1568650321684
1568650321697
1568650321710
1568650321723
1568650321738
1568650321753
1568650321768
1568650321781
1568650321796
1568650321809
1568650321824
1568650321837
1568650321852
1568650321868
1568650321885
1568650321898
1568650321912
1568650321925
1568650321939
1568650321952
1568650321968
1568650321984
1568650321999
1568650322013
1568650322029
1568650322044
1568650322058
1568650322071
1568650322086
1568650322101
1568650322115
1568650322129
1568650322143
1568650322159
1568650322173
1568650322188
1568650322203
1568650322219
1568650322236
1568650322251
1568650322266
1568650322282
1568650322299
1568650322315
1568650322331
1568650322347
1568650322363
1568650322379
1568650322396
1568650322411
1568650322426
1568650322440
1568650322455
1568650322469
1568650322482
1568650322496
1568650322510
1568650322525
1568650322540
1568650322554
1568650322570
1568650322585
1568650322601
1568650322615
1568650322629
1568650322642
1568650322655
1568650322669
1568650322684
1568650322697
1568650322713
1568650322727
1568650322741
1568650322754
1568650322768
1568650322785
1568650322800
1568650322814
1568650322828
1568650322842
1568650322858
1568650322872
1568650322886
1568650322899
1568650322912
1568650322926
1568650322940
1568650322956
1568650322971
1568650322984
1568650322999
1568650323012
1568650323026
1568650323042
1568650323057
1568650323071
1568650323085
