1568650304679
1568650304692
1568650304707
1568650304719
1568650304733
1568650304747
1568650304760
1568650304773
1568650304787
1568650304801
1568650304815
1568650304828
1568650304840
1568650304854
1568650304868
1568650304882
1568650304894
1568650304907
1568650304921
1568650304934
1568650304947
1568650304960
1568650304972
1568650304985
1568650304997
1568650305010
1568650305023
1568650305036
1568650305049
1568650305062
1568650305075
1568650305088
1568650305104
1568650305117
1568650305130
1568650305143
1568650305157
1568650305171
1568650305184
1568650305197
1568650305210
1568650305224
1568650305237
1568650305250
1568650305263
1568650305276
1568650305289
1568650305302
1568650305315
1568650305330
1568650305344
1568650305358
1568650305371
1568650305384
1568650305396
1568650305408
1568650305421
1568650305434
1568650305447
1568650305460
1568650305473
1568650305487
1568650305500
1568650305513
1568650305526
1568650305540
1568650305552
1568650305565
1568650305578
1568650305591
1568650305604
1568650305617
1568650305631
1568650305645
1568650305658
1568650305672
1568650305684
1568650305698
1568650305710
1568650305724
1568650305737
1568650305750
1568650305763
1568650305776
1568650305789
1568650305804
1568650305817
1568650305830
1568650305844
1568650305858
1568650305872
1568650305886
1568650305899
1568650305913
1568650305926
1568650305940
1568650305954
1568650305969
1568650305982
1568650305997
1568650306011
1568650306025
1568650306039
1568650306053
1568650306067
1568650306082
1568650306097
1568650306115
1568650306131
1568650306149
1568650306163
1568650306177
1568650306191
1568650306205
1568650306221
1568650306238
1568650306252
1568650306266
1568650306279
1568650306293
1568650306306
1568650306319
1568650306333
1568650306347
1568650306362
1568650306376
1568650306390
1568650306404
1568650306418
1568650306432
1568650306445
1568650306459
1568650306473
1568650306488
1568650306503
1568650306517
1568650306530
1568650306545
1568650306559
1568650306572
1568650306585
1568650306599
1568650306615
1568650306629
1568650306643
1568650306657
1568650306670
1568650306683
1568650306697
1568650306709
