1568650329449
1568650329465
1568650329481
1568650329495
1568650329510
1568650329525
1568650329538
1568650329552
1568650329565
1568650329579
1568650329591
1568650329604
1568650329617
1568650329630
1568650329643
1568650329657
1568650329670
1568650329683
1568650329696
1568650329711
1568650329726
1568650329740
1568650329753
1568650329768
1568650329783
1568650329797
1568650329813
1568650329827
1568650329839
1568650329852
1568650329865
1568650329879
1568650329892
1568650329906
1568650329918
1568650329932
1568650329946
1568650329962
1568650329975
1568650329990
1568650330004
1568650330018
1568650330031
1568650330045
1568650330058
1568650330071
1568650330084
1568650330097
1568650330164
1568650330207
1568650330238
1568650330264
1568650330286
1568650330303
1568650330318
1568650330333
1568650330346
1568650330359
1568650330371
1568650330384
1568650330396
1568650330409
1568650330421
1568650330433
1568650330446
1568650330459
1568650330472
1568650330486
1568650330498
1568650330511
1568650330524
1568650330537
1568650330552
1568650330567
1568650330580
1568650330595
1568650330609
1568650330623
1568650330636
1568650330650
1568650330664
1568650330679
1568650330693
1568650330709
1568650330723
1568650330738
1568650330751
1568650330766
1568650330780
1568650330795
1568650330808
1568650330822
1568650330836
1568650330851
1568650330866
1568650330880
1568650330894
1568650330909
1568650330924
1568650330939
1568650330953
1568650330968
1568650330983
1568650330997
1568650331012
1568650331028
1568650331044
1568650331059
1568650331073
1568650331088
1568650331103
1568650331119
1568650331133
1568650331147
1568650331161
1568650331176
1568650331191
1568650331207
1568650331221
1568650331236
1568650331253
1568650331269
1568650331282
1568650331295
1568650331308
1568650331323
1568650331337
1568650331350
1568650331364
1568650331379
1568650331393
1568650331407
1568650331423
1568650331438
1568650331452
1568650331465
1568650331478
1568650331493
1568650331506
1568650331520
1568650331534
1568650331548
1568650331562
1568650331577
1568650331590
1568650331605
1568650331620
1568650331634
1568650331648
1568650331662
