1568650309594
1568650309608
1568650309626
1568650309640
1568650309652
1568650309666
1568650309679
1568650309693
1568650309707
1568650309721
1568650309734
1568650309748
1568650309762
1568650309775
1568650309790
1568650309804
1568650309818
1568650309832
1568650309845
1568650309860
1568650309875
1568650309889
1568650309902
1568650309914
1568650309928
1568650309942
1568650309956
1568650309970
1568650309983
1568650309996
1568650310010
1568650310023
1568650310036
1568650310050
1568650310066
1568650310082
1568650310096
1568650310111
1568650310125
1568650310138
1568650310151
1568650310166
1568650310182
1568650310197
1568650310212
1568650310227
1568650310241
1568650310254
1568650310270
1568650310287
1568650310302
1568650310316
1568650310329
1568650310343
1568650310358
1568650310371
1568650310383
1568650310398
1568650310411
1568650310425
1568650310439
1568650310453
1568650310468
1568650310483
1568650310497
1568650310512
1568650310525
1568650310539
1568650310556
1568650310576
1568650310592
1568650310605
1568650310618
1568650310633
1568650310646
1568650310659
1568650310674
1568650310688
1568650310701
1568650310716
1568650310729
1568650310743
1568650310756
1568650310771
1568650310784
1568650310799
1568650310813
1568650310827
1568650310841
1568650310855
1568650310870
1568650310883
1568650310897
1568650310910
1568650310925
1568650310940
1568650310955
1568650310969
1568650310982
1568650310997
1568650311010
1568650311025
1568650311038
1568650311054
1568650311069
1568650311084
1568650311097
1568650311111
1568650311127
1568650311144
1568650311159
1568650311174
1568650311187
1568650311200
1568650311213
1568650311227
1568650311241
1568650311255
1568650311268
1568650311282
1568650311298
1568650311313
1568650311327
1568650311340
1568650311354
1568650311367
1568650311381
1568650311394
1568650311408
1568650311421
1568650311434
1568650311448
1568650311462
1568650311476
1568650311489
1568650311502
1568650311515
1568650311529
1568650311542
1568650311555
1568650311568
1568650311582
1568650311595
1568650311610
1568650311625
1568650311641
1568650311656
1568650311670
1568650311684
1568650311697
