1568390693548
1568390693563
1568390693577
1568390693590
1568390693603
1568390693615
1568390693628
1568390693642
1568390693655
1568390693669
1568390693682
1568390693696
1568390693709
1568390693722
1568390693735
1568390693749
1568390693762
1568390693775
1568390693788
1568390693801
1568390693814
1568390693827
1568390693839
1568390693852
1568390693865
1568390693879
1568390693892
1568390693905
1568390693919
1568390693932
1568390693945
1568390693958
1568390693971
1568390693984
1568390693996
1568390694010
1568390694022
1568390694036
1568390694049
1568390694063
1568390694076
1568390694090
1568390694104
1568390694117
1568390694131
1568390694144
1568390694157
1568390694171
1568390694183
1568390694197
1568390694210
1568390694223
1568390694236
1568390694249
1568390694262
1568390694276
1568390694289
1568390694302
1568390694315
1568390694328
1568390694341
1568390694354
1568390694367
1568390694381
1568390694394
1568390694407
1568390694420
1568390694434
1568390694449
1568390694463
1568390694478
1568390694492
1568390694506
1568390694522
1568390694536
1568390694551
1568390694568
1568390694582
1568390694596
1568390694611
1568390694624
1568390694639
1568390694653
1568390694667
1568390694681
1568390694696
1568390694711
1568390694725
1568390694739
1568390694753
1568390694768
1568390694783
1568390694797
1568390694812
1568390694827
1568390694842
1568390694855
1568390694870
1568390694885
1568390694900
1568390694915
1568390694930
1568390694944
1568390694959
1568390694973
1568390694987
1568390695002
1568390695016
1568390695030
1568390695045
1568390695059
1568390695074
1568390695088
1568390695103
1568390695118
1568390695132
1568390695146
1568390695160
1568390695173
1568390695187
1568390695199
1568390695213
1568390695226
1568390695239
1568390695252
1568390695266
1568390695278
1568390695292
1568390695305
1568390695319
1568390695332
1568390695346
1568390695359
1568390695373
1568390695386
1568390695399
1568390695412
1568390695426
1568390695438
1568390695452
1568390695466
1568390695480
1568390695493
1568390695507
1568390695521
1568390695534
1568390695548
1568390695563
1568390695576
1568390695589
