1568390728524
1568390728537
1568390728552
1568390728566
1568390728579
1568390728593
1568390728606
1568390728619
1568390728632
1568390728645
1568390728658
1568390728671
1568390728684
1568390728697
1568390728711
1568390728725
1568390728738
1568390728753
1568390728765
1568390728778
1568390728790
1568390728804
1568390728817
1568390728830
1568390728843
1568390728856
1568390728869
1568390728883
1568390728896
1568390728908
1568390728921
1568390728934
1568390728947
1568390728959
1568390728972
1568390728985
1568390728997
1568390729011
1568390729026
1568390729042
1568390729055
1568390729069
1568390729083
1568390729097
1568390729111
1568390729126
1568390729141
1568390729156
1568390729171
1568390729186
1568390729200
1568390729214
1568390729228
1568390729241
1568390729255
1568390729268
1568390729282
1568390729296
1568390729309
1568390729324
1568390729337
1568390729352
1568390729366
1568390729380
1568390729394
1568390729407
1568390729420
1568390729433
1568390729446
1568390729460
1568390729473
1568390729487
1568390729502
1568390729517
1568390729531
1568390729546
1568390729560
1568390729574
1568390729589
1568390729603
1568390729616
1568390729630
1568390729644
1568390729659
1568390729672
1568390729688
1568390729703
1568390729717
1568390729731
1568390729746
1568390729760
1568390729775
1568390729789
1568390729804
1568390729819
1568390729833
1568390729846
1568390729861
1568390729875
1568390729889
1568390729903
1568390729918
1568390729931
1568390729946
1568390729959
1568390729972
1568390729986
1568390730000
1568390730014
1568390730028
1568390730043
1568390730057
1568390730071
1568390730084
1568390730097
1568390730110
1568390730123
1568390730138
1568390730152
1568390730166
1568390730180
1568390730195
1568390730208
1568390730220
1568390730233
1568390730247
1568390730262
1568390730276
1568390730289
1568390730303
1568390730316
1568390730330
1568390730344
1568390730359
1568390730372
1568390730386
1568390730400
1568390730414
1568390730426
1568390730441
1568390730454
1568390730468
1568390730480
1568390730493
1568390730507
1568390730521
1568390730535
1568390730550
1568390730564
1568390730577
