1568390722234
1568390722248
1568390722263
1568390722275
1568390722288
1568390722300
1568390722312
1568390722325
1568390722337
1568390722349
1568390722362
1568390722375
1568390722388
1568390722401
1568390722413
1568390722426
1568390722439
1568390722452
1568390722465
1568390722478
1568390722491
1568390722506
1568390722520
1568390722533
1568390722546
1568390722561
1568390722575
1568390722589
1568390722603
1568390722617
1568390722630
1568390722644
1568390722658
1568390722671
1568390722684
1568390722697
1568390722710
1568390722726
1568390722740
1568390722754
1568390722767
1568390722782
1568390722797
1568390722811
1568390722825
1568390722839
1568390722853
1568390722866
1568390722880
1568390722894
1568390722909
1568390722924
1568390722937
1568390722952
1568390722968
1568390722982
1568390722997
1568390723011
1568390723024
1568390723038
1568390723052
1568390723067
1568390723081
1568390723095
1568390723108
1568390723122
1568390723135
1568390723150
1568390723163
1568390723177
1568390723190
1568390723204
1568390723218
1568390723233
1568390723247
1568390723262
1568390723276
1568390723290
1568390723304
1568390723319
1568390723333
1568390723348
1568390723362
1568390723376
1568390723390
1568390723405
1568390723421
1568390723435
1568390723450
1568390723464
1568390723479
1568390723493
1568390723506
1568390723521
1568390723535
1568390723550
1568390723564
1568390723579
1568390723593
1568390723608
1568390723622
1568390723636
1568390723651
1568390723665
1568390723679
1568390723694
1568390723708
1568390723722
1568390723736
1568390723752
1568390723767
1568390723782
1568390723796
1568390723810
1568390723825
1568390723839
1568390723853
1568390723866
1568390723880
1568390723895
1568390723910
1568390723925
1568390723939
1568390723953
1568390723965
1568390723979
1568390723991
1568390724005
1568390724018
1568390724033
1568390724047
1568390724062
1568390724075
1568390724090
1568390724104
1568390724119
1568390724132
1568390724145
1568390724159
1568390724172
1568390724186
1568390724200
1568390724213
1568390724227
1568390724240
1568390724254
1568390724268
1568390724281
1568390724294
1568390724308
