1568390715821
1568390715834
1568390715849
1568390715862
1568390715876
1568390715890
1568390715903
1568390715916
1568390715929
1568390715942
1568390715956
1568390715969
1568390715981
1568390715995
1568390716007
1568390716021
1568390716033
1568390716045
1568390716058
1568390716071
1568390716085
1568390716099
1568390716113
1568390716127
1568390716141
1568390716155
1568390716169
1568390716183
1568390716196
1568390716209
1568390716223
1568390716236
1568390716250
1568390716265
1568390716278
1568390716292
1568390716305
1568390716320
1568390716333
1568390716347
1568390716360
1568390716374
1568390716387
1568390716401
1568390716415
1568390716429
1568390716442
1568390716454
1568390716466
1568390716483
1568390716497
1568390716511
1568390716524
1568390716537
1568390716550
1568390716563
1568390716577
1568390716590
1568390716604
1568390716617
1568390716630
1568390716645
1568390716659
1568390716674
1568390716688
1568390716702
1568390716715
1568390716730
1568390716743
1568390716756
1568390716771
1568390716784
1568390716799
1568390716814
1568390716829
1568390716843
1568390716858
1568390716872
1568390716886
1568390716901
1568390716916
1568390716931
1568390716944
1568390716959
1568390716973
1568390716988
1568390717003
1568390717018
1568390717032
1568390717046
1568390717060
1568390717075
1568390717089
1568390717103
1568390717118
1568390717132
1568390717146
1568390717161
1568390717177
1568390717192
1568390717208
1568390717224
1568390717239
1568390717255
1568390717270
1568390717285
1568390717299
1568390717313
1568390717326
1568390717341
1568390717355
1568390717369
1568390717383
1568390717397
1568390717412
1568390717427
1568390717440
1568390717455
1568390717470
1568390717484
1568390717497
1568390717513
1568390717527
1568390717542
1568390717556
1568390717570
1568390717584
1568390717599
1568390717612
1568390717626
1568390717638
1568390717651
1568390717664
1568390717677
1568390717690
1568390717704
1568390717719
1568390717733
1568390717747
1568390717760
1568390717774
1568390717788
1568390717801
1568390717816
1568390717828
1568390717844
1568390717858
1568390717872
1568390717885
1568390717898
