1568390731656
1568390731671
1568390731685
1568390731698
1568390731711
1568390731725
1568390731740
1568390731754
1568390731767
1568390731782
1568390731796
1568390731810
1568390731823
1568390731839
1568390731853
1568390731868
1568390731882
1568390731896
1568390731909
1568390731923
1568390731937
1568390731950
1568390731964
1568390731977
1568390731990
1568390732005
1568390732019
1568390732033
1568390732045
1568390732058
1568390732071
1568390732084
1568390732098
1568390732111
1568390732124
1568390732138
1568390732152
1568390732167
1568390732180
1568390732194
1568390732208
1568390732225
1568390732238
1568390732251
1568390732264
1568390732277
1568390732290
1568390732304
1568390732317
1568390732331
1568390732344
1568390732358
1568390732371
1568390732386
1568390732399
1568390732412
1568390732425
1568390732439
1568390732451
1568390732464
1568390732477
1568390732491
1568390732504
1568390732517
1568390732530
1568390732543
1568390732556
1568390732569
1568390732582
1568390732596
1568390732609
1568390732624
1568390732637
1568390732653
1568390732667
1568390732681
1568390732695
1568390732709
1568390732722
1568390732737
1568390732750
1568390732765
1568390732779
1568390732794
1568390732808
1568390732823
1568390732837
1568390732852
1568390732866
1568390732880
1568390732895
1568390732910
1568390732924
1568390732938
1568390732952
1568390732966
1568390732980
1568390732995
1568390733009
1568390733024
1568390733038
1568390733053
1568390733068
1568390733086
1568390733101
1568390733116
1568390733132
1568390733148
1568390733165
1568390733181
1568390733198
1568390733215
1568390733229
1568390733243
1568390733257
1568390733271
1568390733286
1568390733300
1568390733314
1568390733327
1568390733340
1568390733354
1568390733368
1568390733381
1568390733394
1568390733408
1568390733421
1568390733435
1568390733449
1568390733463
1568390733476
1568390733490
1568390733502
1568390733516
1568390733529
1568390733543
1568390733556
1568390733570
1568390733583
1568390733597
1568390733610
1568390733623
1568390733635
1568390733648
1568390733662
1568390733676
1568390733689
1568390733701
1568390733714
1568390733727
