1568390719046
1568390719060
1568390719075
1568390719088
1568390719100
1568390719113
1568390719125
1568390719138
1568390719150
1568390719163
1568390719175
1568390719188
1568390719200
1568390719213
1568390719226
1568390719239
1568390719252
1568390719264
1568390719277
1568390719290
1568390719303
1568390719316
1568390719329
1568390719343
1568390719355
1568390719369
1568390719383
1568390719397
1568390719410
1568390719423
1568390719437
1568390719450
1568390719463
1568390719476
1568390719489
1568390719503
1568390719516
1568390719530
1568390719543
1568390719556
1568390719569
1568390719582
1568390719595
1568390719609
1568390719622
1568390719635
1568390719648
1568390719662
1568390719675
1568390719688
1568390719702
1568390719715
1568390719728
1568390719742
1568390719755
1568390719768
1568390719781
1568390719794
1568390719807
1568390719820
1568390719833
1568390719847
1568390719861
1568390719874
1568390719887
1568390719900
1568390719914
1568390719926
1568390719939
1568390719953
1568390719966
1568390719979
1568390719991
1568390720006
1568390720020
1568390720034
1568390720049
1568390720062
1568390720076
1568390720089
1568390720103
1568390720117
1568390720130
1568390720144
1568390720158
1568390720173
1568390720187
1568390720202
1568390720216
1568390720230
1568390720244
1568390720259
1568390720272
1568390720286
1568390720301
1568390720316
1568390720330
1568390720346
1568390720360
1568390720375
1568390720389
1568390720403
1568390720417
1568390720432
1568390720446
1568390720461
1568390720475
1568390720489
1568390720503
1568390720518
1568390720533
1568390720547
1568390720562
1568390720576
1568390720590
1568390720604
1568390720618
1568390720632
1568390720646
1568390720661
1568390720674
1568390720689
1568390720702
1568390720715
1568390720728
1568390720741
1568390720754
1568390720768
1568390720782
1568390720797
1568390720811
1568390720825
1568390720839
1568390720854
1568390720868
1568390720883
1568390720896
1568390720911
1568390720925
1568390720939
1568390720952
1568390720966
1568390720980
1568390720994
1568390721008
1568390721022
1568390721037
1568390721050
1568390721063
1568390721078
