1568710935293
1568710935306
1568710935319
1568710935331
1568710935344
1568710935356
1568710935368
1568710935381
1568710935392
1568710935405
1568710935417
1568710935429
1568710935441
1568710935454
1568710935466
1568710935478
1568710935491
1568710935503
1568710935514
1568710935526
1568710935538
1568710935551
1568710935563
1568710935576
1568710935588
1568710935601
1568710935613
1568710935627
1568710935639
1568710935651
1568710935663
1568710935675
1568710935686
1568710935698
1568710935710
1568710935723
1568710935735
1568710935748
1568710935761
1568710935773
1568710935784
1568710935796
1568710935809
1568710935821
1568710935833
1568710935844
1568710935856
1568710935868
1568710935881
1568710935894
1568710935906
1568710935919
1568710935930
1568710935942
1568710935954
1568710935967
1568710935979
1568710935992
1568710936005
1568710936017
1568710936030
1568710936043
1568710936055
1568710936067
1568710936079
1568710936091
1568710936104
1568710936117
1568710936130
1568710936143
1568710936156
1568710936169
1568710936181
1568710936193
1568710936205
1568710936218
1568710936230
1568710936243
1568710936255
1568710936268
1568710936280
1568710936292
1568710936305
1568710936317
1568710936329
1568710936342
1568710936355
1568710936368
1568710936381
1568710936393
1568710936405
1568710936418
1568710936432
1568710936445
1568710936458
1568710936471
1568710936485
1568710936499
1568710936512
1568710936525
1568710936539
1568710936552
1568710936565
1568710936578
1568710936591
1568710936605
1568710936618
1568710936630
1568710936644
1568710936657
1568710936671
1568710936684
1568710936697
1568710936710
1568710936723
1568710936736
1568710936749
1568710936762
1568710936774
1568710936788
1568710936801
1568710936815
1568710936828
1568710936842
1568710936855
1568710936869
1568710936882
1568710936894
1568710936906
1568710936918
1568710936930
1568710936942
1568710936955
1568710936969
1568710936981
1568710936993
1568710937005
1568710937018
1568710937030
1568710937043
1568710937055
1568710937067
1568710937079
1568710937091
1568710937104
1568710937118
1568710937130
1568710937143
1568710937155
1568710937167
