1568710944881
1568710944894
1568710944909
1568710944921
1568710944934
1568710944947
1568710944960
1568710944973
1568710944985
1568710944998
1568710945011
1568710945024
1568710945036
1568710945049
1568710945062
1568710945074
1568710945086
1568710945099
1568710945111
1568710945122
1568710945134
1568710945147
1568710945161
1568710945174
1568710945185
1568710945199
1568710945212
1568710945224
1568710945237
1568710945250
1568710945263
1568710945276
1568710945289
1568710945303
1568710945316
1568710945329
1568710945341
1568710945355
1568710945368
1568710945381
1568710945394
1568710945407
1568710945420
1568710945433
1568710945446
1568710945458
1568710945472
1568710945486
1568710945499
1568710945512
1568710945525
1568710945539
1568710945551
1568710945565
1568710945578
1568710945591
1568710945604
1568710945616
1568710945629
1568710945640
1568710945652
1568710945665
1568710945678
1568710945690
1568710945703
1568710945717
1568710945730
1568710945743
1568710945756
1568710945768
1568710945781
1568710945794
1568710945806
1568710945820
1568710945833
1568710945847
1568710945860
1568710945873
1568710945886
1568710945899
1568710945911
1568710945925
1568710945938
1568710945951
1568710945964
1568710945978
1568710945991
1568710946005
1568710946018
1568710946031
1568710946044
1568710946058
1568710946071
1568710946085
1568710946098
1568710946111
1568710946125
1568710946140
1568710946153
1568710946166
1568710946178
1568710946192
1568710946205
1568710946217
1568710946231
1568710946243
1568710946256
1568710946269
1568710946282
1568710946295
1568710946308
1568710946321
1568710946334
1568710946347
1568710946360
1568710946373
1568710946386
1568710946399
1568710946411
1568710946425
1568710946439
1568710946452
1568710946465
1568710946478
1568710946490
1568710946503
1568710946515
1568710946528
1568710946541
1568710946553
1568710946565
1568710946577
1568710946590
1568710946603
1568710946616
1568710946629
1568710946642
1568710946654
1568710946667
1568710946680
1568710946693
1568710946707
1568710946720
1568710946733
1568710946746
1568710946760
1568710946773
1568710946785
1568710946797
1568710946810
