1568710930427
1568710930440
1568710930454
1568710930466
1568710930477
1568710930489
1568710930500
1568710930512
1568710930523
1568710930534
1568710930546
1568710930558
1568710930569
1568710930582
1568710930594
1568710930606
1568710930619
1568710930632
1568710930645
1568710930658
1568710930673
1568710930687
1568710930699
1568710930715
1568710930731
1568710930745
1568710930761
1568710930778
1568710930791
1568710930806
1568710930820
1568710930832
1568710930845
1568710930858
1568710930870
1568710930883
1568710930895
1568710930908
1568710930921
1568710930933
1568710930947
1568710930960
1568710930972
1568710930985
1568710930998
1568710931009
1568710931020
1568710931033
1568710931045
1568710931058
1568710931072
1568710931085
1568710931097
1568710931110
1568710931122
1568710931135
1568710931148
1568710931162
1568710931174
1568710931185
1568710931198
1568710931211
1568710931223
1568710931236
1568710931248
1568710931261
1568710931272
1568710931284
1568710931296
1568710931308
1568710931321
1568710931334
1568710931347
1568710931361
1568710931374
1568710931387
1568710931399
1568710931413
1568710931426
1568710931439
1568710931453
1568710931466
1568710931478
1568710931492
1568710931505
1568710931518
1568710931531
1568710931544
1568710931556
1568710931570
1568710931583
1568710931597
1568710931610
1568710931624
1568710931637
1568710931651
1568710931664
1568710931678
1568710931692
1568710931705
1568710931718
1568710931731
1568710931744
1568710931757
1568710931772
1568710931785
1568710931798
1568710931811
1568710931825
1568710931839
1568710931854
1568710931868
1568710931881
1568710931895
1568710931909
1568710931923
1568710931935
1568710931949
1568710931961
1568710931974
1568710931988
1568710932003
1568710932016
1568710932031
1568710932044
1568710932059
1568710932071
1568710932083
1568710932094
1568710932106
1568710932118
1568710932129
1568710932141
1568710932154
1568710932169
1568710932181
1568710932193
1568710932205
1568710932216
1568710932228
1568710932239
1568710932250
1568710932263
1568710932275
1568710932287
1568710932300
1568710932312
1568710932325
1568710932337
1568710932350
