1568710966069
1568710966083
1568710966097
1568710966110
1568710966124
1568710966136
1568710966150
1568710966163
1568710966177
1568710966190
1568710966203
1568710966217
1568710966230
1568710966244
1568710966256
1568710966269
1568710966281
1568710966293
1568710966305
1568710966317
1568710966330
1568710966343
1568710966356
1568710966369
1568710966384
1568710966399
1568710966412
1568710966424
1568710966435
1568710966448
1568710966459
1568710966472
1568710966484
1568710966495
1568710966506
1568710966519
1568710966532
1568710966545
1568710966557
1568710966571
1568710966583
1568710966596
1568710966607
1568710966619
1568710966631
1568710966644
1568710966656
1568710966668
1568710966680
1568710966692
1568710966704
1568710966717
1568710966729
1568710966741
1568710966755
1568710966769
1568710966781
1568710966794
1568710966807
1568710966820
1568710966833
1568710966846
1568710966859
1568710966871
1568710966882
1568710966895
1568710966907
1568710966920
1568710966932
1568710966945
1568710966958
1568710966972
1568710966985
1568710966998
1568710967011
1568710967024
1568710967037
1568710967051
1568710967064
1568710967077
1568710967090
1568710967104
1568710967116
1568710967129
1568710967143
1568710967156
1568710967170
1568710967183
1568710967195
1568710967209
1568710967223
1568710967236
1568710967250
1568710967263
1568710967276
1568710967291
1568710967304
1568710967319
1568710967332
1568710967347
1568710967361
1568710967376
1568710967389
1568710967404
1568710967417
1568710967431
1568710967445
1568710967459
1568710967474
1568710967489
1568710967502
1568710967515
1568710967528
1568710967542
1568710967556
1568710967571
1568710967585
1568710967599
1568710967612
1568710967625
1568710967639
1568710967653
1568710967667
1568710967681
1568710967695
1568710967709
1568710967723
1568710967734
1568710967747
1568710967758
1568710967770
1568710967783
1568710967799
1568710967813
1568710967826
1568710967839
1568710967850
1568710967863
1568710967877
1568710967891
1568710967904
1568710967918
1568710967931
1568710967944
1568710967957
1568710967970
1568710967983
1568710967996
1568710968008
1568710968020
