1568710951326
1568710951339
1568710951353
1568710951365
1568710951378
1568710951391
1568710951404
1568710951416
1568710951428
1568710951441
1568710951453
1568710951466
1568710951479
1568710951493
1568710951506
1568710951518
1568710951530
1568710951541
1568710951553
1568710951566
1568710951578
1568710951590
1568710951602
1568710951613
1568710951625
1568710951638
1568710951651
1568710951664
1568710951676
1568710951689
1568710951700
1568710951711
1568710951724
1568710951738
1568710951750
1568710951763
1568710951775
1568710951789
1568710951801
1568710951813
1568710951824
1568710951836
1568710951848
1568710951860
1568710951873
1568710951885
1568710951896
1568710951909
1568710951921
1568710951934
1568710951947
1568710951960
1568710951972
1568710951985
1568710951997
1568710952008
1568710952020
1568710952034
1568710952047
1568710952060
1568710952072
1568710952085
1568710952097
1568710952110
1568710952122
1568710952133
1568710952145
1568710952157
1568710952170
1568710952182
1568710952195
1568710952206
1568710952218
1568710952231
1568710952244
1568710952257
1568710952269
1568710952281
1568710952293
1568710952306
1568710952319
1568710952331
1568710952344
1568710952356
1568710952369
1568710952382
1568710952395
1568710952408
1568710952421
1568710952434
1568710952446
1568710952459
1568710952472
1568710952484
1568710952497
1568710952511
1568710952524
1568710952538
1568710952551
1568710952564
1568710952577
1568710952590
1568710952603
1568710952616
1568710952629
1568710952642
1568710952655
1568710952668
1568710952681
1568710952696
1568710952710
1568710952723
1568710952736
1568710952749
1568710952762
1568710952775
1568710952788
1568710952801
1568710952813
1568710952826
1568710952839
1568710952854
1568710952867
1568710952881
1568710952894
1568710952908
1568710952921
1568710952936
1568710952948
1568710952962
1568710952974
1568710952986
1568710952998
1568710953011
1568710953023
1568710953035
1568710953048
1568710953062
1568710953075
1568710953087
1568710953101
1568710953116
1568710953129
1568710953143
1568710953156
1568710953170
1568710953184
1568710953198
1568710953211
1568710953223
