1568710972714
1568710972727
1568710972741
1568710972755
1568710972769
1568710972782
1568710972795
1568710972808
1568710972821
1568710972835
1568710972848
1568710972861
1568710972873
1568710972886
1568710972900
1568710972913
1568710972925
1568710972937
1568710972949
1568710972961
1568710972974
1568710972988
1568710973001
1568710973015
1568710973029
1568710973044
1568710973057
1568710973071
1568710973083
1568710973097
1568710973110
1568710973123
1568710973136
1568710973149
1568710973161
1568710973174
1568710973188
1568710973203
1568710973216
1568710973229
1568710973242
1568710973254
1568710973267
1568710973280
1568710973292
1568710973304
1568710973316
1568710973329
1568710973345
1568710973358
1568710973370
1568710973383
1568710973396
1568710973409
1568710973421
1568710973434
1568710973448
1568710973461
1568710973474
1568710973486
1568710973499
1568710973515
1568710973530
1568710973544
1568710973557
1568710973570
1568710973583
1568710973598
1568710973611
1568710973626
1568710973639
1568710973653
1568710973665
1568710973678
1568710973691
1568710973705
1568710973718
1568710973730
1568710973743
1568710973756
1568710973769
1568710973782
1568710973794
1568710973807
1568710973820
1568710973834
1568710973847
1568710973861
1568710973875
1568710973888
1568710973901
1568710973914
1568710973927
1568710973941
1568710973954
1568710973968
1568710973981
1568710973995
1568710974009
1568710974023
1568710974037
1568710974050
1568710974064
1568710974077
1568710974091
1568710974105
1568710974118
1568710974132
1568710974144
1568710974158
1568710974172
1568710974186
1568710974199
1568710974213
1568710974227
1568710974241
1568710974254
1568710974267
1568710974280
1568710974294
1568710974309
1568710974324
1568710974337
1568710974352
1568710974365
1568710974380
1568710974395
1568710974409
1568710974424
1568710974439
1568710974453
1568710974467
1568710974481
1568710974496
1568710974511
1568710974524
1568710974537
1568710974549
1568710974561
1568710974576
1568710974589
1568710974602
1568710974615
1568710974627
1568710974640
1568710974655
1568710974670
1568710974683
1568710974697
1568710974711
