1568649152540
1568649152556
1568649152571
1568649152585
1568649152598
1568649152611
1568649152624
1568649152638
1568649152651
1568649152666
1568649152680
1568649152693
1568649152707
1568649152723
1568649152737
1568649152750
1568649152763
1568649152777
1568649152791
1568649152804
1568649152819
1568649152833
1568649152847
1568649152860
1568649152874
1568649152888
1568649152902
1568649152915
1568649152931
1568649152948
1568649152962
1568649152976
1568649152989
1568649153002
1568649153015
1568649153028
1568649153041
1568649153055
1568649153067
1568649153081
1568649153096
1568649153113
1568649153127
1568649153142
1568649153157
1568649153171
1568649153184
1568649153197
1568649153210
1568649153226
1568649153240
1568649153257
1568649153271
1568649153286
1568649153300
1568649153314
1568649153326
1568649153339
1568649153351
1568649153364
1568649153378
1568649153391
1568649153404
1568649153417
1568649153430
1568649153443
1568649153456
1568649153469
1568649153482
1568649153495
1568649153508
1568649153521
1568649153535
1568649153548
1568649153561
1568649153575
1568649153588
1568649153602
1568649153615
1568649153629
1568649153641
1568649153657
1568649153671
1568649153685
1568649153699
1568649153713
1568649153726
1568649153740
1568649153754
1568649153768
1568649153782
1568649153796
1568649153809
1568649153823
1568649153837
1568649153851
1568649153865
1568649153880
1568649153894
1568649153908
1568649153923
1568649153938
1568649153952
1568649153966
1568649153980
1568649153994
1568649154008
1568649154022
1568649154037
1568649154052
1568649154066
1568649154080
1568649154094
1568649154108
1568649154121
1568649154136
1568649154151
1568649154165
1568649154179
1568649154194
1568649154207
1568649154219
1568649154232
1568649154245
1568649154257
1568649154271
1568649154283
1568649154295
1568649154307
1568649154320
1568649154332
1568649154345
1568649154357
1568649154372
1568649154384
1568649154397
1568649154411
1568649154424
1568649154437
1568649154450
1568649154463
1568649154476
1568649154489
1568649154501
1568649154513
1568649154527
1568649154539
1568649154553
1568649154565
1568649154577
