1568649195469
1568649195484
1568649195501
1568649195516
1568649195531
1568649195546
1568649195560
1568649195575
1568649195589
1568649195604
1568649195617
1568649195630
1568649195643
1568649195658
1568649195671
1568649195684
1568649195697
1568649195710
1568649195723
1568649195737
1568649195753
1568649195768
1568649195782
1568649195796
1568649195809
1568649195822
1568649195835
1568649195849
1568649195863
1568649195877
1568649195890
1568649195905
1568649195920
1568649195935
1568649195949
1568649195963
1568649195979
1568649195994
1568649196009
1568649196023
1568649196036
1568649196049
1568649196062
1568649196081
1568649196095
1568649196109
1568649196122
1568649196134
1568649196150
1568649196166
1568649196181
1568649196194
1568649196207
1568649196220
1568649196232
1568649196247
1568649196263
1568649196278
1568649196292
1568649196306
1568649196319
1568649196336
1568649196351
1568649196366
1568649196378
1568649196394
1568649196410
1568649196427
1568649196441
1568649196454
1568649196467
1568649196482
1568649196496
1568649196511
1568649196527
1568649196541
1568649196555
1568649196569
1568649196582
1568649196597
1568649196611
1568649196626
1568649196641
1568649196655
1568649196669
1568649196685
1568649196700
1568649196715
1568649196730
1568649196745
1568649196759
1568649196775
1568649196790
1568649196804
1568649196818
1568649196832
1568649196847
1568649196863
1568649196877
1568649196892
1568649196905
1568649196920
1568649196935
1568649196950
1568649196965
1568649196979
1568649196994
1568649197009
1568649197023
1568649197039
1568649197054
1568649197071
1568649197086
1568649197101
1568649197115
1568649197130
1568649197145
1568649197160
1568649197174
1568649197190
1568649197205
1568649197222
1568649197237
1568649197252
1568649197268
1568649197285
1568649197300
1568649197316
1568649197330
1568649197347
1568649197362
1568649197377
1568649197393
1568649197409
1568649197424
1568649197441
1568649197456
1568649197470
1568649197486
1568649197503
1568649197519
1568649197534
1568649197549
1568649197564
1568649197580
1568649197595
1568649197610
1568649197626
1568649197639
1568649197653
