1568649162896
1568649162917
1568649162949
1568649162964
1568649162979
1568649162993
1568649163007
1568649163023
1568649163038
1568649163054
1568649163070
1568649163085
1568649163099
1568649163114
1568649163128
1568649163143
1568649163156
1568649163170
1568649163183
1568649163196
1568649163210
1568649163224
1568649163237
1568649163252
1568649163266
1568649163281
1568649163294
1568649163309
1568649163325
1568649163339
1568649163354
1568649163370
1568649163384
1568649163396
1568649163411
1568649163425
1568649163439
1568649163456
1568649163470
1568649163483
1568649163496
1568649163510
1568649163523
1568649163537
1568649163553
1568649163567
1568649163581
1568649163596
1568649163610
1568649163625
1568649163639
1568649163655
1568649163671
1568649163685
1568649163700
1568649163713
1568649163726
1568649163739
1568649163755
1568649163770
1568649163784
1568649163798
1568649163812
1568649163825
1568649163839
1568649163856
1568649163871
1568649163887
1568649163901
1568649163915
1568649163929
1568649163943
1568649163957
1568649163973
1568649163989
1568649164006
1568649164020
1568649164035
1568649164049
1568649164065
1568649164080
1568649164096
1568649164111
1568649164125
1568649164139
1568649164156
1568649164171
1568649164186
1568649164200
1568649164216
1568649164229
1568649164243
1568649164257
1568649164273
1568649164289
1568649164305
1568649164322
1568649164338
1568649164352
1568649164367
1568649164380
1568649164394
1568649164407
1568649164421
1568649164436
1568649164451
1568649164465
1568649164479
1568649164493
1568649164510
1568649164525
1568649164541
1568649164556
1568649164570
1568649164586
1568649164601
1568649164615
1568649164630
1568649164645
1568649164659
1568649164674
1568649164691
1568649164706
1568649164721
1568649164736
1568649164752
1568649164766
1568649164782
1568649164796
1568649164812
1568649164828
1568649164845
1568649164861
1568649164878
1568649164893
1568649164909
1568649164924
1568649164937
1568649164950
1568649164965
1568649164980
1568649164993
1568649165007
1568649165023
1568649165039
1568649165054
1568649165068
1568649165082
1568649165096
1568649165110
