1568649157648
1568649157665
1568649157683
1568649157699
1568649157714
1568649157730
1568649157745
1568649157761
1568649157776
1568649157791
1568649157806
1568649157823
1568649157841
1568649157859
1568649157878
1568649157894
1568649157909
1568649157929
1568649157945
1568649157960
1568649157981
1568649157995
1568649158009
1568649158022
1568649158036
1568649158053
1568649158067
1568649158081
1568649158094
1568649158108
1568649158123
1568649158139
1568649158153
1568649158166
1568649158179
1568649158194
1568649158208
1568649158226
1568649158242
1568649158258
1568649158272
1568649158288
1568649158303
1568649158318
1568649158337
1568649158356
1568649158371
1568649158384
1568649158398
1568649158412
1568649158426
1568649158442
1568649158458
1568649158472
1568649158487
1568649158504
1568649158521
1568649158536
1568649158551
1568649158567
1568649158585
1568649158606
1568649158623
1568649158640
1568649158657
1568649158674
1568649158690
1568649158706
1568649158720
1568649158739
1568649158756
1568649158772
1568649158788
1568649158806
1568649158822
1568649158839
1568649158856
1568649158874
1568649158889
1568649158907
1568649158923
1568649158938
1568649158955
1568649158971
1568649158987
1568649159003
1568649159018
1568649159035
1568649159052
1568649159068
1568649159083
1568649159100
1568649159117
1568649159139
1568649159156
1568649159179
1568649159196
1568649159212
1568649159228
1568649159243
1568649159259
1568649159278
1568649159295
1568649159311
1568649159330
1568649159345
1568649159359
1568649159376
1568649159392
1568649159409
1568649159424
1568649159441
1568649159456
1568649159470
1568649159486
1568649159502
1568649159517
1568649159533
1568649159550
1568649159566
1568649159581
1568649159598
1568649159612
1568649159627
1568649159641
1568649159659
1568649159686
1568649159702
1568649159721
1568649159754
1568649159790
1568649159806
1568649159824
1568649159848
1568649159880
1568649159897
1568649159911
1568649159929
1568649159953
1568649159980
1568649159995
1568649160016
1568649160034
1568649160049
1568649160066
1568649160083
1568649160098
1568649160113
1568649160126
1568649160140
