1568649175114
1568649175132
1568649175150
1568649175167
1568649175182
1568649175196
1568649175209
1568649175226
1568649175242
1568649175258
1568649175272
1568649175286
1568649175299
1568649175314
1568649175328
1568649175342
1568649175357
1568649175371
1568649175385
1568649175400
1568649175415
1568649175429
1568649175444
1568649175458
1568649175473
1568649175490
1568649175505
1568649175521
1568649175535
1568649175549
1568649175562
1568649175577
1568649175592
1568649175606
1568649175620
1568649175634
1568649175651
1568649175668
1568649175682
1568649175696
1568649175712
1568649175727
1568649175740
1568649175756
1568649175771
1568649175787
1568649175803
1568649175817
1568649175831
1568649175845
1568649175859
1568649175872
1568649175885
1568649175902
1568649175918
1568649175932
1568649175947
1568649175961
1568649175974
1568649175987
1568649176001
1568649176015
1568649176028
1568649176040
1568649176055
1568649176072
1568649176087
1568649176101
1568649176115
1568649176131
1568649176145
1568649176159
1568649176173
1568649176190
1568649176205
1568649176220
1568649176235
1568649176252
1568649176269
1568649176285
1568649176301
1568649176316
1568649176332
1568649176347
1568649176364
1568649176381
1568649176395
1568649176411
1568649176426
1568649176441
1568649176456
1568649176474
1568649176489
1568649176504
1568649176518
1568649176533
1568649176550
1568649176566
1568649176581
1568649176596
1568649176613
1568649176630
1568649176645
1568649176660
1568649176674
1568649176689
1568649176704
1568649176719
1568649176733
1568649176749
1568649176764
1568649176779
1568649176795
1568649176810
1568649176825
1568649176841
1568649176856
1568649176872
1568649176887
1568649176902
1568649176917
1568649176933
1568649176950
1568649176965
1568649176979
1568649176993
1568649177007
1568649177022
1568649177038
1568649177052
1568649177066
1568649177080
1568649177095
1568649177111
1568649177128
1568649177143
1568649177157
1568649177171
1568649177185
1568649177200
1568649177213
1568649177229
1568649177243
1568649177257
1568649177270
1568649177285
1568649177299
1568649177315
1568649177330
1568649177344
