1568649139797
1568649139811
1568649139825
1568649139838
1568649139851
1568649139863
1568649139876
1568649139888
1568649139900
1568649139912
1568649139925
1568649139938
1568649139950
1568649139963
1568649139975
1568649139988
1568649140000
1568649140012
1568649140024
1568649140036
1568649140049
1568649140061
1568649140074
1568649140086
1568649140099
1568649140113
1568649140125
1568649140138
1568649140152
1568649140165
1568649140175
1568649140190
1568649140202
1568649140215
1568649140227
1568649140240
1568649140253
1568649140267
1568649140280
1568649140292
1568649140305
1568649140318
1568649140331
1568649140344
1568649140357
1568649140369
1568649140382
1568649140395
1568649140408
1568649140422
1568649140435
1568649140448
1568649140462
1568649140475
1568649140488
1568649140500
1568649140514
1568649140527
1568649140539
1568649140553
1568649140567
1568649140581
1568649140594
1568649140607
1568649140620
1568649140633
1568649140646
1568649140659
1568649140672
1568649140685
1568649140698
1568649140711
1568649140725
1568649140739
1568649140752
1568649140765
1568649140778
1568649140791
1568649140804
1568649140819
1568649140834
1568649140849
1568649140863
1568649140876
1568649140889
1568649140903
1568649140916
1568649140930
1568649140943
1568649140957
1568649140971
1568649140984
1568649140997
1568649141010
1568649141023
1568649141036
1568649141050
1568649141064
1568649141078
1568649141091
1568649141104
1568649141118
1568649141131
1568649141145
1568649141159
1568649141172
1568649141186
1568649141200
1568649141214
1568649141229
1568649141242
1568649141255
1568649141269
1568649141282
1568649141296
1568649141310
1568649141323
1568649141338
1568649141351
1568649141364
1568649141378
1568649141392
1568649141404
1568649141416
1568649141428
1568649141440
1568649141452
1568649141465
1568649141477
1568649141489
1568649141501
1568649141513
1568649141525
1568649141538
1568649141551
1568649141564
1568649141576
1568649141588
1568649141601
1568649141613
1568649141626
1568649141639
1568649141651
1568649141664
1568649141676
1568649141689
1568649141702
1568649141714
1568649141726
1568649141738
