1568649141387
1568649141401
1568649141414
1568649141426
1568649141438
1568649141450
1568649141462
1568649141474
1568649141486
1568649141498
1568649141510
1568649141522
1568649141534
1568649141548
1568649141560
1568649141573
1568649141585
1568649141597
1568649141609
1568649141622
1568649141634
1568649141647
1568649141659
1568649141671
1568649141684
1568649141697
1568649141710
1568649141722
1568649141734
1568649141747
1568649141760
1568649141773
1568649141786
1568649141799
1568649141811
1568649141824
1568649141837
1568649141851
1568649141864
1568649141877
1568649141890
1568649141902
1568649141915
1568649141929
1568649141941
1568649141955
1568649141967
1568649141979
1568649141992
1568649142006
1568649142018
1568649142031
1568649142043
1568649142056
1568649142069
1568649142082
1568649142095
1568649142108
1568649142121
1568649142134
1568649142147
1568649142160
1568649142173
1568649142187
1568649142200
1568649142213
1568649142225
1568649142238
1568649142251
1568649142264
1568649142277
1568649142291
1568649142304
1568649142318
1568649142331
1568649142344
1568649142360
1568649142373
1568649142386
1568649142399
1568649142412
1568649142425
1568649142438
1568649142451
1568649142465
1568649142479
1568649142493
1568649142506
1568649142519
1568649142534
1568649142548
1568649142562
1568649142577
1568649142591
1568649142604
1568649142617
1568649142630
1568649142645
1568649142659
1568649142672
1568649142686
1568649142699
1568649142713
1568649142727
1568649142740
1568649142754
1568649142768
1568649142782
1568649142795
1568649142810
1568649142823
1568649142837
1568649142851
1568649142865
1568649142879
1568649142893
1568649142905
1568649142920
1568649142933
1568649142947
1568649142959
1568649142973
1568649142985
1568649142999
1568649143011
1568649143024
1568649143037
1568649143049
1568649143062
1568649143075
1568649143087
1568649143100
1568649143113
1568649143127
1568649143141
1568649143154
1568649143168
1568649143181
1568649143194
1568649143207
1568649143220
1568649143233
1568649143245
1568649143258
1568649143270
1568649143283
1568649143296
1568649143309
1568649143322
1568649143335
