1568649159385
1568649159402
1568649159418
1568649159434
1568649159448
1568649159463
1568649159477
1568649159494
1568649159509
1568649159524
1568649159539
1568649159555
1568649159570
1568649159586
1568649159601
1568649159615
1568649159629
1568649159644
1568649159660
1568649159684
1568649159700
1568649159716
1568649159745
1568649159762
1568649159794
1568649159810
1568649159831
1568649159852
1568649159883
1568649159898
1568649159913
1568649159933
1568649159964
1568649159983
1568649159998
1568649160020
1568649160036
1568649160052
1568649160069
1568649160084
1568649160099
1568649160114
1568649160127
1568649160142
1568649160161
1568649160178
1568649160193
1568649160206
1568649160220
1568649160236
1568649160251
1568649160266
1568649160281
1568649160297
1568649160312
1568649160326
1568649160339
1568649160352
1568649160366
1568649160381
1568649160397
1568649160414
1568649160429
1568649160444
1568649160459
1568649160473
1568649160488
1568649160504
1568649160518
1568649160533
1568649160547
1568649160563
1568649160579
1568649160595
1568649160611
1568649160629
1568649160645
1568649160660
1568649160678
1568649160695
1568649160710
1568649160725
1568649160740
1568649160754
1568649160767
1568649160784
1568649160800
1568649160816
1568649160832
1568649160848
1568649160863
1568649160878
1568649160894
1568649160908
1568649160925
1568649160942
1568649160956
1568649160972
1568649160989
1568649161006
1568649161022
1568649161039
1568649161056
1568649161075
1568649161095
1568649161113
1568649161129
1568649161149
1568649161166
1568649161184
1568649161199
1568649161217
1568649161238
1568649161256
1568649161275
1568649161292
1568649161309
1568649161325
1568649161342
1568649161358
1568649161376
1568649161396
1568649161412
1568649161428
1568649161442
1568649161455
1568649161467
1568649161482
1568649161497
1568649161513
1568649161527
1568649161540
1568649161553
1568649161567
1568649161580
1568649161595
1568649161609
1568649161625
1568649161639
1568649161653
1568649161668
1568649161682
1568649161697
1568649161711
1568649161724
1568649161738
1568649161751
1568649161764
1568649161778
1568649161793
