1568131783760
1568131783775
1568131783792
1568131783807
1568131783820
1568131783833
1568131783847
1568131783862
1568131783875
1568131783888
1568131783901
1568131783914
1568131783928
1568131783943
1568131783956
1568131783971
1568131783985
1568131783998
1568131784012
1568131784025
1568131784039
1568131784053
1568131784066
1568131784080
1568131784094
1568131784108
1568131784122
1568131784136
1568131784150
1568131784165
1568131784180
1568131784195
1568131784207
1568131784222
1568131784238
1568131784253
1568131784268
1568131784282
1568131784296
1568131784310
1568131784324
1568131784338
1568131784351
1568131784363
1568131784376
1568131784389
1568131784401
1568131784414
1568131784427
1568131784442
1568131784455
1568131784470
1568131784484
1568131784498
1568131784514
1568131784531
1568131784547
1568131784561
1568131784577
1568131784592
1568131784607
1568131784622
1568131784637
1568131784651
1568131784667
1568131784684
1568131784700
1568131784716
1568131784731
1568131784746
1568131784759
1568131784776
1568131784792
1568131784807
1568131784822
1568131784836
1568131784851
1568131784867
1568131784882
1568131784897
1568131784911
1568131784925
1568131784938
1568131784954
1568131784969
1568131784985
1568131785000
1568131785015
1568131785029
1568131785042
1568131785055
1568131785071
1568131785085
1568131785098
1568131785112
1568131785125
1568131785139
1568131785155
1568131785168
1568131785182
1568131785195
1568131785209
1568131785223
1568131785237
1568131785252
1568131785266
1568131785279
1568131785292
1568131785304
1568131785318
1568131785331
1568131785346
1568131785359
1568131785372
1568131785385
1568131785399
1568131785411
1568131785425
1568131785439
1568131785454
1568131785467
1568131785482
1568131785496
1568131785509
1568131785523
1568131785538
1568131785552
1568131785566
1568131785580
1568131785595
1568131785610
1568131785624
1568131785638
1568131785652
1568131785666
1568131785680
1568131785695
1568131785709
1568131785722
1568131785736
1568131785749
1568131785764
1568131785779
1568131785794
1568131785808
1568131785822
1568131785837
1568131785851
1568131785866
1568131785881
