1568131768389
1568131768404
1568131768420
1568131768434
1568131768447
1568131768461
1568131768474
1568131768487
1568131768501
1568131768515
1568131768528
1568131768542
1568131768557
1568131768572
1568131768586
1568131768601
1568131768615
1568131768629
1568131768643
1568131768656
1568131768669
1568131768683
1568131768697
1568131768711
1568131768725
1568131768740
1568131768753
1568131768768
1568131768782
1568131768795
1568131768808
1568131768821
1568131768833
1568131768845
1568131768857
1568131768870
1568131768883
1568131768897
1568131768909
1568131768922
1568131768934
1568131768949
1568131768963
1568131768977
1568131768991
1568131769004
1568131769016
1568131769031
1568131769044
1568131769058
1568131769071
1568131769086
1568131769100
1568131769113
1568131769127
1568131769140
1568131769154
1568131769171
1568131769184
1568131769198
1568131769210
1568131769223
1568131769236
1568131769249
1568131769261
1568131769273
1568131769290
1568131769304
1568131769318
1568131769331
1568131769344
1568131769360
1568131769373
1568131769387
1568131769401
1568131769415
1568131769428
1568131769442
1568131769456
1568131769470
1568131769483
1568131769498
1568131769511
1568131769525
1568131769539
1568131769553
1568131769567
1568131769582
1568131769594
1568131769607
1568131769621
1568131769634
1568131769648
1568131769662
1568131769675
1568131769688
1568131769700
1568131769713
1568131769727
1568131769741
1568131769754
1568131769767
1568131769780
1568131769793
1568131769806
1568131769819
1568131769832
1568131769846
1568131769860
1568131769875
1568131769889
1568131769904
1568131769917
1568131769932
1568131769945
1568131769959
1568131769973
1568131769987
1568131770001
1568131770015
1568131770029
1568131770043
1568131770057
1568131770070
1568131770084
1568131770099
1568131770112
1568131770126
1568131770140
1568131770153
1568131770166
1568131770180
1568131770193
1568131770209
1568131770222
1568131770238
1568131770252
1568131770265
1568131770279
1568131770293
1568131770306
1568131770320
1568131770334
1568131770347
1568131770360
1568131770375
1568131770389
1568131770404
1568131770417
1568131770432
