1568131804311
1568131804327
1568131804343
1568131804356
1568131804369
1568131804382
1568131804395
1568131804407
1568131804419
1568131804431
1568131804444
1568131804457
1568131804470
1568131804484
1568131804497
1568131804510
1568131804523
1568131804536
1568131804549
1568131804562
1568131804574
1568131804587
1568131804601
1568131804614
1568131804627
1568131804645
1568131804658
1568131804671
1568131804684
1568131804699
1568131804712
1568131804725
1568131804738
1568131804750
1568131804762
1568131804775
1568131804787
1568131804800
1568131804815
1568131804829
1568131804843
1568131804856
1568131804868
1568131804881
1568131804894
1568131804907
1568131804920
1568131804932
1568131804948
1568131804962
1568131804975
1568131804989
1568131805005
1568131805019
1568131805032
1568131805046
1568131805060
1568131805073
1568131805085
1568131805097
1568131805109
1568131805124
1568131805138
1568131805151
1568131805164
1568131805178
1568131805191
1568131805204
1568131805217
1568131805229
1568131805241
1568131805252
1568131805266
1568131805280
1568131805291
1568131805305
1568131805319
1568131805333
1568131805345
1568131805358
1568131805370
1568131805384
1568131805397
1568131805410
1568131805425
1568131805442
1568131805456
1568131805470
1568131805483
1568131805495
1568131805508
1568131805523
1568131805538
1568131805552
1568131805566
1568131805581
1568131805595
1568131805609
1568131805623
1568131805637
1568131805651
1568131805665
1568131805678
1568131805692
1568131805706
1568131805721
1568131805735
1568131805748
1568131805763
1568131805778
1568131805792
1568131805806
1568131805820
1568131805835
1568131805848
1568131805862
1568131805876
1568131805891
1568131805903
1568131805918
1568131805932
1568131805947
1568131805962
1568131805977
1568131805990
1568131806003
1568131806016
1568131806028
1568131806042
1568131806056
1568131806069
1568131806083
1568131806099
1568131806114
1568131806127
1568131806142
1568131806157
1568131806171
1568131806185
1568131806197
1568131806210
1568131806225
1568131806238
1568131806251
1568131806265
1568131806280
1568131806294
1568131806308
1568131806323
1568131806337
