1568131807722
1568131807737
1568131807753
1568131807767
1568131807782
1568131807795
1568131807809
1568131807822
1568131807835
1568131807849
1568131807862
1568131807875
1568131807890
1568131807904
1568131807916
1568131807929
1568131807942
1568131807956
1568131807970
1568131807982
1568131807994
1568131808008
1568131808021
1568131808035
1568131808050
1568131808063
1568131808076
1568131808089
1568131808101
1568131808114
1568131808126
1568131808141
1568131808154
1568131808166
1568131808180
1568131808194
1568131808208
1568131808221
1568131808233
1568131808246
1568131808259
1568131808272
1568131808285
1568131808300
1568131808313
1568131808325
1568131808339
1568131808361
1568131808375
1568131808389
1568131808403
1568131808417
1568131808438
1568131808453
1568131808468
1568131808481
1568131808495
1568131808508
1568131808521
1568131808535
1568131808551
1568131808565
1568131808578
1568131808591
1568131808604
1568131808620
1568131808634
1568131808647
1568131808660
1568131808673
1568131808689
1568131808703
1568131808717
1568131808731
1568131808745
1568131808759
1568131808772
1568131808786
1568131808800
1568131808814
1568131808828
1568131808843
1568131808856
1568131808870
1568131808884
1568131808899
1568131808912
1568131808927
1568131808940
1568131808953
1568131808967
1568131808982
1568131808996
1568131809009
1568131809025
1568131809039
1568131809053
1568131809069
1568131809083
1568131809097
1568131809111
1568131809125
1568131809138
1568131809152
1568131809165
1568131809178
1568131809191
1568131809204
1568131809218
1568131809232
1568131809246
1568131809259
1568131809273
1568131809287
1568131809300
1568131809313
1568131809327
1568131809342
1568131809356
1568131809369
1568131809383
1568131809398
1568131809411
1568131809424
1568131809437
1568131809450
1568131809462
1568131809476
1568131809489
1568131809504
1568131809517
1568131809531
1568131809545
1568131809558
1568131809572
1568131809587
1568131809601
1568131809614
1568131809626
1568131809639
1568131809652
1568131809664
1568131809677
1568131809690
1568131809703
1568131809716
1568131809729
1568131809742
1568131809755
1568131809767
