1568822976672
1568822976687
1568822976702
1568822976716
1568822976729
1568822976743
1568822976757
1568822976770
1568822976784
1568822976798
1568822976812
1568822976826
1568822976840
1568822976854
1568822976868
1568822976882
1568822976896
1568822976910
1568822976924
1568822976938
1568822976953
1568822976966
1568822976980
1568822976994
1568822977007
1568822977022
1568822977036
1568822977050
1568822977063
1568822977077
1568822977090
1568822977103
1568822977117
1568822977130
1568822977143
1568822977157
1568822977170
1568822977184
1568822977197
1568822977211
1568822977226
1568822977241
1568822977256
1568822977272
1568822977287
1568822977302
1568822977316
1568822977332
1568822977346
1568822977362
1568822977377
1568822977392
1568822977407
1568822977422
1568822977437
1568822977452
1568822977466
1568822977480
1568822977495
1568822977510
1568822977524
1568822977539
1568822977554
1568822977570
1568822977585
1568822977600
1568822977614
1568822977628
1568822977642
1568822977656
1568822977671
1568822977685
1568822977699
1568822977714
1568822977728
1568822977743
1568822977757
1568822977771
1568822977786
1568822977800
1568822977814
1568822977829
1568822977845
1568822977860
1568822977875
1568822977891
1568822977907
1568822977922
1568822977937
1568822977952
1568822977967
1568822977981
1568822977996
1568822978010
1568822978025
1568822978040
1568822978055
1568822978071
1568822978086
1568822978101
1568822978116
1568822978131
1568822978146
1568822978161
1568822978176
1568822978192
1568822978207
1568822978222
1568822978237
1568822978253
1568822978267
1568822978283
1568822978296
1568822978312
1568822978326
1568822978340
1568822978354
1568822978370
1568822978384
1568822978398
1568822978412
1568822978427
1568822978441
1568822978455
1568822978470
1568822978484
1568822978498
1568822978513
1568822978529
1568822978544
1568822978558
1568822978572
1568822978585
1568822978600
1568822978615
1568822978629
1568822978642
1568822978656
1568822978669
1568822978683
1568822978696
1568822978709
1568822978723
1568822978738
1568822978751
1568822978766
1568822978780
1568822978794
1568822978807
1568822978820
