1568822988050
1568822988066
1568822988080
1568822988095
1568822988109
1568822988123
1568822988137
1568822988151
1568822988165
1568822988178
1568822988193
1568822988207
1568822988221
1568822988235
1568822988250
1568822988264
1568822988278
1568822988292
1568822988305
1568822988319
1568822988333
1568822988347
1568822988361
1568822988375
1568822988389
1568822988403
1568822988418
1568822988432
1568822988445
1568822988460
1568822988475
1568822988490
1568822988503
1568822988517
1568822988531
1568822988545
1568822988559
1568822988574
1568822988589
1568822988604
1568822988618
1568822988632
1568822988647
1568822988662
1568822988676
1568822988690
1568822988704
1568822988719
1568822988734
1568822988749
1568822988763
1568822988777
1568822988791
1568822988807
1568822988823
1568822988839
1568822988854
1568822988869
1568822988885
1568822988900
1568822988915
1568822988932
1568822988948
1568822988964
1568822988979
1568822988994
1568822989008
1568822989023
1568822989038
1568822989053
1568822989068
1568822989081
1568822989095
1568822989109
1568822989122
1568822989135
1568822989149
1568822989162
1568822989175
1568822989189
1568822989202
1568822989215
1568822989229
1568822989242
1568822989256
1568822989270
1568822989283
1568822989297
1568822989310
1568822989339
1568822989354
1568822989369
1568822989384
1568822989399
1568822989414
1568822989442
1568822989455
1568822989469
1568822989482
1568822989495
1568822989509
1568822989522
1568822989535
1568822989548
1568822989561
1568822989575
1568822989588
1568822989600
1568822989613
1568822989627
1568822989641
1568822989655
1568822989668
1568822989682
1568822989695
1568822989708
1568822989722
1568822989735
1568822989748
1568822989762
1568822989775
1568822989789
1568822989803
1568822989816
1568822989829
1568822989843
1568822989857
1568822989871
1568822989884
1568822989897
1568822989911
1568822989925
1568822989938
1568822989953
1568822989966
1568822989980
1568822989994
1568822990007
1568822990020
1568822990034
1568822990048
1568822990061
1568822990074
1568822990087
1568822990100
1568822990114
1568822990127
1568822990141
1568822990155
1568822990169
