1568822953692
1568822953706
1568822953722
1568822953736
1568822953749
1568822953763
1568822953777
1568822953790
1568822953803
1568822953816
1568822953830
1568822953843
1568822953856
1568822953870
1568822953884
1568822953900
1568822953914
1568822953928
1568822953941
1568822953955
1568822953969
1568822953982
1568822953996
1568822954011
1568822954024
1568822954038
1568822954052
1568822954065
1568822954079
1568822954092
1568822954105
1568822954119
1568822954132
1568822954146
1568822954161
1568822954176
1568822954192
1568822954209
1568822954225
1568822954241
1568822954257
1568822954274
1568822954289
1568822954304
1568822954320
1568822954335
1568822954350
1568822954367
1568822954382
1568822954398
1568822954413
1568822954429
1568822954445
1568822954460
1568822954475
1568822954490
1568822954504
1568822954519
1568822954533
1568822954547
1568822954561
1568822954577
1568822954592
1568822954606
1568822954620
1568822954635
1568822954651
1568822954668
1568822954683
1568822954698
1568822954713
1568822954729
1568822954744
1568822954762
1568822954776
1568822954790
1568822954805
1568822954819
1568822954834
1568822954849
1568822954865
1568822954881
1568822954895
1568822954912
1568822954926
1568822954943
1568822954959
1568822954974
1568822954990
1568822955005
1568822955020
1568822955035
1568822955049
1568822955064
1568822955078
1568822955093
1568822955108
1568822955124
1568822955139
1568822955154
1568822955169
1568822955184
1568822955198
1568822955214
1568822955229
1568822955244
1568822955258
1568822955274
1568822955288
1568822955303
1568822955317
1568822955332
1568822955345
1568822955359
1568822955373
1568822955387
1568822955400
1568822955414
1568822955427
1568822955441
1568822955454
1568822955469
1568822955483
1568822955497
1568822955511
1568822955525
1568822955538
1568822955552
1568822955565
1568822955579
1568822955593
1568822955606
1568822955621
1568822955635
1568822955649
1568822955663
1568822955677
1568822955690
1568822955703
1568822955716
1568822955729
1568822955743
1568822955756
1568822955770
1568822955783
1568822955797
1568822955810
1568822955824
1568822955836
1568822955849
