1568822971776
1568822971793
1568822971809
1568822971824
1568822971838
1568822971852
1568822971866
1568822971880
1568822971895
1568822971909
1568822971922
1568822971937
1568822971951
1568822971967
1568822971981
1568822971994
1568822972008
1568822972022
1568822972036
1568822972050
1568822972063
1568822972077
1568822972091
1568822972105
1568822972118
1568822972132
1568822972147
1568822972161
1568822972174
1568822972188
1568822972202
1568822972215
1568822972229
1568822972243
1568822972257
1568822972271
1568822972287
1568822972302
1568822972317
1568822972332
1568822972346
1568822972361
1568822972375
1568822972390
1568822972405
1568822972420
1568822972435
1568822972449
1568822972465
1568822972480
1568822972494
1568822972509
1568822972524
1568822972539
1568822972553
1568822972570
1568822972585
1568822972600
1568822972616
1568822972632
1568822972646
1568822972663
1568822972679
1568822972695
1568822972710
1568822972725
1568822972741
1568822972756
1568822972770
1568822972784
1568822972799
1568822972813
1568822972827
1568822972845
1568822972860
1568822972876
1568822972889
1568822972904
1568822972920
1568822972935
1568822972950
1568822972965
1568822972981
1568822972997
1568822973013
1568822973028
1568822973044
1568822973059
1568822973075
1568822973090
1568822973105
1568822973121
1568822973136
1568822973155
1568822973180
1568822973195
1568822973210
1568822973226
1568822973241
1568822973257
1568822973273
1568822973289
1568822973303
1568822973319
1568822973334
1568822973349
1568822973363
1568822973378
1568822973392
1568822973408
1568822973423
1568822973437
1568822973451
1568822973466
1568822973479
1568822973494
1568822973507
1568822973521
1568822973535
1568822973549
1568822973564
1568822973579
1568822973594
1568822973609
1568822973623
1568822973638
1568822973651
1568822973666
1568822973680
1568822973695
1568822973709
1568822973724
1568822973738
1568822973753
1568822973768
1568822973782
1568822973796
1568822973812
1568822973825
1568822973839
1568822973852
1568822973866
1568822973879
1568822973893
1568822973906
1568822973920
1568822973934
1568822973947
1568822973961
1568822973974
