1568822963430
1568822963445
1568822963460
1568822963475
1568822963488
1568822963503
1568822963517
1568822963532
1568822963546
1568822963560
1568822963574
1568822963588
1568822963602
1568822963617
1568822963632
1568822963646
1568822963661
1568822963676
1568822963690
1568822963704
1568822963718
1568822963732
1568822963746
1568822963760
1568822963774
1568822963788
1568822963803
1568822963817
1568822963832
1568822963846
1568822963860
1568822963874
1568822963888
1568822963902
1568822963916
1568822963931
1568822963944
1568822963958
1568822963973
1568822963987
1568822964001
1568822964015
1568822964029
1568822964046
1568822964061
1568822964077
1568822964092
1568822964107
1568822964123
1568822964139
1568822964155
1568822964171
1568822964187
1568822964203
1568822964218
1568822964234
1568822964249
1568822964264
1568822964281
1568822964296
1568822964310
1568822964327
1568822964342
1568822964357
1568822964373
1568822964388
1568822964406
1568822964423
1568822964437
1568822964452
1568822964467
1568822964483
1568822964498
1568822964513
1568822964529
1568822964543
1568822964557
1568822964572
1568822964587
1568822964602
1568822964617
1568822964633
1568822964648
1568822964663
1568822964678
1568822964695
1568822964711
1568822964727
1568822964743
1568822964759
1568822964775
1568822964790
1568822964806
1568822964822
1568822964836
1568822964851
1568822964866
1568822964882
1568822964897
1568822964911
1568822964926
1568822964941
1568822964956
1568822964971
1568822964987
1568822965002
1568822965017
1568822965032
1568822965047
1568822965063
1568822965078
1568822965091
1568822965105
1568822965119
1568822965133
1568822965146
1568822965160
1568822965174
1568822965187
1568822965201
1568822965214
1568822965229
1568822965243
1568822965256
1568822965270
1568822965284
1568822965298
1568822965312
1568822965326
1568822965340
1568822965353
1568822965367
1568822965380
1568822965395
1568822965408
1568822965422
1568822965435
1568822965449
1568822965464
1568822965478
1568822965491
1568822965505
1568822965519
1568822965533
1568822965546
1568822965560
1568822965574
1568822965588
1568822965602
1568822965618
