1568822950426
1568822950440
1568822950455
1568822950468
1568822950481
1568822950494
1568822950507
1568822950521
1568822950535
1568822950549
1568822950563
1568822950577
1568822950590
1568822950605
1568822950619
1568822950633
1568822950647
1568822950661
1568822950674
1568822950688
1568822950701
1568822950714
1568822950727
1568822950741
1568822950754
1568822950767
1568822950781
1568822950794
1568822950808
1568822950821
1568822950834
1568822950847
1568822950860
1568822950874
1568822950888
1568822950901
1568822950914
1568822950932
1568822950947
1568822950962
1568822950977
1568822950992
1568822951007
1568822951021
1568822951036
1568822951051
1568822951066
1568822951081
1568822951095
1568822951110
1568822951125
1568822951140
1568822951155
1568822951170
1568822951185
1568822951200
1568822951215
1568822951230
1568822951244
1568822951258
1568822951273
1568822951289
1568822951303
1568822951317
1568822951331
1568822951346
1568822951359
1568822951374
1568822951388
1568822951403
1568822951418
1568822951432
1568822951446
1568822951463
1568822951478
1568822951492
1568822951507
1568822951521
1568822951536
1568822951549
1568822951564
1568822951578
1568822951592
1568822951607
1568822951622
1568822951638
1568822951652
1568822951668
1568822951682
1568822951697
1568822951711
1568822951726
1568822951741
1568822951756
1568822951771
1568822951786
1568822951801
1568822951817
1568822951832
1568822951847
1568822951862
1568822951878
1568822951892
1568822951908
1568822951923
1568822951938
1568822951952
1568822951967
1568822951982
1568822951998
1568822952013
1568822952028
1568822952042
1568822952057
1568822952071
1568822952085
1568822952098
1568822952112
1568822952126
1568822952139
1568822952153
1568822952167
1568822952181
1568822952195
1568822952210
1568822952224
1568822952238
1568822952253
1568822952267
1568822952281
1568822952295
1568822952309
1568822952323
1568822952339
1568822952353
1568822952368
1568822952382
1568822952396
1568822952410
1568822952424
1568822952438
1568822952451
1568822952465
1568822952479
1568822952493
1568822952507
1568822952521
1568822952536
1568822952549
1568822952563
