1568649898027
1568649898043
1568649898059
1568649898074
1568649898087
1568649898102
1568649898117
1568649898131
1568649898145
1568649898160
1568649898174
1568649898188
1568649898202
1568649898216
1568649898230
1568649898243
1568649898256
1568649898271
1568649898287
1568649898302
1568649898315
1568649898329
1568649898341
1568649898357
1568649898372
1568649898390
1568649898405
1568649898420
1568649898435
1568649898449
1568649898462
1568649898475
1568649898489
1568649898503
1568649898517
1568649898530
1568649898544
1568649898559
1568649898575
1568649898591
1568649898606
1568649898621
1568649898634
1568649898648
1568649898661
1568649898675
1568649898688
1568649898701
1568649898714
1568649898727
1568649898741
1568649898754
1568649898766
1568649898780
1568649898793
1568649898808
1568649898823
1568649898838
1568649898851
1568649898864
1568649898876
1568649898920
1568649898980
1568649899013
1568649899040
1568649899061
1568649899080
1568649899097
1568649899111
1568649899126
1568649899139
1568649899153
1568649899166
1568649899181
1568649899196
1568649899210
1568649899223
1568649899236
1568649899250
1568649899264
1568649899277
1568649899291
1568649899305
1568649899319
1568649899333
1568649899347
1568649899361
1568649899374
1568649899388
1568649899402
1568649899417
1568649899433
1568649899448
1568649899461
1568649899476
1568649899490
1568649899505
1568649899522
1568649899537
1568649899552
1568649899568
1568649899583
1568649899597
1568649899611
1568649899626
1568649899642
1568649899656
1568649899672
1568649899687
1568649899703
1568649899718
1568649899731
1568649899744
1568649899758
1568649899775
1568649899790
1568649899804
1568649899818
1568649899831
1568649899846
1568649899861
1568649899878
1568649899892
1568649899909
1568649899924
1568649899939
1568649899956
1568649899970
1568649899984
1568649900001
1568649900015
1568649900030
1568649900044
1568649900057
1568649900072
1568649900087
1568649900102
1568649900116
1568649900130
1568649900143
1568649900157
1568649900172
1568649900186
1568649900201
1568649900218
1568649900234
1568649900249
1568649900266
1568649900281
1568649900295
