1568649873750
1568649873775
1568649873796
1568649873813
1568649873828
1568649873842
1568649873856
1568649873869
1568649873881
1568649873892
1568649873904
1568649873916
1568649873927
1568649873941
1568649873954
1568649873968
1568649873981
1568649873995
1568649874008
1568649874022
1568649874035
1568649874047
1568649874059
1568649874072
1568649874086
1568649874100
1568649874113
1568649874125
1568649874137
1568649874150
1568649874163
1568649874177
1568649874190
1568649874202
1568649874214
1568649874227
1568649874239
1568649874253
1568649874268
1568649874281
1568649874293
1568649874306
1568649874318
1568649874330
1568649874342
1568649874355
1568649874368
1568649874384
1568649874396
1568649874409
1568649874422
1568649874434
1568649874447
1568649874459
1568649874472
1568649874485
1568649874497
1568649874510
1568649874522
1568649874535
1568649874549
1568649874562
1568649874575
1568649874589
1568649874603
1568649874616
1568649874629
1568649874642
1568649874655
1568649874667
1568649874682
1568649874695
1568649874709
1568649874723
1568649874736
1568649874751
1568649874764
1568649874777
1568649874791
1568649874805
1568649874820
1568649874835
1568649874848
1568649874861
1568649874875
1568649874890
1568649874904
1568649874920
1568649874935
1568649874950
1568649874964
1568649874978
1568649874991
1568649875006
1568649875021
1568649875036
1568649875050
1568649875065
1568649875081
1568649875095
1568649875109
1568649875123
1568649875138
1568649875153
1568649875167
1568649875181
1568649875194
1568649875208
1568649875225
1568649875241
1568649875254
1568649875269
1568649875285
1568649875299
1568649875313
1568649875327
1568649875341
1568649875354
1568649875368
1568649875381
1568649875393
1568649875406
1568649875419
1568649875433
1568649875447
1568649875460
1568649875473
1568649875486
1568649875500
1568649875514
1568649875528
1568649875540
1568649875554
1568649875566
1568649875580
1568649875595
1568649875608
1568649875621
1568649875634
1568649875648
1568649875662
1568649875675
1568649875689
1568649875701
1568649875714
1568649875727
1568649875739
1568649875753
1568649875767
1568649875781
