1568649887847
1568649887860
1568649887873
1568649887886
1568649887899
1568649887913
1568649887927
1568649887941
1568649887955
1568649887971
1568649887986
1568649888001
1568649888016
1568649888031
1568649888045
1568649888060
1568649888074
1568649888088
1568649888103
1568649888117
1568649888130
1568649888143
1568649888157
1568649888171
1568649888185
1568649888200
1568649888215
1568649888229
1568649888244
1568649888259
1568649888273
1568649888289
1568649888304
1568649888319
1568649888334
1568649888348
1568649888362
1568649888377
1568649888391
1568649888405
1568649888420
1568649888437
1568649888452
1568649888467
1568649888482
1568649888497
1568649888511
1568649888525
1568649888541
1568649888557
1568649888575
1568649888591
1568649888607
1568649888622
1568649888635
1568649888650
1568649888664
1568649888681
1568649888696
1568649888710
1568649888723
1568649888739
1568649888754
1568649888773
1568649888790
1568649888806
1568649888821
1568649888835
1568649888848
1568649888861
1568649888874
1568649888889
1568649888905
1568649888921
1568649888937
1568649888952
1568649888967
1568649888981
1568649888994
1568649889008
1568649889023
1568649889037
1568649889052
1568649889065
1568649889080
1568649889095
1568649889110
1568649889128
1568649889144
1568649889160
1568649889175
1568649889192
1568649889207
1568649889222
1568649889237
1568649889252
1568649889266
1568649889281
1568649889295
1568649889310
1568649889325
1568649889339
1568649889353
1568649889369
1568649889384
1568649889399
1568649889412
1568649889428
1568649889442
1568649889457
1568649889471
1568649889485
1568649889500
1568649889515
1568649889528
1568649889541
1568649889555
1568649889568
1568649889581
1568649889594
1568649889608
1568649889623
1568649889637
1568649889652
1568649889666
1568649889681
1568649889694
1568649889707
1568649889721
1568649889735
1568649889748
1568649889762
1568649889777
1568649889792
1568649889806
1568649889820
1568649889834
1568649889847
1568649889861
1568649889875
1568649889888
1568649889904
1568649889918
1568649889932
1568649889945
1568649889959
1568649889973
1568649889986
1568649890000
1568649890014
