1568649899732
1568649899746
1568649899763
1568649899780
1568649899795
1568649899809
1568649899823
1568649899837
1568649899852
1568649899867
1568649899882
1568649899896
1568649899913
1568649899929
1568649899944
1568649899960
1568649899974
1568649899989
1568649900004
1568649900019
1568649900033
1568649900047
1568649900060
1568649900074
1568649900088
1568649900104
1568649900118
1568649900132
1568649900145
1568649900158
1568649900173
1568649900187
1568649900202
1568649900219
1568649900234
1568649900248
1568649900265
1568649900280
1568649900294
1568649900311
1568649900326
1568649900341
1568649900354
1568649900368
1568649900381
1568649900399
1568649900416
1568649900431
1568649900444
1568649900459
1568649900472
1568649900489
1568649900504
1568649900517
1568649900531
1568649900544
1568649900556
1568649900569
1568649900583
1568649900599
1568649900614
1568649900629
1568649900643
1568649900656
1568649900669
1568649900683
1568649900697
1568649900712
1568649900726
1568649900740
1568649900754
1568649900769
1568649900784
1568649900799
1568649900813
1568649900827
1568649900841
1568649900855
1568649900869
1568649900884
1568649900899
1568649900915
1568649900930
1568649900944
1568649900959
1568649900976
1568649900992
1568649901008
1568649901024
1568649901040
1568649901055
1568649901070
1568649901086
1568649901101
1568649901117
1568649901131
1568649901145
1568649901160
1568649901175
1568649901191
1568649901206
1568649901221
1568649901236
1568649901251
1568649901265
1568649901280
1568649901295
1568649901309
1568649901323
1568649901338
1568649901355
1568649901372
1568649901387
1568649901402
1568649901417
1568649901432
1568649901445
1568649901461
1568649901477
1568649901494
1568649901509
1568649901524
1568649901539
1568649901554
1568649901568
1568649901584
1568649901599
1568649901614
1568649901628
1568649901643
1568649901656
1568649901670
1568649901683
1568649901699
1568649901713
1568649901728
1568649901742
1568649901759
1568649901775
1568649901789
1568649901803
1568649901815
1568649901828
1568649901841
1568649901856
1568649901871
1568649901886
1568649901902
1568649901918
1568649901932
