1568649886247
1568649886316
1568649886366
1568649886401
1568649886422
1568649886440
1568649886455
1568649886470
1568649886484
1568649886497
1568649886509
1568649886523
1568649886537
1568649886550
1568649886564
1568649886577
1568649886590
1568649886604
1568649886617
1568649886630
1568649886643
1568649886657
1568649886669
1568649886682
1568649886695
1568649886710
1568649886727
1568649886741
1568649886755
1568649886769
1568649886783
1568649886799
1568649886812
1568649886826
1568649886840
1568649886854
1568649886868
1568649886885
1568649886901
1568649886918
1568649886934
1568649886950
1568649886965
1568649886981
1568649886996
1568649887012
1568649887029
1568649887044
1568649887059
1568649887074
1568649887088
1568649887103
1568649887117
1568649887131
1568649887144
1568649887158
1568649887170
1568649887184
1568649887196
1568649887211
1568649887228
1568649887245
1568649887260
1568649887275
1568649887288
1568649887303
1568649887318
1568649887333
1568649887346
1568649887360
1568649887374
1568649887390
1568649887404
1568649887420
1568649887435
1568649887449
1568649887464
1568649887478
1568649887493
1568649887510
1568649887525
1568649887539
1568649887555
1568649887569
1568649887584
1568649887601
1568649887617
1568649887631
1568649887644
1568649887658
1568649887673
1568649887688
1568649887702
1568649887716
1568649887731
1568649887747
1568649887762
1568649887778
1568649887793
1568649887807
1568649887823
1568649887839
1568649887852
1568649887864
1568649887876
1568649887890
1568649887903
1568649887917
1568649887932
1568649887947
1568649887962
1568649887977
1568649887992
1568649888007
1568649888021
1568649888036
1568649888049
1568649888062
1568649888076
1568649888090
1568649888105
1568649888119
1568649888132
1568649888146
1568649888160
1568649888174
1568649888188
1568649888203
1568649888216
1568649888231
1568649888245
1568649888260
1568649888274
1568649888291
1568649888306
1568649888321
1568649888336
1568649888351
1568649888365
1568649888379
1568649888392
1568649888406
1568649888422
1568649888437
1568649888454
1568649888469
1568649888484
1568649888497
1568649888510
1568649888525
