1568649881506
1568649881522
1568649881538
1568649881554
1568649881569
1568649881583
1568649881597
1568649881612
1568649881627
1568649881642
1568649881656
1568649881672
1568649881688
1568649881704
1568649881718
1568649881733
1568649881749
1568649881766
1568649881781
1568649881795
1568649881810
1568649881825
1568649881839
1568649881855
1568649881871
1568649881886
1568649881901
1568649881916
1568649881934
1568649881951
1568649881966
1568649881980
1568649881995
1568649882012
1568649882026
1568649882041
1568649882056
1568649882073
1568649882090
1568649882105
1568649882120
1568649882134
1568649882148
1568649882162
1568649882177
1568649882191
1568649882205
1568649882217
1568649882230
1568649882247
1568649882262
1568649882277
1568649882289
1568649882302
1568649882315
1568649882330
1568649882344
1568649882358
1568649882371
1568649882385
1568649882400
1568649882418
1568649882433
1568649882449
1568649882465
1568649882481
1568649882496
1568649882512
1568649882528
1568649882543
1568649882556
1568649882571
1568649882586
1568649882602
1568649882616
1568649882629
1568649882643
1568649882659
1568649882675
1568649882690
1568649882704
1568649882717
1568649882731
1568649882745
1568649882760
1568649882776
1568649882790
1568649882804
1568649882820
1568649882844
1568649882860
1568649882877
1568649882892
1568649882910
1568649882927
1568649882945
1568649882976
1568649882993
1568649883009
1568649883025
1568649883039
1568649883054
1568649883068
1568649883081
1568649883096
1568649883111
1568649883125
1568649883139
1568649883153
1568649883167
1568649883181
1568649883196
1568649883210
1568649883223
1568649883236
1568649883248
1568649883260
1568649883275
1568649883289
1568649883303
1568649883317
1568649883331
1568649883345
1568649883360
1568649883374
1568649883390
1568649883405
1568649883419
1568649883434
1568649883449
1568649883463
1568649883478
1568649883492
1568649883508
1568649883523
1568649883537
1568649883554
1568649883569
1568649883584
1568649883598
1568649883613
1568649883628
1568649883643
1568649883658
1568649883671
1568649883684
1568649883699
1568649883713
1568649883727
1568649883741
