1568999023266
1568999023281
1568999023296
1568999023311
1568999023326
1568999023340
1568999023353
1568999023368
1568999023381
1568999023395
1568999023408
1568999023421
1568999023435
1568999023449
1568999023462
1568999023475
1568999023488
1568999023501
1568999023513
1568999023527
1568999023540
1568999023553
1568999023566
1568999023579
1568999023593
1568999023607
1568999023621
1568999023634
1568999023647
1568999023661
1568999023674
1568999023688
1568999023704
1568999023717
1568999023731
1568999023746
1568999023760
1568999023775
1568999023789
1568999023803
1568999023818
1568999023833
1568999023847
1568999023862
1568999023876
1568999023891
1568999023906
1568999023921
1568999023936
1568999023952
1568999023966
1568999023982
1568999023997
1568999024012
1568999024025
1568999024040
1568999024054
1568999024069
1568999024083
1568999024097
1568999024113
1568999024129
1568999024144
1568999024161
1568999024175
1568999024190
1568999024204
1568999024219
1568999024234
1568999024248
1568999024262
1568999024276
1568999024291
1568999024306
1568999024321
1568999024336
1568999024350
1568999024365
1568999024379
1568999024394
1568999024408
1568999024423
1568999024437
1568999024451
1568999024466
1568999024482
1568999024497
1568999024512
1568999024527
1568999024543
1568999024558
1568999024573
1568999024587
1568999024601
1568999024615
1568999024630
1568999024645
1568999024661
1568999024677
1568999024692
1568999024708
1568999024723
1568999024737
1568999024753
1568999024767
1568999024782
1568999024796
1568999024811
1568999024825
1568999024840
1568999024855
1568999024870
1568999024884
1568999024899
1568999024914
1568999024930
1568999024944
1568999024959
1568999024971
1568999024985
1568999024999
1568999025013
1568999025026
1568999025040
1568999025053
1568999025067
1568999025082
1568999025095
1568999025108
1568999025123
1568999025136
1568999025149
1568999025162
1568999025177
1568999025190
1568999025204
1568999025217
1568999025230
1568999025246
1568999025259
1568999025273
1568999025286
1568999025300
1568999025314
1568999025328
1568999025343
1568999025358
1568999025374
1568999025387
1568999025400
