1568998992401
1568998992415
1568998992430
1568998992443
1568998992456
1568998992468
1568998992482
1568998992495
1568998992508
1568998992521
1568998992533
1568998992546
1568998992560
1568998992573
1568998992587
1568998992600
1568998992613
1568998992627
1568998992639
1568998992652
1568998992665
1568998992678
1568998992691
1568998992704
1568998992717
1568998992731
1568998992744
1568998992758
1568998992770
1568998992784
1568998992797
1568998992810
1568998992826
1568998992840
1568998992854
1568998992868
1568998992882
1568998992898
1568998992912
1568998992926
1568998992941
1568998992955
1568998992969
1568998992982
1568998992996
1568998993010
1568998993023
1568998993037
1568998993052
1568998993067
1568998993081
1568998993095
1568998993109
1568998993123
1568998993138
1568998993152
1568998993166
1568998993180
1568998993194
1568998993209
1568998993223
1568998993237
1568998993253
1568998993267
1568998993303
1568998993319
1568998993333
1568998993348
1568998993363
1568998993379
1568998993394
1568998993411
1568998993443
1568998993458
1568998993473
1568998993487
1568998993502
1568998993516
1568998993530
1568998993543
1568998993557
1568998993570
1568998993584
1568998993599
1568998993613
1568998993629
1568998993643
1568998993658
1568998993673
1568998993686
1568998993700
1568998993713
1568998993727
1568998993742
1568998993756
1568998993769
1568998993784
1568998993798
1568998993812
1568998993826
1568998993840
1568998993854
1568998993868
1568998993882
1568998993895
1568998993910
1568998993924
1568998993939
1568998993953
1568998993968
1568998993983
1568998993998
1568998994012
1568998994026
1568998994040
1568998994055
1568998994068
1568998994082
1568998994096
1568998994109
1568998994122
1568998994136
1568998994149
1568998994161
1568998994174
1568998994187
1568998994200
1568998994213
1568998994226
1568998994240
1568998994253
1568998994266
1568998994279
1568998994293
1568998994305
1568998994319
1568998994332
1568998994345
1568998994358
1568998994371
1568998994385
1568998994397
1568998994410
1568998994424
1568998994436
1568998994451
1568998994465
1568998994478
1568998994490
1568998994503
