1568999001023
1568999001037
1568999001052
1568999001066
1568999001079
1568999001092
1568999001105
1568999001118
1568999001132
1568999001145
1568999001158
1568999001172
1568999001186
1568999001200
1568999001214
1568999001228
1568999001241
1568999001254
1568999001267
1568999001281
1568999001293
1568999001306
1568999001320
1568999001333
1568999001348
1568999001362
1568999001378
1568999001391
1568999001405
1568999001418
1568999001432
1568999001448
1568999001464
1568999001481
1568999001498
1568999001513
1568999001529
1568999001545
1568999001560
1568999001576
1568999001591
1568999001607
1568999001622
1568999001638
1568999001652
1568999001668
1568999001686
1568999001700
1568999001715
1568999001735
1568999001750
1568999001766
1568999001785
1568999001799
1568999001814
1568999001831
1568999001845
1568999001859
1568999001874
1568999001889
1568999001905
1568999001920
1568999001935
1568999001950
1568999001965
1568999001980
1568999001994
1568999002010
1568999002025
1568999002041
1568999002058
1568999002075
1568999002091
1568999002108
1568999002124
1568999002141
1568999002157
1568999002174
1568999002191
1568999002207
1568999002223
1568999002240
1568999002256
1568999002273
1568999002289
1568999002307
1568999002325
1568999002342
1568999002358
1568999002376
1568999002391
1568999002408
1568999002425
1568999002441
1568999002457
1568999002472
1568999002489
1568999002505
1568999002522
1568999002538
1568999002553
1568999002569
1568999002585
1568999002602
1568999002617
1568999002635
1568999002650
1568999002666
1568999002683
1568999002701
1568999002716
1568999002734
1568999002749
1568999002766
1568999002782
1568999002797
1568999002812
1568999002827
1568999002842
1568999002856
1568999002872
1568999002888
1568999002903
1568999002918
1568999002933
1568999002948
1568999002963
1568999002979
1568999002996
1568999003010
1568999003029
1568999003044
1568999003059
1568999003075
1568999003090
1568999003104
1568999003118
1568999003134
1568999003148
1568999003161
1568999003175
1568999003190
1568999003204
1568999003219
1568999003234
1568999003248
1568999003263
1568999003277
1568999003290
1568999003305
