1568824539006
1568824539020
1568824539033
1568824539045
1568824539057
1568824539068
1568824539080
1568824539092
1568824539105
1568824539117
1568824539128
1568824539141
1568824539154
1568824539166
1568824539179
1568824539191
1568824539204
1568824539217
1568824539230
1568824539242
1568824539253
1568824539265
1568824539277
1568824539289
1568824539302
1568824539316
1568824539330
1568824539343
1568824539356
1568824539369
1568824539383
1568824539397
1568824539410
1568824539422
1568824539435
1568824539447
1568824539461
1568824539474
1568824539487
1568824539500
1568824539514
1568824539527
1568824539540
1568824539553
1568824539565
1568824539578
1568824539592
1568824539605
1568824539618
1568824539631
1568824539645
1568824539658
1568824539671
1568824539683
1568824539697
1568824539712
1568824539727
1568824539739
1568824539752
1568824539766
1568824539779
1568824539793
1568824539805
1568824539818
1568824539830
1568824539843
1568824539856
1568824539869
1568824539881
1568824539894
1568824539907
1568824539920
1568824539933
1568824539946
1568824539959
1568824539972
1568824539985
1568824539998
1568824540011
1568824540025
1568824540038
1568824540052
1568824540066
1568824540079
1568824540093
1568824540108
1568824540121
1568824540133
1568824540146
1568824540160
1568824540172
1568824540186
1568824540199
1568824540214
1568824540227
1568824540240
1568824540254
1568824540268
1568824540282
1568824540296
1568824540309
1568824540324
1568824540339
1568824540354
1568824540369
1568824540383
1568824540396
1568824540411
1568824540425
1568824540438
1568824540451
1568824540465
1568824540479
1568824540494
1568824540507
1568824540520
1568824540533
1568824540547
1568824540561
1568824540574
1568824540587
1568824540601
1568824540614
1568824540626
1568824540640
1568824540654
1568824540667
1568824540681
1568824540695
1568824540709
1568824540723
1568824540735
1568824540750
1568824540764
1568824540778
1568824540792
1568824540805
1568824540819
1568824540831
1568824540844
1568824540857
1568824540872
1568824540885
1568824540900
1568824540913
1568824540928
1568824540941
1568824540955
1568824540967
1568824540980
