1568824547134
1568824547146
1568824547160
1568824547172
1568824547183
1568824547196
1568824547209
1568824547222
1568824547235
1568824547249
1568824547263
1568824547276
1568824547290
1568824547304
1568824547318
1568824547330
1568824547342
1568824547355
1568824547368
1568824547382
1568824547395
1568824547409
1568824547422
1568824547435
1568824547450
1568824547465
1568824547479
1568824547492
1568824547502
1568824547514
1568824547526
1568824547539
1568824547551
1568824547563
1568824547574
1568824547588
1568824547601
1568824547614
1568824547626
1568824547638
1568824547650
1568824547663
1568824547675
1568824547687
1568824547698
1568824547711
1568824547723
1568824547736
1568824547750
1568824547763
1568824547776
1568824547788
1568824547800
1568824547812
1568824547825
1568824547838
1568824547851
1568824547863
1568824547875
1568824547888
1568824547901
1568824547914
1568824547927
1568824547940
1568824547952
1568824547964
1568824547976
1568824547988
1568824548000
1568824548012
1568824548025
1568824548037
1568824548048
1568824548062
1568824548074
1568824548087
1568824548100
1568824548114
1568824548127
1568824548142
1568824548156
1568824548169
1568824548183
1568824548198
1568824548213
1568824548229
1568824548244
1568824548259
1568824548272
1568824548285
1568824548297
1568824548310
1568824548324
1568824548339
1568824548351
1568824548365
1568824548378
1568824548393
1568824548408
1568824548421
1568824548435
1568824548448
1568824548462
1568824548476
1568824548490
1568824548504
1568824548517
1568824548530
1568824548544
1568824548560
1568824548574
1568824548589
1568824548602
1568824548615
1568824548628
1568824548642
1568824548656
1568824548669
1568824548683
1568824548696
1568824548711
1568824548725
1568824548738
1568824548751
1568824548764
1568824548777
1568824548790
1568824548803
1568824548817
1568824548830
1568824548843
1568824548856
1568824548870
1568824548885
1568824548899
1568824548913
1568824548926
1568824548939
1568824548951
1568824548964
1568824548978
1568824548993
1568824549006
1568824549020
1568824549034
1568824549049
1568824549064
1568824549077
1568824549089
1568824549103
