1568824525969
1568824525983
1568824525998
1568824526011
1568824526022
1568824526034
1568824526045
1568824526057
1568824526069
1568824526082
1568824526095
1568824526108
1568824526120
1568824526133
1568824526147
1568824526159
1568824526171
1568824526183
1568824526195
1568824526207
1568824526220
1568824526232
1568824526244
1568824526255
1568824526268
1568824526280
1568824526292
1568824526304
1568824526316
1568824526329
1568824526342
1568824526355
1568824526369
1568824526383
1568824526395
1568824526409
1568824526422
1568824526435
1568824526448
1568824526461
1568824526474
1568824526487
1568824526500
1568824526513
1568824526525
1568824526538
1568824526551
1568824526563
1568824526576
1568824526588
1568824526601
1568824526615
1568824526627
1568824526641
1568824526654
1568824526666
1568824526679
1568824526692
1568824526705
1568824526718
1568824526731
1568824526744
1568824526757
1568824526769
1568824526782
1568824526794
1568824526806
1568824526818
1568824526831
1568824526843
1568824526855
1568824526868
1568824526881
1568824526894
1568824526908
1568824526921
1568824526934
1568824526947
1568824526960
1568824526973
1568824526986
1568824526999
1568824527012
1568824527025
1568824527039
1568824527053
1568824527065
1568824527079
1568824527092
1568824527105
1568824527119
1568824527132
1568824527145
1568824527159
1568824527172
1568824527187
1568824527201
1568824527215
1568824527229
1568824527242
1568824527255
1568824527268
1568824527282
1568824527295
1568824527308
1568824527322
1568824527335
1568824527349
1568824527363
1568824527377
1568824527390
1568824527403
1568824527416
1568824527429
1568824527443
1568824527457
1568824527471
1568824527483
1568824527495
1568824527509
1568824527522
1568824527536
1568824527549
1568824527562
1568824527576
1568824527589
1568824527602
1568824527614
1568824527626
1568824527639
1568824527653
1568824527668
1568824527682
1568824527696
1568824527709
1568824527722
1568824527735
1568824527749
1568824527762
1568824527775
1568824527788
1568824527800
1568824527812
1568824527825
1568824527837
1568824527850
1568824527866
1568824527880
1568824527893
1568824527905
