1568824516306
1568824516318
1568824516333
1568824516346
1568824516360
1568824516373
1568824516385
1568824516398
1568824516411
1568824516423
1568824516435
1568824516448
1568824516462
1568824516475
1568824516488
1568824516501
1568824516514
1568824516527
1568824516539
1568824516553
1568824516565
1568824516578
1568824516591
1568824516604
1568824516618
1568824516632
1568824516644
1568824516657
1568824516669
1568824516682
1568824516694
1568824516706
1568824516719
1568824516732
1568824516746
1568824516759
1568824516772
1568824516785
1568824516798
1568824516811
1568824516824
1568824516836
1568824516849
1568824516862
1568824516876
1568824516890
1568824516903
1568824516916
1568824516929
1568824516943
1568824516957
1568824516969
1568824516981
1568824516994
1568824517006
1568824517019
1568824517030
1568824517042
1568824517055
1568824517069
1568824517084
1568824517099
1568824517113
1568824517126
1568824517139
1568824517152
1568824517164
1568824517178
1568824517191
1568824517206
1568824517219
1568824517232
1568824517246
1568824517262
1568824517274
1568824517288
1568824517302
1568824517316
1568824517330
1568824517344
1568824517358
1568824517371
1568824517384
1568824517399
1568824517413
1568824517427
1568824517441
1568824517457
1568824517470
1568824517483
1568824517495
1568824517512
1568824517527
1568824517540
1568824517556
1568824517570
1568824517585
1568824517599
1568824517613
1568824517627
1568824517641
1568824517654
1568824517668
1568824517680
1568824517694
1568824517709
1568824517723
1568824517737
1568824517751
1568824517766
1568824517780
1568824517794
1568824517809
1568824517823
1568824517838
1568824517854
1568824517868
1568824517881
1568824517896
1568824517909
1568824517922
1568824517935
1568824517948
1568824517962
1568824517974
1568824517986
1568824517999
1568824518012
1568824518025
1568824518039
1568824518051
1568824518064
1568824518077
1568824518090
1568824518104
1568824518118
1568824518130
1568824518143
1568824518155
1568824518170
1568824518182
1568824518196
1568824518208
1568824518221
1568824518233
1568824518246
1568824518259
1568824518272
1568824518285
1568824518300
