1568737153547
1568737153561
1568737153578
1568737153592
1568737153605
1568737153619
1568737153634
1568737153648
1568737153661
1568737153674
1568737153687
1568737153702
1568737153715
1568737153729
1568737153742
1568737153756
1568737153768
1568737153782
1568737153795
1568737153810
1568737153824
1568737153838
1568737153852
1568737153865
1568737153879
1568737153895
1568737153909
1568737153924
1568737153937
1568737153951
1568737153964
1568737153978
1568737153991
1568737154005
1568737154018
1568737154031
1568737154045
1568737154060
1568737154074
1568737154088
1568737154102
1568737154117
1568737154131
1568737154144
1568737154157
1568737154173
1568737154187
1568737154201
1568737154215
1568737154229
1568737154243
1568737154257
1568737154270
1568737154285
1568737154298
1568737154312
1568737154327
1568737154341
1568737154355
1568737154368
1568737154382
1568737154398
1568737154412
1568737154426
1568737154440
1568737154454
1568737154468
1568737154483
1568737154497
1568737154511
1568737154526
1568737154541
1568737154555
1568737154570
1568737154584
1568737154598
1568737154611
1568737154626
1568737154640
1568737154653
1568737154667
1568737154682
1568737154696
1568737154710
1568737154724
1568737154739
1568737154754
1568737154768
1568737154783
1568737154796
1568737154810
1568737154824
1568737154837
1568737154851
1568737154865
1568737154881
1568737154896
1568737154911
1568737154926
1568737154941
1568737154954
1568737154968
1568737154982
1568737154996
1568737155011
1568737155025
1568737155040
1568737155054
1568737155068
1568737155083
1568737155097
1568737155112
1568737155125
1568737155138
1568737155151
1568737155163
1568737155176
1568737155189
1568737155201
1568737155214
1568737155226
1568737155241
1568737155253
1568737155266
1568737155281
1568737155294
1568737155307
1568737155319
1568737155332
1568737155346
1568737155358
1568737155372
1568737155386
1568737155400
1568737155415
1568737155430
1568737155443
1568737155457
1568737155471
1568737155485
1568737155498
1568737155511
1568737155524
1568737155537
1568737155550
1568737155563
1568737155577
1568737155590
1568737155604
1568737155617
