1568737185859
1568737185875
1568737185892
1568737185906
1568737185920
1568737185935
1568737185949
1568737185964
1568737185978
1568737185992
1568737186007
1568737186021
1568737186035
1568737186050
1568737186063
1568737186076
1568737186089
1568737186102
1568737186116
1568737186129
1568737186141
1568737186155
1568737186167
1568737186182
1568737186196
1568737186211
1568737186225
1568737186238
1568737186251
1568737186267
1568737186281
1568737186294
1568737186307
1568737186322
1568737186335
1568737186349
1568737186362
1568737186376
1568737186389
1568737186404
1568737186418
1568737186432
1568737186445
1568737186459
1568737186477
1568737186494
1568737186509
1568737186524
1568737186539
1568737186556
1568737186573
1568737186588
1568737186602
1568737186616
1568737186630
1568737186646
1568737186659
1568737186673
1568737186688
1568737186703
1568737186717
1568737186732
1568737186748
1568737186765
1568737186779
1568737186794
1568737186810
1568737186824
1568737186839
1568737186854
1568737186868
1568737186882
1568737186896
1568737186911
1568737186926
1568737186940
1568737186954
1568737186968
1568737186983
1568737186998
1568737187012
1568737187026
1568737187039
1568737187054
1568737187069
1568737187084
1568737187097
1568737187112
1568737187127
1568737187142
1568737187157
1568737187171
1568737187185
1568737187199
1568737187213
1568737187227
1568737187241
1568737187256
1568737187271
1568737187286
1568737187300
1568737187314
1568737187328
1568737187344
1568737187358
1568737187372
1568737187387
1568737187402
1568737187417
1568737187433
1568737187447
1568737187461
1568737187475
1568737187489
1568737187504
1568737187519
1568737187534
1568737187548
1568737187563
1568737187578
1568737187594
1568737187609
1568737187623
1568737187639
1568737187653
1568737187668
1568737187682
1568737187697
1568737187710
1568737187724
1568737187737
1568737187750
1568737187762
1568737187777
1568737187790
1568737187805
1568737187819
1568737187833
1568737187846
1568737187860
1568737187873
1568737187886
1568737187899
1568737187912
1568737187926
1568737187942
1568737187956
1568737187969
1568737187983
1568737187998
