1568737195603
1568737195617
1568737195633
1568737195648
1568737195661
1568737195673
1568737195686
1568737195699
1568737195712
1568737195725
1568737195738
1568737195752
1568737195764
1568737195779
1568737195792
1568737195805
1568737195818
1568737195831
1568737195845
1568737195859
1568737195873
1568737195888
1568737195902
1568737195916
1568737195930
1568737195943
1568737195958
1568737195972
1568737195984
1568737195998
1568737196012
1568737196026
1568737196041
1568737196055
1568737196068
1568737196082
1568737196097
1568737196114
1568737196128
1568737196141
1568737196156
1568737196170
1568737196183
1568737196196
1568737196209
1568737196226
1568737196242
1568737196257
1568737196271
1568737196285
1568737196298
1568737196312
1568737196325
1568737196339
1568737196351
1568737196364
1568737196378
1568737196391
1568737196404
1568737196417
1568737196431
1568737196445
1568737196458
1568737196471
1568737196485
1568737196498
1568737196511
1568737196524
1568737196538
1568737196551
1568737196563
1568737196578
1568737196592
1568737196607
1568737196621
1568737196635
1568737196649
1568737196663
1568737196676
1568737196689
1568737196701
1568737196715
1568737196728
1568737196742
1568737196755
1568737196771
1568737196784
1568737196797
1568737196810
1568737196824
1568737196837
1568737196850
1568737196863
1568737196876
1568737196889
1568737196902
1568737196916
1568737196930
1568737196943
1568737196956
1568737196969
1568737196981
1568737196994
1568737197008
1568737197021
1568737197034
1568737197048
1568737197061
1568737197075
1568737197089
1568737197102
1568737197116
1568737197129
1568737197142
1568737197154
1568737197167
1568737197180
1568737197193
1568737197206
1568737197219
1568737197233
1568737197246
1568737197259
1568737197272
1568737197284
1568737197297
1568737197310
1568737197323
1568737197334
1568737197346
1568737197360
1568737197373
1568737197386
1568737197400
1568737197412
1568737197425
1568737197437
1568737197450
1568737197463
1568737197476
1568737197488
1568737197501
1568737197514
1568737197526
1568737197539
1568737197552
1568737197566
1568737197579
1568737197592
1568737197606
