1568737187469
1568737187483
1568737187501
1568737187516
1568737187530
1568737187544
1568737187559
1568737187574
1568737187589
1568737187603
1568737187617
1568737187632
1568737187647
1568737187661
1568737187676
1568737187690
1568737187705
1568737187718
1568737187731
1568737187744
1568737187756
1568737187769
1568737187782
1568737187795
1568737187810
1568737187825
1568737187839
1568737187852
1568737187865
1568737187878
1568737187890
1568737187903
1568737187916
1568737187930
1568737187944
1568737187958
1568737187971
1568737187988
1568737188002
1568737188017
1568737188031
1568737188045
1568737188058
1568737188074
1568737188087
1568737188102
1568737188117
1568737188131
1568737188145
1568737188160
1568737188174
1568737188188
1568737188201
1568737188215
1568737188229
1568737188245
1568737188258
1568737188272
1568737188286
1568737188300
1568737188313
1568737188328
1568737188342
1568737188357
1568737188370
1568737188384
1568737188398
1568737188412
1568737188426
1568737188441
1568737188454
1568737188469
1568737188482
1568737188497
1568737188513
1568737188528
1568737188542
1568737188556
1568737188570
1568737188584
1568737188598
1568737188614
1568737188628
1568737188643
1568737188656
1568737188671
1568737188686
1568737188701
1568737188715
1568737188729
1568737188743
1568737188757
1568737188771
1568737188786
1568737188800
1568737188815
1568737188832
1568737188849
1568737188865
1568737188879
1568737188894
1568737188908
1568737188922
1568737188936
1568737188950
1568737188964
1568737188978
1568737188992
1568737189005
1568737189020
1568737189034
1568737189049
1568737189063
1568737189078
1568737189094
1568737189109
1568737189124
1568737189138
1568737189151
1568737189165
1568737189179
1568737189194
1568737189209
1568737189223
1568737189237
1568737189251
1568737189268
1568737189282
1568737189296
1568737189310
1568737189325
1568737189339
1568737189353
1568737189367
1568737189381
1568737189395
1568737189410
1568737189424
1568737189438
1568737189453
1568737189469
1568737189485
1568737189498
1568737189513
1568737189526
1568737189540
1568737189553
1568737189569
1568737189584
1568737189599
