1568737140636
1568737140649
1568737140664
1568737140677
1568737140690
1568737140706
1568737140718
1568737140731
1568737140744
1568737140757
1568737140769
1568737140783
1568737140796
1568737140810
1568737140824
1568737140837
1568737140851
1568737140865
1568737140878
1568737140892
1568737140905
1568737140918
1568737140931
1568737140945
1568737140958
1568737140971
1568737140985
1568737140999
1568737141013
1568737141027
1568737141041
1568737141054
1568737141068
1568737141082
1568737141096
1568737141111
1568737141124
1568737141140
1568737141154
1568737141168
1568737141182
1568737141195
1568737141208
1568737141221
1568737141235
1568737141248
1568737141261
1568737141274
1568737141289
1568737141305
1568737141319
1568737141333
1568737141347
1568737141362
1568737141377
1568737141390
1568737141404
1568737141418
1568737141431
1568737141444
1568737141458
1568737141472
1568737141486
1568737141500
1568737141515
1568737141528
1568737141542
1568737141556
1568737141569
1568737141583
1568737141597
1568737141613
1568737141627
1568737141642
1568737141656
1568737141670
1568737141685
1568737141699
1568737141713
1568737141728
1568737141742
1568737141756
1568737141770
1568737141784
1568737141798
1568737141814
1568737141829
1568737141844
1568737141858
1568737141873
1568737141887
1568737141901
1568737141916
1568737141930
1568737141945
1568737141960
1568737141974
1568737141989
1568737142004
1568737142019
1568737142032
1568737142047
1568737142061
1568737142076
1568737142090
1568737142105
1568737142120
1568737142134
1568737142148
1568737142162
1568737142177
1568737142191
1568737142206
1568737142220
1568737142235
1568737142249
1568737142263
1568737142278
1568737142291
1568737142305
1568737142318
1568737142332
1568737142345
1568737142359
1568737142372
1568737142385
1568737142398
1568737142413
1568737142426
1568737142439
1568737142452
1568737142465
1568737142478
1568737142492
1568737142505
1568737142519
1568737142531
1568737142545
1568737142558
1568737142572
1568737142585
1568737142598
1568737142611
1568737142624
1568737142638
1568737142652
1568737142666
1568737142679
1568737142692
1568737142706
