1568737192333
1568737192349
1568737192366
1568737192382
1568737192398
1568737192425
1568737192441
1568737192457
1568737192472
1568737192487
1568737192502
1568737192516
1568737192531
1568737192546
1568737192559
1568737192575
1568737192589
1568737192603
1568737192616
1568737192629
1568737192642
1568737192656
1568737192670
1568737192685
1568737192699
1568737192713
1568737192726
1568737192739
1568737192752
1568737192765
1568737192778
1568737192791
1568737192805
1568737192819
1568737192833
1568737192846
1568737192862
1568737192879
1568737192893
1568737192908
1568737192921
1568737192937
1568737192952
1568737192965
1568737192979
1568737192995
1568737193011
1568737193028
1568737193042
1568737193056
1568737193071
1568737193084
1568737193097
1568737193111
1568737193124
1568737193139
1568737193154
1568737193169
1568737193183
1568737193196
1568737193210
1568737193225
1568737193239
1568737193252
1568737193266
1568737193279
1568737193292
1568737193307
1568737193320
1568737193334
1568737193347
1568737193362
1568737193377
1568737193393
1568737193407
1568737193421
1568737193435
1568737193450
1568737193465
1568737193480
1568737193494
1568737193511
1568737193527
1568737193542
1568737193556
1568737193571
1568737193587
1568737193601
1568737193617
1568737193635
1568737193652
1568737193667
1568737193682
1568737193696
1568737193711
1568737193726
1568737193740
1568737193756
1568737193770
1568737193784
1568737193798
1568737193813
1568737193828
1568737193842
1568737193855
1568737193869
1568737193882
1568737193895
1568737193911
1568737193927
1568737193942
1568737193957
1568737193971
1568737193986
1568737194001
1568737194016
1568737194031
1568737194046
1568737194060
1568737194073
1568737194087
1568737194101
1568737194115
1568737194131
1568737194147
1568737194162
1568737194176
1568737194192
1568737194207
1568737194221
1568737194235
1568737194251
1568737194266
1568737194282
1568737194297
1568737194310
1568737194323
1568737194339
1568737194353
1568737194366
1568737194382
1568737194396
1568737194410
1568737194425
1568737194439
1568737194454
1568737194469
1568737194483
1568737194497
1568737194511
