1568737151966
1568737151981
1568737151996
1568737152011
1568737152024
1568737152037
1568737152052
1568737152067
1568737152083
1568737152096
1568737152109
1568737152123
1568737152136
1568737152151
1568737152165
1568737152179
1568737152192
1568737152205
1568737152218
1568737152232
1568737152245
1568737152258
1568737152271
1568737152284
1568737152297
1568737152311
1568737152324
1568737152338
1568737152351
1568737152364
1568737152378
1568737152392
1568737152406
1568737152420
1568737152435
1568737152449
1568737152462
1568737152476
1568737152489
1568737152503
1568737152516
1568737152531
1568737152544
1568737152558
1568737152572
1568737152587
1568737152602
1568737152616
1568737152630
1568737152644
1568737152660
1568737152674
1568737152688
1568737152701
1568737152715
1568737152728
1568737152742
1568737152755
1568737152769
1568737152782
1568737152796
1568737152811
1568737152825
1568737152839
1568737152853
1568737152867
1568737152881
1568737152895
1568737152908
1568737152923
1568737152937
1568737152953
1568737152968
1568737152983
1568737152998
1568737153016
1568737153031
1568737153045
1568737153059
1568737153074
1568737153089
1568737153104
1568737153119
1568737153134
1568737153149
1568737153164
1568737153179
1568737153194
1568737153208
1568737153223
1568737153239
1568737153254
1568737153269
1568737153284
1568737153298
1568737153312
1568737153327
1568737153343
1568737153358
1568737153373
1568737153388
1568737153403
1568737153417
1568737153433
1568737153448
1568737153461
1568737153476
1568737153490
1568737153504
1568737153519
1568737153534
1568737153548
1568737153561
1568737153576
1568737153590
1568737153604
1568737153617
1568737153633
1568737153647
1568737153660
1568737153673
1568737153688
1568737153702
1568737153716
1568737153729
1568737153742
1568737153755
1568737153768
1568737153782
1568737153795
1568737153809
1568737153823
1568737153839
1568737153853
1568737153867
1568737153882
1568737153896
1568737153911
1568737153925
1568737153939
1568737153953
1568737153967
1568737153981
1568737153996
1568737154009
1568737154024
1568737154038
1568737154052
1568737154067
1568737154081
