1568710792060
1568710792073
1568710792086
1568710792097
1568710792107
1568710792119
1568710792131
1568710792142
1568710792153
1568710792164
1568710792175
1568710792186
1568710792198
1568710792210
1568710792221
1568710792232
1568710792244
1568710792255
1568710792266
1568710792279
1568710792290
1568710792300
1568710792311
1568710792323
1568710792334
1568710792345
1568710792357
1568710792369
1568710792379
1568710792391
1568710792402
1568710792413
1568710792424
1568710792435
1568710792447
1568710792457
1568710792469
1568710792482
1568710792494
1568710792505
1568710792516
1568710792527
1568710792538
1568710792549
1568710792560
1568710792571
1568710792582
1568710792593
1568710792605
1568710792616
1568710792628
1568710792640
1568710792651
1568710792661
1568710792673
1568710792685
1568710792696
1568710792707
1568710792719
1568710792730
1568710792741
1568710792753
1568710792765
1568710792776
1568710792787
1568710792798
1568710792810
1568710792821
1568710792832
1568710792844
1568710792856
1568710792867
1568710792878
1568710792890
1568710792902
1568710792912
1568710792924
1568710792935
1568710792946
1568710792957
1568710792968
1568710792981
1568710792993
1568710793003
1568710793015
1568710793028
1568710793040
1568710793053
1568710793065
1568710793076
1568710793088
1568710793100
1568710793113
1568710793125
1568710793137
1568710793148
1568710793160
1568710793174
1568710793187
1568710793199
1568710793211
1568710793224
1568710793237
1568710793249
1568710793261
1568710793272
1568710793284
1568710793296
1568710793308
1568710793321
1568710793333
1568710793346
1568710793358
1568710793370
1568710793382
1568710793394
1568710793406
1568710793418
1568710793430
1568710793441
1568710793455
1568710793468
1568710793481
1568710793494
1568710793506
1568710793519
1568710793531
1568710793543
1568710793554
1568710793567
1568710793579
1568710793591
1568710793605
1568710793618
1568710793632
1568710793644
1568710793657
1568710793670
1568710793682
1568710793693
1568710793704
1568710793714
1568710793725
1568710793736
1568710793747
1568710793759
1568710793770
1568710793782
1568710793793
1568710793805
