1568710809520
1568710809532
1568710809544
1568710809556
1568710809567
1568710809579
1568710809591
1568710809602
1568710809614
1568710809626
1568710809637
1568710809648
1568710809659
1568710809671
1568710809681
1568710809693
1568710809704
1568710809717
1568710809729
1568710809742
1568710809753
1568710809765
1568710809777
1568710809787
1568710809798
1568710809812
1568710809823
1568710809835
1568710809846
1568710809857
1568710809869
1568710809879
1568710809890
1568710809903
1568710809915
1568710809925
1568710809937
1568710809950
1568710809963
1568710809975
1568710809987
1568710809998
1568710810009
1568710810021
1568710810031
1568710810042
1568710810054
1568710810066
1568710810078
1568710810089
1568710810101
1568710810113
1568710810125
1568710810136
1568710810147
1568710810159
1568710810171
1568710810182
1568710810193
1568710810205
1568710810218
1568710810230
1568710810241
1568710810252
1568710810264
1568710810276
1568710810286
1568710810298
1568710810310
1568710810323
1568710810335
1568710810345
1568710810358
1568710810370
1568710810382
1568710810392
1568710810404
1568710810415
1568710810427
1568710810438
1568710810449
1568710810461
1568710810473
1568710810483
1568710810495
1568710810507
1568710810520
1568710810532
1568710810545
1568710810557
1568710810568
1568710810580
1568710810592
1568710810605
1568710810617
1568710810639
1568710810652
1568710810666
1568710810680
1568710810694
1568710810707
1568710810720
1568710810736
1568710810758
1568710810771
1568710810783
1568710810795
1568710810808
1568710810821
1568710810834
1568710810846
1568710810857
1568710810870
1568710810882
1568710810895
1568710810908
1568710810920
1568710810933
1568710810945
1568710810957
1568710810970
1568710810983
1568710810996
1568710811008
1568710811021
1568710811033
1568710811046
1568710811059
1568710811074
1568710811088
1568710811102
1568710811115
1568710811129
1568710811147
1568710811164
1568710811179
1568710811192
1568710811205
1568710811218
1568710811232
1568710811245
1568710811258
1568710811271
1568710811284
1568710811297
1568710811309
1568710811320
1568710811331
1568710811342
1568710811354
