1568710790434
1568710790447
1568710790460
1568710790471
1568710790483
1568710790494
1568710790506
1568710790517
1568710790530
1568710790541
1568710790553
1568710790564
1568710790576
1568710790588
1568710790599
1568710790611
1568710790622
1568710790633
1568710790645
1568710790658
1568710790670
1568710790681
1568710790693
1568710790705
1568710790718
1568710790731
1568710790743
1568710790755
1568710790767
1568710790779
1568710790791
1568710790804
1568710790816
1568710790829
1568710790839
1568710790851
1568710790864
1568710790878
1568710790891
1568710790904
1568710790916
1568710790929
1568710790941
1568710790953
1568710790964
1568710790977
1568710790989
1568710791002
1568710791014
1568710791027
1568710791040
1568710791053
1568710791064
1568710791079
1568710791093
1568710791106
1568710791119
1568710791132
1568710791145
1568710791159
1568710791172
1568710791185
1568710791197
1568710791208
1568710791220
1568710791232
1568710791244
1568710791257
1568710791267
1568710791279
1568710791291
1568710791303
1568710791316
1568710791329
1568710791340
1568710791351
1568710791363
1568710791376
1568710791388
1568710791399
1568710791411
1568710791423
1568710791435
1568710791447
1568710791460
1568710791473
1568710791486
1568710791499
1568710791511
1568710791526
1568710791539
1568710791551
1568710791563
1568710791575
1568710791588
1568710791601
1568710791614
1568710791627
1568710791640
1568710791653
1568710791666
1568710791679
1568710791692
1568710791705
1568710791717
1568710791731
1568710791743
1568710791756
1568710791769
1568710791783
1568710791795
1568710791807
1568710791819
1568710791831
1568710791844
1568710791856
1568710791869
1568710791881
1568710791894
1568710791905
1568710791917
1568710791930
1568710791942
1568710791955
1568710791967
1568710791979
1568710791991
1568710792004
1568710792016
1568710792029
1568710792041
1568710792054
1568710792065
1568710792077
1568710792088
1568710792100
1568710792112
1568710792123
1568710792135
1568710792146
1568710792157
1568710792169
1568710792180
1568710792191
1568710792203
1568710792215
1568710792227
1568710792238
1568710792250
1568710792262
