1568710826365
1568710826377
1568710826390
1568710826401
1568710826412
1568710826424
1568710826437
1568710826449
1568710826460
1568710826472
1568710826483
1568710826494
1568710826505
1568710826517
1568710826528
1568710826540
1568710826552
1568710826564
1568710826577
1568710826589
1568710826601
1568710826614
1568710826627
1568710826639
1568710826652
1568710826663
1568710826675
1568710826687
1568710826699
1568710826711
1568710826722
1568710826733
1568710826745
1568710826757
1568710826767
1568710826778
1568710826791
1568710826805
1568710826818
1568710826830
1568710826842
1568710826854
1568710826865
1568710826877
1568710826890
1568710826902
1568710826915
1568710826927
1568710826940
1568710826953
1568710826963
1568710826976
1568710826988
1568710827001
1568710827013
1568710827026
1568710827040
1568710827054
1568710827067
1568710827079
1568710827091
1568710827102
1568710827115
1568710827127
1568710827140
1568710827153
1568710827165
1568710827177
1568710827189
1568710827200
1568710827212
1568710827225
1568710827237
1568710827250
1568710827264
1568710827277
1568710827290
1568710827303
1568710827315
1568710827326
1568710827338
1568710827351
1568710827363
1568710827375
1568710827388
1568710827402
1568710827415
1568710827428
1568710827440
1568710827452
1568710827464
1568710827476
1568710827489
1568710827503
1568710827515
1568710827528
1568710827540
1568710827554
1568710827567
1568710827580
1568710827592
1568710827605
1568710827617
1568710827630
1568710827642
1568710827654
1568710827666
1568710827678
1568710827692
1568710827706
1568710827719
1568710827731
1568710827744
1568710827756
1568710827769
1568710827782
1568710827795
1568710827808
1568710827822
1568710827835
1568710827848
1568710827862
1568710827874
1568710827885
1568710827898
1568710827910
1568710827922
1568710827934
1568710827945
1568710827957
1568710827970
1568710827983
1568710827996
1568710828008
1568710828020
1568710828033
1568710828045
1568710828057
1568710828068
1568710828081
1568710828094
1568710828106
1568710828118
1568710828129
1568710828141
1568710828153
1568710828165
1568710828178
1568710828191
1568710828203
