1568710793670
1568710793681
1568710793694
1568710793706
1568710793717
1568710793728
1568710793739
1568710793751
1568710793762
1568710793773
1568710793784
1568710793796
1568710793806
1568710793819
1568710793831
1568710793843
1568710793857
1568710793868
1568710793879
1568710793890
1568710793902
1568710793912
1568710793923
1568710793935
1568710793947
1568710793959
1568710793970
1568710793982
1568710793993
1568710794005
1568710794016
1568710794028
1568710794039
1568710794049
1568710794061
1568710794073
1568710794084
1568710794095
1568710794107
1568710794118
1568710794129
1568710794140
1568710794152
1568710794162
1568710794174
1568710794185
1568710794197
1568710794207
1568710794218
1568710794231
1568710794242
1568710794253
1568710794264
1568710794275
1568710794286
1568710794298
1568710794310
1568710794320
1568710794332
1568710794343
1568710794356
1568710794367
1568710794378
1568710794391
1568710794403
1568710794415
1568710794425
1568710794436
1568710794448
1568710794459
1568710794470
1568710794481
1568710794494
1568710794507
1568710794519
1568710794530
1568710794541
1568710794553
1568710794564
1568710794575
1568710794586
1568710794597
1568710794609
1568710794620
1568710794632
1568710794646
1568710794658
1568710794671
1568710794683
1568710794694
1568710794706
1568710794719
1568710794730
1568710794743
1568710794754
1568710794766
1568710794778
1568710794790
1568710794804
1568710794816
1568710794828
1568710794841
1568710794853
1568710794865
1568710794877
1568710794890
1568710794903
1568710794915
1568710794928
1568710794941
1568710794954
1568710794967
1568710794979
1568710794992
1568710795004
1568710795016
1568710795028
1568710795040
1568710795053
1568710795065
1568710795078
1568710795091
1568710795104
1568710795117
1568710795129
1568710795140
1568710795153
1568710795166
1568710795178
1568710795191
1568710795204
1568710795216
1568710795228
1568710795241
1568710795253
1568710795266
1568710795278
1568710795290
1568710795301
1568710795312
1568710795323
1568710795334
1568710795344
1568710795355
1568710795367
1568710795379
1568710795390
1568710795401
1568710795412
1568710795423
