1568825093140
1568825093154
1568825093170
1568825093184
1568825093198
1568825093213
1568825093227
1568825093240
1568825093253
1568825093266
1568825093278
1568825093291
1568825093303
1568825093318
1568825093333
1568825093346
1568825093360
1568825093374
1568825093388
1568825093400
1568825093414
1568825093428
1568825093442
1568825093459
1568825093472
1568825093486
1568825093499
1568825093512
1568825093526
1568825093540
1568825093555
1568825093568
1568825093581
1568825093594
1568825093608
1568825093621
1568825093636
1568825093650
1568825093663
1568825093677
1568825093689
1568825093702
1568825093715
1568825093728
1568825093741
1568825093754
1568825093767
1568825093782
1568825093795
1568825093808
1568825093821
1568825093834
1568825093847
1568825093860
1568825093873
1568825093886
1568825093899
1568825093912
1568825093925
1568825093939
1568825093952
1568825093966
1568825093980
1568825093993
1568825094006
1568825094019
1568825094033
1568825094046
1568825094059
1568825094071
1568825094084
1568825094097
1568825094111
1568825094125
1568825094138
1568825094153
1568825094166
1568825094180
1568825094193
1568825094207
1568825094220
1568825094234
1568825094247
1568825094260
1568825094274
1568825094288
1568825094302
1568825094316
1568825094329
1568825094342
1568825094355
1568825094368
1568825094381
1568825094395
1568825094408
1568825094422
1568825094434
1568825094449
1568825094464
1568825094478
1568825094492
1568825094506
1568825094521
1568825094534
1568825094548
1568825094561
1568825094575
1568825094588
1568825094602
1568825094616
1568825094630
1568825094645
1568825094659
1568825094672
1568825094684
1568825094698
1568825094711
1568825094724
1568825094737
1568825094749
1568825094763
1568825094779
1568825094792
1568825094806
1568825094819
1568825094834
1568825094847
1568825094861
1568825094874
1568825094887
1568825094899
1568825094911
1568825094924
1568825094938
1568825094955
1568825094971
1568825094985
1568825094999
1568825095013
1568825095028
1568825095041
1568825095056
1568825095070
1568825095084
1568825095099
1568825095116
1568825095129
1568825095142
1568825095155
1568825095168
