1568825083357
1568825083371
1568825083387
1568825083400
1568825083414
1568825083427
1568825083441
1568825083455
1568825083468
1568825083483
1568825083496
1568825083509
1568825083523
1568825083537
1568825083551
1568825083565
1568825083578
1568825083591
1568825083604
1568825083617
1568825083631
1568825083644
1568825083658
1568825083673
1568825083686
1568825083699
1568825083712
1568825083726
1568825083740
1568825083753
1568825083766
1568825083780
1568825083791
1568825083803
1568825083815
1568825083828
1568825083840
1568825083853
1568825083866
1568825083880
1568825083893
1568825083907
1568825083920
1568825083932
1568825083944
1568825083957
1568825083971
1568825083984
1568825083997
1568825084010
1568825084023
1568825084036
1568825084048
1568825084060
1568825084072
1568825084085
1568825084097
1568825084110
1568825084123
1568825084135
1568825084149
1568825084162
1568825084175
1568825084189
1568825084202
1568825084215
1568825084228
1568825084241
1568825084254
1568825084266
1568825084279
1568825084292
1568825084305
1568825084318
1568825084331
1568825084344
1568825084360
1568825084373
1568825084386
1568825084399
1568825084412
1568825084426
1568825084439
1568825084452
1568825084465
1568825084479
1568825084493
1568825084507
1568825084520
1568825084533
1568825084546
1568825084559
1568825084572
1568825084585
1568825084598
1568825084612
1568825084625
1568825084640
1568825084653
1568825084667
1568825084681
1568825084696
1568825084710
1568825084726
1568825084740
1568825084754
1568825084767
1568825084780
1568825084795
1568825084809
1568825084823
1568825084836
1568825084848
1568825084862
1568825084875
1568825084888
1568825084900
1568825084915
1568825084929
1568825084943
1568825084960
1568825084975
1568825084989
1568825085005
1568825085018
1568825085031
1568825085044
1568825085058
1568825085071
1568825085086
1568825085101
1568825085115
1568825085129
1568825085143
1568825085157
1568825085171
1568825085186
1568825085199
1568825085213
1568825085228
1568825085242
1568825085256
1568825085269
1568825085282
1568825085295
1568825085309
1568825085324
1568825085339
1568825085353
1568825085366
