1568825076754
1568825076768
1568825076784
1568825076797
1568825076811
1568825076825
1568825076839
1568825076853
1568825076867
1568825076880
1568825076892
1568825076905
1568825076918
1568825076931
1568825076944
1568825076957
1568825076970
1568825076984
1568825076999
1568825077012
1568825077025
1568825077037
1568825077050
1568825077064
1568825077077
1568825077091
1568825077104
1568825077116
1568825077129
1568825077142
1568825077155
1568825077168
1568825077181
1568825077192
1568825077204
1568825077218
1568825077231
1568825077245
1568825077257
1568825077270
1568825077282
1568825077294
1568825077307
1568825077320
1568825077332
1568825077345
1568825077357
1568825077369
1568825077381
1568825077394
1568825077407
1568825077419
1568825077432
1568825077445
1568825077458
1568825077471
1568825077484
1568825077498
1568825077510
1568825077523
1568825077536
1568825077550
1568825077562
1568825077574
1568825077586
1568825077598
1568825077611
1568825077623
1568825077636
1568825077649
1568825077661
1568825077674
1568825077686
1568825077699
1568825077712
1568825077726
1568825077740
1568825077755
1568825077769
1568825077783
1568825077799
1568825077813
1568825077827
1568825077841
1568825077854
1568825077870
1568825077884
1568825077898
1568825077913
1568825077927
1568825077942
1568825077956
1568825077970
1568825077984
1568825077998
1568825078012
1568825078025
1568825078040
1568825078054
1568825078068
1568825078082
1568825078097
1568825078110
1568825078124
1568825078138
1568825078152
1568825078166
1568825078180
1568825078193
1568825078207
1568825078221
1568825078235
1568825078249
1568825078263
1568825078277
1568825078290
1568825078303
1568825078316
1568825078329
1568825078343
1568825078356
1568825078369
1568825078382
1568825078396
1568825078410
1568825078424
1568825078438
1568825078452
1568825078465
1568825078479
1568825078492
1568825078506
1568825078520
1568825078535
1568825078548
1568825078562
1568825078574
1568825078588
1568825078602
1568825078616
1568825078630
1568825078644
1568825078658
1568825078671
1568825078684
1568825078698
1568825078712
1568825078725
1568825078738
1568825078750
