1568825039598
1568825039611
1568825039625
1568825039637
1568825039650
1568825039663
1568825039675
1568825039688
1568825039700
1568825039712
1568825039724
1568825039736
1568825039749
1568825039762
1568825039775
1568825039788
1568825039801
1568825039813
1568825039826
1568825039838
1568825039849
1568825039862
1568825039874
1568825039887
1568825039899
1568825039913
1568825039926
1568825039939
1568825039952
1568825039965
1568825039977
1568825039991
1568825040004
1568825040017
1568825040030
1568825040042
1568825040054
1568825040067
1568825040080
1568825040092
1568825040105
1568825040118
1568825040130
1568825040143
1568825040155
1568825040168
1568825040180
1568825040193
1568825040205
1568825040218
1568825040231
1568825040244
1568825040256
1568825040269
1568825040282
1568825040294
1568825040307
1568825040320
1568825040332
1568825040344
1568825040357
1568825040371
1568825040383
1568825040395
1568825040408
1568825040421
1568825040433
1568825040446
1568825040459
1568825040472
1568825040484
1568825040497
1568825040510
1568825040523
1568825040536
1568825040548
1568825040560
1568825040573
1568825040585
1568825040599
1568825040613
1568825040627
1568825040640
1568825040653
1568825040666
1568825040680
1568825040694
1568825040707
1568825040720
1568825040734
1568825040747
1568825040761
1568825040775
1568825040788
1568825040802
1568825040815
1568825040829
1568825040844
1568825040857
1568825040871
1568825040884
1568825040898
1568825040912
1568825040925
1568825040939
1568825040953
1568825040967
1568825040980
1568825040994
1568825041008
1568825041022
1568825041035
1568825041049
1568825041062
1568825041075
1568825041089
1568825041103
1568825041116
1568825041130
1568825041145
1568825041158
1568825041173
1568825041187
1568825041200
1568825041213
1568825041226
1568825041240
1568825041253
1568825041266
1568825041279
1568825041291
1568825041304
1568825041317
1568825041331
1568825041344
1568825041357
1568825041369
1568825041382
1568825041394
1568825041407
1568825041419
1568825041432
1568825041445
1568825041458
1568825041470
1568825041484
1568825041497
1568825041509
1568825041522
1568825041534
