1568823864779
1568823864795
1568823864812
1568823864827
1568823864842
1568823864856
1568823864870
1568823864885
1568823864899
1568823864913
1568823864927
1568823864942
1568823864957
1568823864973
1568823864989
1568823865004
1568823865018
1568823865033
1568823865047
1568823865061
1568823865075
1568823865090
1568823865104
1568823865119
1568823865133
1568823865148
1568823865163
1568823865177
1568823865191
1568823865206
1568823865221
1568823865235
1568823865248
1568823865262
1568823865276
1568823865291
1568823865305
1568823865320
1568823865334
1568823865348
1568823865365
1568823865381
1568823865396
1568823865411
1568823865426
1568823865442
1568823865457
1568823865473
1568823865488
1568823865504
1568823865519
1568823865536
1568823865551
1568823865566
1568823865581
1568823865596
1568823865611
1568823865627
1568823865642
1568823865657
1568823865673
1568823865689
1568823865706
1568823865722
1568823865738
1568823865753
1568823865769
1568823865785
1568823865800
1568823865817
1568823865833
1568823865849
1568823865863
1568823865879
1568823865895
1568823865910
1568823865926
1568823865943
1568823865959
1568823865975
1568823865990
1568823866006
1568823866022
1568823866038
1568823866053
1568823866070
1568823866087
1568823866102
1568823866118
1568823866135
1568823866151
1568823866166
1568823866182
1568823866197
1568823866212
1568823866228
1568823866243
1568823866259
1568823866274
1568823866290
1568823866305
1568823866321
1568823866337
1568823866352
1568823866367
1568823866381
1568823866395
1568823866410
1568823866424
1568823866439
1568823866453
1568823866467
1568823866482
1568823866496
1568823866510
1568823866525
1568823866538
1568823866553
1568823866567
1568823866581
1568823866595
1568823866609
1568823866623
1568823866637
1568823866650
1568823866664
1568823866677
1568823866692
1568823866705
1568823866719
1568823866732
1568823866746
1568823866760
1568823866775
1568823866788
1568823866802
1568823866817
1568823866830
1568823866845
1568823866858
1568823866872
1568823866886
1568823866899
1568823866913
1568823866927
1568823866941
1568823866955
1568823866969
1568823866982
1568823866996
