1568823829326
1568823829347
1568823829363
1568823829379
1568823829393
1568823829407
1568823829420
1568823829434
1568823829454
1568823829467
1568823829480
1568823829493
1568823829506
1568823829520
1568823829534
1568823829547
1568823829561
1568823829575
1568823829587
1568823829600
1568823829613
1568823829627
1568823829639
1568823829653
1568823829667
1568823829682
1568823829695
1568823829709
1568823829723
1568823829737
1568823829751
1568823829765
1568823829778
1568823829792
1568823829805
1568823829819
1568823829833
1568823829848
1568823829861
1568823829875
1568823829890
1568823829903
1568823829916
1568823829930
1568823829944
1568823829958
1568823829971
1568823829986
1568823829999
1568823830014
1568823830028
1568823830043
1568823830056
1568823830069
1568823830083
1568823830096
1568823830110
1568823830124
1568823830137
1568823830151
1568823830165
1568823830181
1568823830195
1568823830209
1568823830223
1568823830237
1568823830250
1568823830265
1568823830279
1568823830294
1568823830308
1568823830322
1568823830336
1568823830351
1568823830365
1568823830379
1568823830393
1568823830407
1568823830420
1568823830435
1568823830449
1568823830463
1568823830478
1568823830493
1568823830507
1568823830523
1568823830537
1568823830553
1568823830567
1568823830582
1568823830597
1568823830612
1568823830626
1568823830640
1568823830653
1568823830667
1568823830681
1568823830696
1568823830710
1568823830726
1568823830739
1568823830754
1568823830768
1568823830783
1568823830797
1568823830811
1568823830826
1568823830840
1568823830852
1568823830866
1568823830880
1568823830892
1568823830905
1568823830918
1568823830931
1568823830944
1568823830956
1568823830969
1568823830983
1568823830996
1568823831008
1568823831022
1568823831035
1568823831048
1568823831061
1568823831074
1568823831088
1568823831101
1568823831114
1568823831127
1568823831140
1568823831154
1568823831166
1568823831180
1568823831193
1568823831206
1568823831220
1568823831234
1568823831246
1568823831261
1568823831274
1568823831287
1568823831300
1568823831312
1568823831326
1568823831340
1568823831353
1568823831366
1568823831379
1568823831392
