1568823871253
1568823871267
1568823871281
1568823871295
1568823871309
1568823871323
1568823871336
1568823871350
1568823871364
1568823871377
1568823871391
1568823871406
1568823871420
1568823871435
1568823871449
1568823871463
1568823871477
1568823871491
1568823871505
1568823871519
1568823871533
1568823871548
1568823871562
1568823871576
1568823871590
1568823871606
1568823871620
1568823871634
1568823871648
1568823871662
1568823871675
1568823871689
1568823871702
1568823871716
1568823871730
1568823871744
1568823871757
1568823871772
1568823871786
1568823871802
1568823871817
1568823871832
1568823871847
1568823871862
1568823871876
1568823871891
1568823871906
1568823871921
1568823871935
1568823871951
1568823871966
1568823871980
1568823871995
1568823872011
1568823872026
1568823872041
1568823872055
1568823872070
1568823872085
1568823872100
1568823872115
1568823872130
1568823872144
1568823872159
1568823872174
1568823872188
1568823872203
1568823872220
1568823872234
1568823872249
1568823872264
1568823872279
1568823872294
1568823872310
1568823872325
1568823872341
1568823872355
1568823872370
1568823872385
1568823872400
1568823872416
1568823872431
1568823872446
1568823872461
1568823872476
1568823872493
1568823872508
1568823872524
1568823872539
1568823872555
1568823872570
1568823872585
1568823872600
1568823872616
1568823872630
1568823872646
1568823872661
1568823872678
1568823872693
1568823872709
1568823872724
1568823872739
1568823872754
1568823872769
1568823872784
1568823872800
1568823872815
1568823872831
1568823872845
1568823872861
1568823872877
1568823872892
1568823872906
1568823872921
1568823872936
1568823872950
1568823872964
1568823872978
1568823872992
1568823873006
1568823873020
1568823873035
1568823873049
1568823873063
1568823873077
1568823873092
1568823873107
1568823873123
1568823873138
1568823873153
1568823873167
1568823873181
1568823873195
1568823873209
1568823873223
1568823873238
1568823873252
1568823873267
1568823873282
1568823873297
1568823873311
1568823873326
1568823873339
1568823873353
1568823873367
1568823873382
1568823873396
1568823873410
1568823873424
1568823873438
