1568823879517
1568823879531
1568823879546
1568823879560
1568823879574
1568823879589
1568823879603
1568823879617
1568823879631
1568823879645
1568823879659
1568823879674
1568823879688
1568823879703
1568823879718
1568823879732
1568823879746
1568823879760
1568823879774
1568823879789
1568823879803
1568823879817
1568823879831
1568823879845
1568823879858
1568823879872
1568823879886
1568823879900
1568823879914
1568823879927
1568823879941
1568823879955
1568823879968
1568823879981
1568823879994
1568823880008
1568823880022
1568823880036
1568823880049
1568823880063
1568823880079
1568823880094
1568823880109
1568823880123
1568823880137
1568823880152
1568823880167
1568823880182
1568823880196
1568823880211
1568823880226
1568823880240
1568823880255
1568823880269
1568823880284
1568823880299
1568823880313
1568823880328
1568823880342
1568823880358
1568823880372
1568823880387
1568823880402
1568823880418
1568823880432
1568823880447
1568823880461
1568823880476
1568823880491
1568823880506
1568823880520
1568823880536
1568823880550
1568823880566
1568823880581
1568823880597
1568823880612
1568823880627
1568823880642
1568823880658
1568823880673
1568823880688
1568823880703
1568823880719
1568823880734
1568823880750
1568823880764
1568823880780
1568823880794
1568823880810
1568823880826
1568823880841
1568823880857
1568823880873
1568823880888
1568823880904
1568823880919
1568823880936
1568823880952
1568823880969
1568823880984
1568823880999
1568823881015
1568823881030
1568823881046
1568823881062
1568823881077
1568823881093
1568823881108
1568823881124
1568823881140
1568823881155
1568823881171
1568823881185
1568823881199
1568823881215
1568823881229
1568823881243
1568823881256
1568823881271
1568823881286
1568823881301
1568823881315
1568823881330
1568823881345
1568823881360
1568823881374
1568823881390
1568823881405
1568823881420
1568823881435
1568823881450
1568823881464
1568823881479
1568823881495
1568823881510
1568823881525
1568823881540
1568823881555
1568823881571
1568823881585
1568823881600
1568823881615
1568823881630
1568823881643
1568823881659
1568823881673
1568823881688
1568823881701
1568823881716
