1568823874518
1568823874532
1568823874547
1568823874561
1568823874576
1568823874589
1568823874603
1568823874616
1568823874630
1568823874643
1568823874656
1568823874670
1568823874683
1568823874697
1568823874710
1568823874727
1568823874740
1568823874753
1568823874767
1568823874781
1568823874794
1568823874807
1568823874820
1568823874834
1568823874847
1568823874863
1568823874877
1568823874891
1568823874905
1568823874918
1568823874932
1568823874946
1568823874961
1568823874976
1568823874989
1568823875003
1568823875016
1568823875031
1568823875045
1568823875058
1568823875073
1568823875088
1568823875102
1568823875117
1568823875131
1568823875146
1568823875160
1568823875176
1568823875190
1568823875206
1568823875222
1568823875240
1568823875254
1568823875271
1568823875287
1568823875302
1568823875319
1568823875334
1568823875349
1568823875366
1568823875380
1568823875398
1568823875413
1568823875430
1568823875445
1568823875460
1568823875477
1568823875495
1568823875511
1568823875527
1568823875542
1568823875557
1568823875572
1568823875588
1568823875603
1568823875619
1568823875634
1568823875648
1568823875663
1568823875679
1568823875694
1568823875710
1568823875725
1568823875740
1568823875755
1568823875772
1568823875787
1568823875803
1568823875818
1568823875833
1568823875848
1568823875863
1568823875878
1568823875894
1568823875909
1568823875925
1568823875940
1568823875956
1568823875971
1568823875987
1568823876001
1568823876016
1568823876030
1568823876045
1568823876060
1568823876075
1568823876090
1568823876104
1568823876119
1568823876135
1568823876150
1568823876166
1568823876181
1568823876196
1568823876209
1568823876222
1568823876235
1568823876249
1568823876262
1568823876275
1568823876288
1568823876303
1568823876316
1568823876331
1568823876344
1568823876357
1568823876372
1568823876385
1568823876399
1568823876412
1568823876425
1568823876439
1568823876452
1568823876467
1568823876481
1568823876496
1568823876509
1568823876524
1568823876538
1568823876551
1568823876565
1568823876578
1568823876591
1568823876604
1568823876618
1568823876633
1568823876647
1568823876662
1568823876675
1568823876689
