1568823841543
1568823841556
1568823841570
1568823841583
1568823841597
1568823841610
1568823841623
1568823841636
1568823841649
1568823841662
1568823841675
1568823841688
1568823841701
1568823841715
1568823841728
1568823841740
1568823841753
1568823841766
1568823841779
1568823841792
1568823841804
1568823841818
1568823841830
1568823841843
1568823841855
1568823841869
1568823841881
1568823841895
1568823841907
1568823841921
1568823841934
1568823841947
1568823841961
1568823841974
1568823841986
1568823842000
1568823842013
1568823842027
1568823842040
1568823842053
1568823842069
1568823842083
1568823842096
1568823842111
1568823842126
1568823842141
1568823842155
1568823842170
1568823842183
1568823842198
1568823842213
1568823842227
1568823842241
1568823842256
1568823842269
1568823842283
1568823842296
1568823842310
1568823842322
1568823842336
1568823842349
1568823842364
1568823842377
1568823842391
1568823842404
1568823842418
1568823842431
1568823842444
1568823842458
1568823842471
1568823842485
1568823842499
1568823842512
1568823842527
1568823842541
1568823842554
1568823842569
1568823842582
1568823842596
1568823842609
1568823842622
1568823842636
1568823842649
1568823842662
1568823842676
1568823842692
1568823842706
1568823842721
1568823842734
1568823842748
1568823842762
1568823842776
1568823842790
1568823842803
1568823842816
1568823842830
1568823842843
1568823842856
1568823842870
1568823842884
1568823842897
1568823842911
1568823842924
1568823842939
1568823842952
1568823842966
1568823842980
1568823842993
1568823843007
1568823843022
1568823843035
1568823843048
1568823843060
1568823843073
1568823843085
1568823843098
1568823843110
1568823843124
1568823843137
1568823843149
1568823843162
1568823843175
1568823843188
1568823843201
1568823843214
1568823843227
1568823843240
1568823843254
1568823843267
1568823843280
1568823843293
1568823843306
1568823843319
1568823843333
1568823843346
1568823843360
1568823843372
1568823843386
1568823843398
1568823843412
1568823843424
1568823843438
1568823843451
1568823843464
1568823843477
1568823843491
1568823843504
1568823843518
1568823843530
1568823843544
