1568823882869
1568823882883
1568823882899
1568823882914
1568823882927
1568823882942
1568823882956
1568823882970
1568823882984
1568823882999
1568823883013
1568823883027
1568823883042
1568823883057
1568823883071
1568823883086
1568823883100
1568823883115
1568823883129
1568823883144
1568823883157
1568823883172
1568823883187
1568823883201
1568823883215
1568823883230
1568823883245
1568823883260
1568823883274
1568823883288
1568823883303
1568823883317
1568823883331
1568823883346
1568823883359
1568823883374
1568823883388
1568823883402
1568823883417
1568823883431
1568823883444
1568823883461
1568823883476
1568823883492
1568823883506
1568823883522
1568823883537
1568823883552
1568823883567
1568823883583
1568823883598
1568823883614
1568823883629
1568823883644
1568823883659
1568823883674
1568823883689
1568823883704
1568823883720
1568823883735
1568823883749
1568823883767
1568823883782
1568823883798
1568823883812
1568823883827
1568823883842
1568823883857
1568823883871
1568823883887
1568823883902
1568823883916
1568823883930
1568823883944
1568823883958
1568823883972
1568823883985
1568823884000
1568823884013
1568823884027
1568823884041
1568823884055
1568823884069
1568823884083
1568823884097
1568823884112
1568823884125
1568823884139
1568823884152
1568823884166
1568823884180
1568823884194
1568823884208
1568823884223
1568823884237
1568823884251
1568823884265
1568823884280
1568823884294
1568823884309
1568823884323
1568823884337
1568823884351
1568823884365
1568823884379
1568823884393
1568823884406
1568823884420
1568823884434
1568823884449
1568823884462
1568823884476
1568823884490
1568823884504
1568823884517
1568823884531
1568823884545
1568823884559
1568823884572
1568823884586
1568823884599
1568823884615
1568823884628
1568823884642
1568823884656
1568823884669
1568823884683
1568823884698
1568823884711
1568823884725
1568823884738
1568823884752
1568823884766
1568823884781
1568823884795
1568823884810
1568823884823
1568823884837
1568823884853
1568823884867
1568823884881
1568823884895
1568823884909
1568823884922
1568823884936
1568823884951
1568823884964
1568823884978
1568823884992
1568823885006
