1568825637197
1568825637211
1568825637226
1568825637239
1568825637251
1568825637264
1568825637276
1568825637289
1568825637301
1568825637314
1568825637326
1568825637338
1568825637350
1568825637363
1568825637375
1568825637388
1568825637399
1568825637411
1568825637423
1568825637435
1568825637447
1568825637460
1568825637472
1568825637484
1568825637497
1568825637511
1568825637523
1568825637535
1568825637547
1568825637559
1568825637574
1568825637587
1568825637600
1568825637614
1568825637627
1568825637641
1568825637654
1568825637667
1568825637681
1568825637694
1568825637707
1568825637721
1568825637734
1568825637747
1568825637760
1568825637773
1568825637786
1568825637799
1568825637812
1568825637828
1568825637842
1568825637856
1568825637868
1568825637881
1568825637893
1568825637906
1568825637921
1568825637933
1568825637945
1568825637959
1568825637972
1568825637986
1568825637998
1568825638011
1568825638024
1568825638037
1568825638050
1568825638064
1568825638076
1568825638089
1568825638101
1568825638114
1568825638127
1568825638141
1568825638153
1568825638167
1568825638181
1568825638194
1568825638207
1568825638220
1568825638233
1568825638247
1568825638261
1568825638274
1568825638287
1568825638301
1568825638315
1568825638328
1568825638342
1568825638356
1568825638369
1568825638384
1568825638397
1568825638411
1568825638424
1568825638438
1568825638451
1568825638466
1568825638480
1568825638494
1568825638508
1568825638522
1568825638535
1568825638549
1568825638563
1568825638576
1568825638590
1568825638603
1568825638616
1568825638632
1568825638646
1568825638661
1568825638676
1568825638690
1568825638702
1568825638717
1568825638730
1568825638743
1568825638756
1568825638769
1568825638782
1568825638797
1568825638811
1568825638824
1568825638837
1568825638851
1568825638864
1568825638878
1568825638890
1568825638903
1568825638917
1568825638930
1568825638942
1568825638956
1568825638969
1568825638982
1568825638996
1568825639009
1568825639022
1568825639035
1568825639047
1568825639061
1568825639074
1568825639087
1568825639100
1568825639116
1568825639130
1568825639144
1568825639158
1568825639172
