1568825633885
1568825633898
1568825633913
1568825633926
1568825633939
1568825633951
1568825633963
1568825633975
1568825633987
1568825633999
1568825634012
1568825634025
1568825634037
1568825634050
1568825634062
1568825634074
1568825634087
1568825634100
1568825634113
1568825634125
1568825634138
1568825634150
1568825634162
1568825634175
1568825634189
1568825634203
1568825634216
1568825634229
1568825634243
1568825634256
1568825634270
1568825634284
1568825634297
1568825634310
1568825634321
1568825634334
1568825634346
1568825634360
1568825634373
1568825634385
1568825634397
1568825634410
1568825634422
1568825634435
1568825634448
1568825634460
1568825634473
1568825634485
1568825634497
1568825634510
1568825634524
1568825634537
1568825634549
1568825634562
1568825634574
1568825634588
1568825634601
1568825634614
1568825634626
1568825634640
1568825634653
1568825634666
1568825634679
1568825634692
1568825634704
1568825634718
1568825634729
1568825634742
1568825634754
1568825634766
1568825634779
1568825634792
1568825634804
1568825634818
1568825634831
1568825634844
1568825634858
1568825634871
1568825634883
1568825634896
1568825634909
1568825634922
1568825634935
1568825634949
1568825634962
1568825634976
1568825634989
1568825635003
1568825635016
1568825635030
1568825635043
1568825635056
1568825635069
1568825635083
1568825635096
1568825635110
1568825635123
1568825635138
1568825635153
1568825635172
1568825635186
1568825635202
1568825635217
1568825635231
1568825635245
1568825635259
1568825635272
1568825635285
1568825635298
1568825635313
1568825635327
1568825635342
1568825635356
1568825635370
1568825635384
1568825635398
1568825635412
1568825635427
1568825635439
1568825635452
1568825635466
1568825635480
1568825635494
1568825635509
1568825635524
1568825635538
1568825635551
1568825635565
1568825635578
1568825635592
1568825635605
1568825635619
1568825635631
1568825635646
1568825635659
1568825635672
1568825635685
1568825635699
1568825635712
1568825635725
1568825635737
1568825635750
1568825635763
1568825635777
1568825635790
1568825635804
1568825635817
1568825635830
1568825635843
1568825635855
