1568825624273
1568825624287
1568825624301
1568825624314
1568825624326
1568825624339
1568825624351
1568825624364
1568825624377
1568825624389
1568825624401
1568825624414
1568825624426
1568825624440
1568825624452
1568825624465
1568825624478
1568825624490
1568825624502
1568825624514
1568825624526
1568825624538
1568825624549
1568825624562
1568825624575
1568825624588
1568825624601
1568825624614
1568825624628
1568825624642
1568825624655
1568825624668
1568825624681
1568825624694
1568825624708
1568825624721
1568825624734
1568825624748
1568825624762
1568825624774
1568825624787
1568825624800
1568825624813
1568825624826
1568825624840
1568825624854
1568825624866
1568825624879
1568825624892
1568825624908
1568825624921
1568825624932
1568825624945
1568825624958
1568825624972
1568825624985
1568825624998
1568825625011
1568825625024
1568825625037
1568825625050
1568825625064
1568825625077
1568825625090
1568825625103
1568825625116
1568825625129
1568825625142
1568825625155
1568825625169
1568825625182
1568825625195
1568825625208
1568825625222
1568825625234
1568825625247
1568825625261
1568825625275
1568825625287
1568825625301
1568825625315
1568825625328
1568825625341
1568825625354
1568825625368
1568825625382
1568825625396
1568825625410
1568825625424
1568825625438
1568825625452
1568825625467
1568825625480
1568825625494
1568825625510
1568825625524
1568825625537
1568825625553
1568825625569
1568825625583
1568825625596
1568825625611
1568825625624
1568825625637
1568825625651
1568825625664
1568825625678
1568825625691
1568825625704
1568825625718
1568825625732
1568825625747
1568825625760
1568825625774
1568825625787
1568825625802
1568825625816
1568825625829
1568825625843
1568825625857
1568825625870
1568825625883
1568825625896
1568825625909
1568825625923
1568825625937
1568825625950
1568825625963
1568825625975
1568825625988
1568825626001
1568825626014
1568825626029
1568825626043
1568825626057
1568825626072
1568825626085
1568825626098
1568825626112
1568825626124
1568825626137
1568825626149
1568825626162
1568825626175
1568825626188
1568825626202
1568825626216
1568825626229
1568825626242
1568825626254
