1567791406827
1567791406839
1567791406852
1567791406863
1567791406874
1567791406885
1567791406895
1567791406908
1567791406919
1567791406930
1567791406941
1567791406952
1567791406963
1567791406975
1567791406986
1567791406997
1567791407008
1567791407019
1567791407030
1567791407041
1567791407052
1567791407063
1567791407074
1567791407085
1567791407096
1567791407108
1567791407119
1567791407131
1567791407141
1567791407152
1567791407163
1567791407174
1567791407185
1567791407195
1567791407206
1567791407217
1567791407228
1567791407239
1567791407253
1567791407264
1567791407275
1567791407286
1567791407297
1567791407307
1567791407319
1567791407330
1567791407341
1567791407351
1567791407363
1567791407376
1567791407387
1567791407399
1567791407411
1567791407423
1567791407435
1567791407447
1567791407457
1567791407469
1567791407480
1567791407491
1567791407503
1567791407515
1567791407527
1567791407537
1567791407549
1567791407561
1567791407573
1567791407583
1567791407594
1567791407605
1567791407616
1567791407627
1567791407639
1567791407652
1567791407664
1567791407675
1567791407687
1567791407698
1567791407710
1567791407720
1567791407732
1567791407743
1567791407754
1567791407766
1567791407778
1567791407791
1567791407805
1567791407817
1567791407829
1567791407841
1567791407853
1567791407865
1567791407876
1567791407888
1567791407900
1567791407912
1567791407924
1567791407937
1567791407950
1567791407962
1567791407974
1567791407987
1567791408000
1567791408012
1567791408023
1567791408036
1567791408048
1567791408060
1567791408072
1567791408086
1567791408098
1567791408109
1567791408121
1567791408134
1567791408146
1567791408158
1567791408171
1567791408183
1567791408194
1567791408207
1567791408220
1567791408233
1567791408246
1567791408258
1567791408271
1567791408284
1567791408296
1567791408308
1567791408320
1567791408332
1567791408344
1567791408357
1567791408370
1567791408383
1567791408396
1567791408408
1567791408420
1567791408433
1567791408445
1567791408457
1567791408469
1567791408481
1567791408491
1567791408503
1567791408515
1567791408527
1567791408538
1567791408550
1567791408561
1567791408572
