1567791425195
1567791425206
1567791425219
1567791425230
1567791425241
1567791425251
1567791425262
1567791425273
1567791425285
1567791425297
1567791425307
1567791425319
1567791425330
1567791425342
1567791425352
1567791425364
1567791425375
1567791425386
1567791425397
1567791425408
1567791425418
1567791425429
1567791425440
1567791425451
1567791425463
1567791425475
1567791425486
1567791425497
1567791425509
1567791425521
1567791425533
1567791425544
1567791425555
1567791425567
1567791425577
1567791425588
1567791425600
1567791425613
1567791425626
1567791425636
1567791425648
1567791425659
1567791425670
1567791425681
1567791425692
1567791425703
1567791425714
1567791425726
1567791425738
1567791425751
1567791425763
1567791425774
1567791425786
1567791425798
1567791425810
1567791425820
1567791425832
1567791425844
1567791425855
1567791425865
1567791425878
1567791425890
1567791425902
1567791425912
1567791425924
1567791425935
1567791425947
1567791425957
1567791425969
1567791425980
1567791425991
1567791426002
1567791426015
1567791426027
1567791426037
1567791426049
1567791426061
1567791426073
1567791426083
1567791426094
1567791426106
1567791426116
1567791426128
1567791426139
1567791426152
1567791426166
1567791426177
1567791426190
1567791426201
1567791426213
1567791426225
1567791426237
1567791426249
1567791426261
1567791426272
1567791426284
1567791426297
1567791426310
1567791426322
1567791426335
1567791426347
1567791426359
1567791426371
1567791426383
1567791426396
1567791426408
1567791426420
1567791426431
1567791426443
1567791426456
1567791426469
1567791426481
1567791426493
1567791426505
1567791426517
1567791426529
1567791426541
1567791426553
1567791426566
1567791426577
1567791426589
1567791426602
1567791426614
1567791426626
1567791426638
1567791426651
1567791426662
1567791426673
1567791426685
1567791426697
1567791426708
1567791426721
1567791426734
1567791426746
1567791426758
1567791426770
1567791426783
1567791426794
1567791426805
1567791426817
1567791426829
1567791426840
1567791426851
1567791426862
1567791426873
1567791426884
1567791426895
1567791426906
1567791426916
1567791426927
