1567791426841
1567791426852
1567791426864
1567791426874
1567791426885
1567791426896
1567791426907
1567791426917
1567791426928
1567791426942
1567791426953
1567791426964
1567791426976
1567791426989
1567791427001
1567791427014
1567791427025
1567791427036
1567791427048
1567791427060
1567791427072
1567791427082
1567791427094
1567791427106
1567791427119
1567791427145
1567791427157
1567791427168
1567791427181
1567791427200
1567791427212
1567791427224
1567791427235
1567791427246
1567791427258
1567791427270
1567791427282
1567791427293
1567791427305
1567791427317
1567791427328
1567791427339
1567791427351
1567791427362
1567791427373
1567791427384
1567791427396
1567791427408
1567791427420
1567791427432
1567791427444
1567791427456
1567791427468
1567791427481
1567791427491
1567791427503
1567791427514
1567791427525
1567791427536
1567791427547
1567791427559
1567791427570
1567791427582
1567791427593
1567791427604
1567791427615
1567791427627
1567791427640
1567791427652
1567791427662
1567791427674
1567791427686
1567791427698
1567791427712
1567791427725
1567791427737
1567791427747
1567791427759
1567791427772
1567791427784
1567791427796
1567791427807
1567791427818
1567791427831
1567791427843
1567791427856
1567791427868
1567791427880
1567791427891
1567791427903
1567791427915
1567791427928
1567791427939
1567791427950
1567791427962
1567791427974
1567791427987
1567791428001
1567791428014
1567791428026
1567791428039
1567791428051
1567791428062
1567791428074
1567791428086
1567791428098
1567791428110
1567791428122
1567791428134
1567791428147
1567791428159
1567791428172
1567791428184
1567791428196
1567791428207
1567791428220
1567791428232
1567791428243
1567791428255
1567791428266
1567791428278
1567791428291
1567791428303
1567791428316
1567791428327
1567791428339
1567791428350
1567791428362
1567791428374
1567791428385
1567791428397
1567791428408
1567791428421
1567791428434
1567791428446
1567791428457
1567791428469
1567791428479
1567791428490
1567791428500
1567791428510
1567791428522
1567791428532
1567791428543
1567791428555
1567791428566
1567791428578
1567791428589
1567791428600
1567791428612
