1567791416863
1567791416875
1567791416890
1567791416902
1567791416913
1567791416924
1567791416936
1567791416947
1567791416957
1567791416968
1567791416979
1567791416989
1567791417002
1567791417015
1567791417027
1567791417039
1567791417050
1567791417062
1567791417073
1567791417085
1567791417096
1567791417108
1567791417120
1567791417132
1567791417144
1567791417155
1567791417167
1567791417179
1567791417190
1567791417201
1567791417212
1567791417224
1567791417235
1567791417247
1567791417259
1567791417271
1567791417284
1567791417296
1567791417307
1567791417319
1567791417331
1567791417344
1567791417356
1567791417366
1567791417378
1567791417390
1567791417402
1567791417413
1567791417425
1567791417437
1567791417450
1567791417463
1567791417475
1567791417488
1567791417499
1567791417510
1567791417522
1567791417534
1567791417546
1567791417557
1567791417569
1567791417581
1567791417594
1567791417606
1567791417618
1567791417629
1567791417641
1567791417653
1567791417665
1567791417677
1567791417688
1567791417700
1567791417712
1567791417725
1567791417737
1567791417748
1567791417759
1567791417771
1567791417782
1567791417792
1567791417804
1567791417815
1567791417825
1567791417838
1567791417850
1567791417863
1567791417874
1567791417886
1567791417898
1567791417909
1567791417921
1567791417933
1567791417943
1567791417955
1567791417967
1567791417978
1567791417990
1567791418003
1567791418016
1567791418027
1567791418039
1567791418051
1567791418063
1567791418074
1567791418087
1567791418099
1567791418110
1567791418122
1567791418134
1567791418146
1567791418158
1567791418171
1567791418183
1567791418194
1567791418206
1567791418217
1567791418230
1567791418241
1567791418252
1567791418265
1567791418277
1567791418290
1567791418302
1567791418315
1567791418326
1567791418338
1567791418350
1567791418362
1567791418374
1567791418386
1567791418397
1567791418409
1567791418422
1567791418435
1567791418447
1567791418458
1567791418471
1567791418483
1567791418495
1567791418507
1567791418519
1567791418530
1567791418541
1567791418553
1567791418565
1567791418577
1567791418588
1567791418599
1567791418610
1567791418622
