1567791423542
1567791423554
1567791423567
1567791423578
1567791423590
1567791423601
1567791423612
1567791423623
1567791423634
1567791423646
1567791423657
1567791423668
1567791423680
1567791423692
1567791423705
1567791423717
1567791423728
1567791423739
1567791423751
1567791423762
1567791423773
1567791423785
1567791423796
1567791423807
1567791423819
1567791423831
1567791423843
1567791423853
1567791423864
1567791423876
1567791423886
1567791423898
1567791423909
1567791423921
1567791423931
1567791423944
1567791423956
1567791423968
1567791423978
1567791423990
1567791424001
1567791424013
1567791424023
1567791424035
1567791424047
1567791424057
1567791424068
1567791424080
1567791424092
1567791424104
1567791424115
1567791424128
1567791424139
1567791424151
1567791424161
1567791424172
1567791424182
1567791424194
1567791424205
1567791424217
1567791424229
1567791424241
1567791424252
1567791424264
1567791424274
1567791424285
1567791424296
1567791424306
1567791424318
1567791424329
1567791424340
1567791424351
1567791424363
1567791424374
1567791424385
1567791424397
1567791424408
1567791424419
1567791424431
1567791424443
1567791424454
1567791424464
1567791424476
1567791424487
1567791424498
1567791424511
1567791424523
1567791424535
1567791424547
1567791424559
1567791424571
1567791424583
1567791424594
1567791424606
1567791424618
1567791424630
1567791424642
1567791424655
1567791424667
1567791424680
1567791424692
1567791424704
1567791424717
1567791424728
1567791424739
1567791424752
1567791424764
1567791424776
1567791424788
1567791424800
1567791424812
1567791424824
1567791424836
1567791424849
1567791424860
1567791424872
1567791424884
1567791424896
1567791424908
1567791424921
1567791424933
1567791424945
1567791424957
1567791424969
1567791424981
1567791424993
1567791425004
1567791425016
1567791425028
1567791425040
1567791425052
1567791425063
1567791425075
1567791425087
1567791425100
1567791425112
1567791425123
1567791425135
1567791425147
1567791425159
1567791425171
1567791425183
1567791425194
1567791425205
1567791425217
1567791425228
1567791425239
1567791425250
1567791425261
1567791425272
