1567791433324
1567791433335
1567791433348
1567791433358
1567791433369
1567791433379
1567791433390
1567791433402
1567791433412
1567791433424
1567791433435
1567791433446
1567791433457
1567791433470
1567791433482
1567791433494
1567791433505
1567791433516
1567791433528
1567791433541
1567791433551
1567791433562
1567791433574
1567791433584
1567791433596
1567791433608
1567791433620
1567791433631
1567791433642
1567791433653
1567791433665
1567791433675
1567791433687
1567791433699
1567791433710
1567791433721
1567791433733
1567791433745
1567791433758
1567791433769
1567791433780
1567791433792
1567791433803
1567791433814
1567791433825
1567791433837
1567791433847
1567791433859
1567791433871
1567791433883
1567791433896
1567791433907
1567791433918
1567791433930
1567791433941
1567791433951
1567791433963
1567791433975
1567791433985
1567791433996
1567791434008
1567791434021
1567791434033
1567791434043
1567791434055
1567791434066
1567791434077
1567791434088
1567791434100
1567791434109
1567791434121
1567791434132
1567791434143
1567791434155
1567791434167
1567791434179
1567791434190
1567791434201
1567791434213
1567791434225
1567791434238
1567791434248
1567791434259
1567791434271
1567791434281
1567791434295
1567791434307
1567791434319
1567791434331
1567791434343
1567791434355
1567791434366
1567791434377
1567791434389
1567791434401
1567791434413
1567791434425
1567791434437
1567791434449
1567791434462
1567791434473
1567791434484
1567791434496
1567791434508
1567791434520
1567791434532
1567791434543
1567791434555
1567791434568
1567791434581
1567791434593
1567791434605
1567791434618
1567791434630
1567791434641
1567791434654
1567791434666
1567791434678
1567791434690
1567791434702
1567791434714
1567791434727
1567791434739
1567791434751
1567791434764
1567791434776
1567791434788
1567791434800
1567791434811
1567791434824
1567791434836
1567791434849
1567791434860
1567791434872
1567791434885
1567791434897
1567791434909
1567791434922
1567791434932
1567791434943
1567791434954
1567791434965
1567791434975
1567791434985
1567791434996
1567791435009
1567791435020
1567791435033
1567791435044
1567791435055
