1567791411791
1567791411804
1567791411816
1567791411827
1567791411838
1567791411849
1567791411860
1567791411871
1567791411882
1567791411892
1567791411903
1567791411914
1567791411925
1567791411937
1567791411948
1567791411959
1567791411970
1567791411981
1567791411992
1567791412003
1567791412014
1567791412025
1567791412035
1567791412046
1567791412058
1567791412069
1567791412080
1567791412090
1567791412101
1567791412112
1567791412122
1567791412133
1567791412144
1567791412155
1567791412166
1567791412176
1567791412187
1567791412199
1567791412210
1567791412221
1567791412232
1567791412242
1567791412253
1567791412264
1567791412274
1567791412285
1567791412296
1567791412306
1567791412318
1567791412331
1567791412342
1567791412353
1567791412364
1567791412375
1567791412385
1567791412396
1567791412407
1567791412417
1567791412428
1567791412438
1567791412450
1567791412462
1567791412474
1567791412485
1567791412496
1567791412507
1567791412517
1567791412528
1567791412539
1567791412549
1567791412560
1567791412571
1567791412582
1567791412594
1567791412606
1567791412617
1567791412628
1567791412640
1567791412652
1567791412663
1567791412674
1567791412686
1567791412697
1567791412707
1567791412719
1567791412731
1567791412743
1567791412754
1567791412765
1567791412777
1567791412788
1567791412800
1567791412811
1567791412823
1567791412835
1567791412846
1567791412858
1567791412871
1567791412883
1567791412895
1567791412907
1567791412919
1567791412930
1567791412943
1567791412955
1567791412968
1567791412980
1567791412991
1567791413004
1567791413017
1567791413029
1567791413041
1567791413054
1567791413067
1567791413079
1567791413091
1567791413102
1567791413114
1567791413126
1567791413139
1567791413151
1567791413164
1567791413175
1567791413187
1567791413200
1567791413212
1567791413224
1567791413237
1567791413249
1567791413260
1567791413272
1567791413284
1567791413297
1567791413310
1567791413324
1567791413336
1567791413348
1567791413361
1567791413372
1567791413384
1567791413396
1567791413408
1567791413421
1567791413433
1567791413445
1567791413457
1567791413468
1567791413479
1567791413490
1567791413501
