1567791421862
1567791421873
1567791421886
1567791421897
1567791421907
1567791421918
1567791421930
1567791421941
1567791421951
1567791421962
1567791421973
1567791421983
1567791421995
1567791422006
1567791422017
1567791422029
1567791422040
1567791422050
1567791422061
1567791422071
1567791422082
1567791422093
1567791422103
1567791422114
1567791422126
1567791422137
1567791422148
1567791422159
1567791422170
1567791422181
1567791422192
1567791422203
1567791422214
1567791422225
1567791422236
1567791422247
1567791422258
1567791422270
1567791422281
1567791422292
1567791422303
1567791422313
1567791422325
1567791422337
1567791422348
1567791422359
1567791422370
1567791422382
1567791422393
1567791422404
1567791422416
1567791422428
1567791422438
1567791422450
1567791422461
1567791422471
1567791422483
1567791422494
1567791422504
1567791422515
1567791422527
1567791422537
1567791422549
1567791422560
1567791422570
1567791422581
1567791422592
1567791422602
1567791422613
1567791422624
1567791422635
1567791422646
1567791422657
1567791422668
1567791422679
1567791422691
1567791422701
1567791422713
1567791422725
1567791422735
1567791422746
1567791422757
1567791422767
1567791422778
1567791422790
1567791422801
1567791422812
1567791422824
1567791422837
1567791422848
1567791422859
1567791422871
1567791422883
1567791422895
1567791422907
1567791422918
1567791422931
1567791422943
1567791422955
1567791422967
1567791422978
1567791422990
1567791423002
1567791423015
1567791423027
1567791423040
1567791423052
1567791423064
1567791423075
1567791423088
1567791423101
1567791423113
1567791423124
1567791423137
1567791423148
1567791423160
1567791423172
1567791423185
1567791423197
1567791423208
1567791423221
1567791423234
1567791423247
1567791423258
1567791423271
1567791423284
1567791423296
1567791423308
1567791423320
1567791423332
1567791423344
1567791423357
1567791423370
1567791423383
1567791423396
1567791423408
1567791423421
1567791423434
1567791423446
1567791423458
1567791423470
1567791423482
1567791423494
1567791423506
1567791423519
1567791423532
1567791423543
1567791423555
1567791423566
1567791423578
