1567791395470
1567791395481
1567791395495
1567791395506
1567791395517
1567791395528
1567791395539
1567791395550
1567791395561
1567791395571
1567791395582
1567791395592
1567791395604
1567791395615
1567791395627
1567791395639
1567791395649
1567791395660
1567791395671
1567791395682
1567791395693
1567791395704
1567791395715
1567791395727
1567791395739
1567791395751
1567791395763
1567791395774
1567791395785
1567791395797
1567791395809
1567791395820
1567791395831
1567791395843
1567791395854
1567791395865
1567791395877
1567791395889
1567791395900
1567791395911
1567791395922
1567791395934
1567791395944
1567791395955
1567791395967
1567791395979
1567791395989
1567791396001
1567791396013
1567791396025
1567791396035
1567791396047
1567791396059
1567791396070
1567791396081
1567791396093
1567791396104
1567791396115
1567791396127
1567791396138
1567791396149
1567791396161
1567791396173
1567791396185
1567791396197
1567791396207
1567791396219
1567791396231
1567791396241
1567791396252
1567791396264
1567791396275
1567791396286
1567791396299
1567791396311
1567791396323
1567791396335
1567791396346
1567791396357
1567791396369
1567791396379
1567791396391
1567791396402
1567791396412
1567791396424
1567791396437
1567791396449
1567791396461
1567791396473
1567791396484
1567791396496
1567791396508
1567791396519
1567791396530
1567791396541
1567791396553
1567791396566
1567791396578
1567791396590
1567791396602
1567791396614
1567791396627
1567791396639
1567791396652
1567791396664
1567791396676
1567791396688
1567791396700
1567791396713
1567791396726
1567791396738
1567791396751
1567791396763
1567791396775
1567791396787
1567791396799
1567791396811
1567791396823
1567791396836
1567791396848
1567791396862
1567791396875
1567791396887
1567791396899
1567791396910
1567791396923
1567791396935
1567791396947
1567791396959
1567791396971
1567791396983
1567791396995
1567791397007
1567791397021
1567791397034
1567791397047
1567791397060
1567791397072
1567791397091
1567791397102
1567791397115
1567791397129
1567791397147
1567791397158
1567791397170
1567791397182
1567791397193
1567791397205
1567791397216
1567791397227
