1567791436589
1567791436601
1567791436614
1567791436626
1567791436636
1567791436647
1567791436658
1567791436668
1567791436680
1567791436690
1567791436700
1567791436711
1567791436722
1567791436734
1567791436745
1567791436755
1567791436766
1567791436778
1567791436790
1567791436802
1567791436813
1567791436825
1567791436836
1567791436846
1567791436859
1567791436871
1567791436883
1567791436893
1567791436904
1567791436916
1567791436926
1567791436937
1567791436948
1567791436958
1567791436970
1567791436981
1567791436992
1567791437003
1567791437015
1567791437027
1567791437038
1567791437049
1567791437061
1567791437071
1567791437082
1567791437094
1567791437105
1567791437116
1567791437128
1567791437140
1567791437152
1567791437165
1567791437175
1567791437187
1567791437198
1567791437209
1567791437220
1567791437232
1567791437242
1567791437253
1567791437265
1567791437277
1567791437289
1567791437300
1567791437311
1567791437323
1567791437333
1567791437345
1567791437356
1567791437366
1567791437377
1567791437389
1567791437400
1567791437412
1567791437424
1567791437435
1567791437445
1567791437458
1567791437469
1567791437481
1567791437491
1567791437502
1567791437513
1567791437523
1567791437535
1567791437546
1567791437557
1567791437568
1567791437581
1567791437592
1567791437603
1567791437615
1567791437625
1567791437636
1567791437646
1567791437656
1567791437666
1567791437678
1567791437688
1567791437699
1567791437710
1567791437720
1567791437731
1567791437742
1567791437752
1567791437763
1567791437773
1567791437783
1567791437794
1567791437805
1567791437815
1567791437826
1567791437837
1567791437847
1567791437858
1567791437868
1567791437879
1567791437889
1567791437900
1567791437910
1567791437921
1567791437932
1567791437943
1567791437954
1567791437964
1567791437974
1567791437985
1567791437995
1567791438006
1567791438016
1567791438027
1567791438037
1567791438048
1567791438059
1567791438070
1567791438081
1567791438091
1567791438101
1567791438111
1567791438122
1567791438132
1567791438143
1567791438153
1567791438163
1567791438174
1567791438185
1567791438196
1567791438207
1567791438217
1567791438228
