1568711274230
1568711274244
1568711274258
1568711274272
1568711274285
1568711274299
1568711274311
1568711274324
1568711274338
1568711274353
1568711274366
1568711274380
1568711274393
1568711274408
1568711274421
1568711274434
1568711274447
1568711274460
1568711274474
1568711274487
1568711274500
1568711274513
1568711274527
1568711274541
1568711274555
1568711274570
1568711274584
1568711274598
1568711274611
1568711274626
1568711274639
1568711274653
1568711274667
1568711274682
1568711274696
1568711274712
1568711274727
1568711274743
1568711274756
1568711274770
1568711274783
1568711274796
1568711274808
1568711274822
1568711274835
1568711274848
1568711274861
1568711274875
1568711274888
1568711274902
1568711274915
1568711274928
1568711274941
1568711274954
1568711274967
1568711274980
1568711274993
1568711275006
1568711275019
1568711275032
1568711275046
1568711275059
1568711275072
1568711275085
1568711275098
1568711275113
1568711275126
1568711275139
1568711275152
1568711275165
1568711275178
1568711275191
1568711275205
1568711275220
1568711275234
1568711275248
1568711275261
1568711275275
1568711275290
1568711275304
1568711275317
1568711275331
1568711275344
1568711275358
1568711275372
1568711275388
1568711275403
1568711275417
1568711275431
1568711275444
1568711275457
1568711275472
1568711275486
1568711275501
1568711275515
1568711275528
1568711275542
1568711275558
1568711275572
1568711275586
1568711275600
1568711275614
1568711275627
1568711275641
1568711275654
1568711275668
1568711275681
1568711275695
1568711275709
1568711275725
1568711275739
1568711275753
1568711275765
1568711275778
1568711275791
1568711275805
1568711275818
1568711275832
1568711275845
1568711275860
1568711275875
1568711275890
1568711275905
1568711275920
1568711275934
1568711275949
1568711275963
1568711275977
1568711275992
1568711276006
1568711276020
1568711276034
1568711276048
1568711276065
1568711276080
1568711276094
1568711276107
1568711276119
1568711276133
1568711276147
1568711276160
1568711276173
1568711276188
1568711276203
1568711276216
1568711276230
1568711276244
1568711276257
1568711276271
1568711276284
