1568711285517
1568711285532
1568711285549
1568711285563
1568711285576
1568711285589
1568711285603
1568711285617
1568711285631
1568711285645
1568711285659
1568711285673
1568711285688
1568711285703
1568711285717
1568711285732
1568711285745
1568711285760
1568711285775
1568711285789
1568711285803
1568711285818
1568711285831
1568711285846
1568711285861
1568711285875
1568711285889
1568711285903
1568711285917
1568711285933
1568711285947
1568711285960
1568711285973
1568711285987
1568711286000
1568711286014
1568711286028
1568711286042
1568711286056
1568711286068
1568711286080
1568711286093
1568711286106
1568711286119
1568711286133
1568711286146
1568711286159
1568711286173
1568711286186
1568711286200
1568711286214
1568711286228
1568711286241
1568711286255
1568711286268
1568711286279
1568711286291
1568711286305
1568711286317
1568711286330
1568711286343
1568711286358
1568711286371
1568711286384
1568711286397
1568711286413
1568711286426
1568711286439
1568711286452
1568711286465
1568711286478
1568711286493
1568711286507
1568711286521
1568711286535
1568711286551
1568711286565
1568711286579
1568711286592
1568711286606
1568711286620
1568711286634
1568711286647
1568711286660
1568711286673
1568711286688
1568711286703
1568711286718
1568711286732
1568711286747
1568711286761
1568711286776
1568711286791
1568711286805
1568711286819
1568711286833
1568711286846
1568711286862
1568711286876
1568711286891
1568711286905
1568711286919
1568711286933
1568711286948
1568711286962
1568711286976
1568711286989
1568711287004
1568711287019
1568711287033
1568711287047
1568711287061
1568711287075
1568711287089
1568711287103
1568711287118
1568711287132
1568711287146
1568711287160
1568711287174
1568711287188
1568711287204
1568711287219
1568711287233
1568711287247
1568711287262
1568711287275
1568711287288
1568711287301
1568711287315
1568711287328
1568711287341
1568711287356
1568711287370
1568711287384
1568711287398
1568711287413
1568711287427
1568711287442
1568711287457
1568711287472
1568711287487
1568711287502
1568711287517
1568711287531
1568711287545
1568711287558
1568711287571
1568711287584
1568711287597
