1568711248283
1568711248296
1568711248310
1568711248323
1568711248335
1568711248347
1568711248358
1568711248371
1568711248383
1568711248395
1568711248407
1568711248420
1568711248433
1568711248446
1568711248459
1568711248472
1568711248484
1568711248497
1568711248509
1568711248521
1568711248533
1568711248546
1568711248558
1568711248571
1568711248583
1568711248597
1568711248609
1568711248622
1568711248639
1568711248652
1568711248664
1568711248678
1568711248691
1568711248704
1568711248717
1568711248731
1568711248744
1568711248758
1568711248771
1568711248784
1568711248797
1568711248810
1568711248823
1568711248836
1568711248848
1568711248862
1568711248874
1568711248887
1568711248900
1568711248913
1568711248927
1568711248940
1568711248953
1568711248966
1568711248979
1568711248993
1568711249006
1568711249020
1568711249034
1568711249047
1568711249060
1568711249074
1568711249087
1568711249101
1568711249114
1568711249127
1568711249140
1568711249152
1568711249165
1568711249178
1568711249190
1568711249203
1568711249217
1568711249231
1568711249243
1568711249257
1568711249270
1568711249284
1568711249297
1568711249311
1568711249325
1568711249338
1568711249353
1568711249366
1568711249380
1568711249395
1568711249409
1568711249423
1568711249436
1568711249451
1568711249464
1568711249477
1568711249490
1568711249504
1568711249518
1568711249532
1568711249546
1568711249560
1568711249575
1568711249588
1568711249603
1568711249617
1568711249631
1568711249645
1568711249659
1568711249673
1568711249687
1568711249701
1568711249714
1568711249730
1568711249744
1568711249758
1568711249772
1568711249786
1568711249799
1568711249812
1568711249826
1568711249839
1568711249853
1568711249867
1568711249882
1568711249896
1568711249910
1568711249923
1568711249936
1568711249949
1568711249961
1568711249974
1568711249987
1568711250000
1568711250013
1568711250026
1568711250039
1568711250053
1568711250065
1568711250078
1568711250090
1568711250105
1568711250117
1568711250130
1568711250143
1568711250155
1568711250168
1568711250180
1568711250193
1568711250207
1568711250220
1568711250233
1568711250246
1568711250259
