1568711279006
1568711279021
1568711279035
1568711279049
1568711279062
1568711279074
1568711279087
1568711279100
1568711279115
1568711279129
1568711279142
1568711279154
1568711279167
1568711279180
1568711279193
1568711279206
1568711279218
1568711279231
1568711279244
1568711279258
1568711279272
1568711279287
1568711279300
1568711279314
1568711279328
1568711279342
1568711279356
1568711279370
1568711279383
1568711279397
1568711279411
1568711279426
1568711279441
1568711279455
1568711279468
1568711279481
1568711279494
1568711279507
1568711279521
1568711279534
1568711279547
1568711279560
1568711279573
1568711279585
1568711279598
1568711279611
1568711279624
1568711279638
1568711279652
1568711279667
1568711279683
1568711279697
1568711279711
1568711279724
1568711279737
1568711279750
1568711279763
1568711279777
1568711279790
1568711279804
1568711279817
1568711279830
1568711279843
1568711279857
1568711279870
1568711279883
1568711279896
1568711279912
1568711279924
1568711279938
1568711279950
1568711279965
1568711279977
1568711279992
1568711280008
1568711280021
1568711280034
1568711280049
1568711280061
1568711280076
1568711280090
1568711280104
1568711280118
1568711280132
1568711280146
1568711280161
1568711280175
1568711280189
1568711280203
1568711280218
1568711280232
1568711280246
1568711280261
1568711280276
1568711280290
1568711280304
1568711280319
1568711280334
1568711280349
1568711280364
1568711280377
1568711280392
1568711280406
1568711280420
1568711280434
1568711280449
1568711280464
1568711280479
1568711280493
1568711280509
1568711280523
1568711280537
1568711280551
1568711280566
1568711280580
1568711280596
1568711280609
1568711280624
1568711280639
1568711280652
1568711280664
1568711280677
1568711280690
1568711280707
1568711280722
1568711280736
1568711280750
1568711280763
1568711280776
1568711280791
1568711280804
1568711280818
1568711280831
1568711280846
1568711280859
1568711280872
1568711280886
1568711280900
1568711280914
1568711280927
1568711280941
1568711280955
1568711280968
1568711280982
1568711280996
1568711281010
1568711281024
1568711281037
1568711281052
1568711281065
