1568711282268
1568711282281
1568711282297
1568711282311
1568711282326
1568711282340
1568711282353
1568711282368
1568711282381
1568711282395
1568711282410
1568711282423
1568711282436
1568711282451
1568711282466
1568711282480
1568711282494
1568711282507
1568711282522
1568711282536
1568711282550
1568711282563
1568711282576
1568711282589
1568711282600
1568711282615
1568711282629
1568711282642
1568711282657
1568711282669
1568711282682
1568711282695
1568711282709
1568711282724
1568711282737
1568711282751
1568711282765
1568711282780
1568711282795
1568711282808
1568711282822
1568711282836
1568711282850
1568711282864
1568711282881
1568711282895
1568711282909
1568711282922
1568711282936
1568711282953
1568711282968
1568711282983
1568711282995
1568711283011
1568711283026
1568711283040
1568711283053
1568711283067
1568711283080
1568711283094
1568711283107
1568711283123
1568711283137
1568711283151
1568711283165
1568711283178
1568711283192
1568711283205
1568711283219
1568711283234
1568711283248
1568711283262
1568711283276
1568711283291
1568711283305
1568711283319
1568711283332
1568711283346
1568711283359
1568711283373
1568711283389
1568711283403
1568711283417
1568711283430
1568711283444
1568711283460
1568711283476
1568711283490
1568711283503
1568711283516
1568711283529
1568711283543
1568711283559
1568711283574
1568711283587
1568711283602
1568711283615
1568711283630
1568711283646
1568711283661
1568711283675
1568711283689
1568711283704
1568711283719
1568711283732
1568711283746
1568711283759
1568711283773
1568711283788
1568711283803
1568711283817
1568711283831
1568711283844
1568711283859
1568711283873
1568711283886
1568711283899
1568711283913
1568711283926
1568711283939
1568711283953
1568711283967
1568711283980
1568711283993
1568711284006
1568711284018
1568711284030
1568711284043
1568711284055
1568711284068
1568711284080
1568711284092
1568711284105
1568711284118
1568711284132
1568711284146
1568711284160
1568711284175
1568711284189
1568711284202
1568711284214
1568711284228
1568711284242
1568711284255
1568711284269
1568711284284
1568711284297
1568711284311
1568711284324
1568711284337
