1568390355549
1568390355562
1568390355575
1568390355587
1568390355599
1568390355611
1568390355623
1568390355636
1568390355648
1568390355660
1568390355672
1568390355684
1568390355697
1568390355710
1568390355723
1568390355737
1568390355750
1568390355763
1568390355775
1568390355788
1568390355800
1568390355812
1568390355825
1568390355837
1568390355849
1568390355862
1568390355873
1568390355886
1568390355898
1568390355911
1568390355923
1568390355936
1568390355948
1568390355960
1568390355971
1568390355984
1568390355997
1568390356010
1568390356023
1568390356035
1568390356048
1568390356061
1568390356073
1568390356084
1568390356097
1568390356109
1568390356121
1568390356133
1568390356146
1568390356159
1568390356172
1568390356184
1568390356195
1568390356208
1568390356220
1568390356233
1568390356245
1568390356257
1568390356268
1568390356280
1568390356293
1568390356306
1568390356318
1568390356331
1568390356344
1568390356356
1568390356368
1568390356379
1568390356393
1568390356406
1568390356419
1568390356431
1568390356444
1568390356457
1568390356470
1568390356483
1568390356496
1568390356510
1568390356525
1568390356537
1568390356550
1568390356563
1568390356576
1568390356589
1568390356602
1568390356616
1568390356629
1568390356642
1568390356654
1568390356667
1568390356681
1568390356694
1568390356707
1568390356720
1568390356733
1568390356746
1568390356760
1568390356774
1568390356787
1568390356801
1568390356814
1568390356827
1568390356840
1568390356853
1568390356866
1568390356879
1568390356893
1568390356906
1568390356919
1568390356933
1568390356946
1568390356959
1568390356971
1568390356984
1568390356998
1568390357011
1568390357024
1568390357037
1568390357050
1568390357063
1568390357077
1568390357090
1568390357103
1568390357117
1568390357129
1568390357142
1568390357155
1568390357167
1568390357179
1568390357192
1568390357205
1568390357217
1568390357231
1568390357244
1568390357257
1568390357270
1568390357282
1568390357294
1568390357308
1568390357322
1568390357335
1568390357348
1568390357361
1568390357374
1568390357386
1568390357399
1568390357411
1568390357424
1568390357437
1568390357450
