1568390338028
1568390338041
1568390338054
1568390338066
1568390338078
1568390338090
1568390338101
1568390338112
1568390338124
1568390338135
1568390338147
1568390338159
1568390338171
1568390338184
1568390338196
1568390338208
1568390338220
1568390338232
1568390338244
1568390338256
1568390338268
1568390338280
1568390338291
1568390338303
1568390338314
1568390338326
1568390338338
1568390338350
1568390338364
1568390338377
1568390338389
1568390338403
1568390338417
1568390338430
1568390338443
1568390338456
1568390338469
1568390338483
1568390338496
1568390338509
1568390338522
1568390338535
1568390338548
1568390338560
1568390338574
1568390338587
1568390338599
1568390338611
1568390338624
1568390338637
1568390338649
1568390338662
1568390338675
1568390338688
1568390338702
1568390338716
1568390338728
1568390338741
1568390338754
1568390338767
1568390338780
1568390338793
1568390338806
1568390338819
1568390338833
1568390338846
1568390338859
1568390338872
1568390338885
1568390338899
1568390338912
1568390338925
1568390338938
1568390338952
1568390338965
1568390338978
1568390338991
1568390339007
1568390339022
1568390339035
1568390339048
1568390339061
1568390339074
1568390339087
1568390339101
1568390339115
1568390339129
1568390339142
1568390339155
1568390339168
1568390339181
1568390339194
1568390339207
1568390339221
1568390339234
1568390339248
1568390339261
1568390339275
1568390339288
1568390339301
1568390339314
1568390339328
1568390339341
1568390339355
1568390339367
1568390339381
1568390339394
1568390339407
1568390339420
1568390339434
1568390339447
1568390339461
1568390339474
1568390339487
1568390339501
1568390339514
1568390339528
1568390339541
1568390339555
1568390339568
1568390339580
1568390339593
1568390339606
1568390339618
1568390339630
1568390339642
1568390339654
1568390339666
1568390339678
1568390339691
1568390339702
1568390339715
1568390339727
1568390339740
1568390339753
1568390339765
1568390339779
1568390339791
1568390339803
1568390339815
1568390339827
1568390339839
1568390339851
1568390339863
1568390339875
1568390339888
1568390339900
1568390339913
1568390339925
1568390339937
