1568048237581
1568048237594
1568048237609
1568048237622
1568048237634
1568048237647
1568048237660
1568048237673
1568048237686
1568048237700
1568048237712
1568048237726
1568048237739
1568048237753
1568048237766
1568048237779
1568048237792
1568048237805
1568048237818
1568048237831
1568048237844
1568048237857
1568048237870
1568048237884
1568048237897
1568048237911
1568048237924
1568048237937
1568048237950
1568048237963
1568048237976
1568048237989
1568048238003
1568048238017
1568048238030
1568048238043
1568048238057
1568048238071
1568048238084
1568048238098
1568048238111
1568048238124
1568048238137
1568048238150
1568048238163
1568048238177
1568048238190
1568048238203
1568048238216
1568048238230
1568048238243
1568048238257
1568048238270
1568048238283
1568048238297
1568048238310
1568048238323
1568048238336
1568048238349
1568048238363
1568048238377
1568048238390
1568048238404
1568048238418
1568048238431
1568048238444
1568048238458
1568048238471
1568048238485
1568048238498
1568048238511
1568048238525
1568048238538
1568048238553
1568048238567
1568048238582
1568048238596
1568048238610
1568048238623
1568048238637
1568048238651
1568048238664
1568048238678
1568048238692
1568048238706
1568048238721
1568048238735
1568048238751
1568048238765
1568048238780
1568048238794
1568048238808
1568048238821
1568048238836
1568048238851
1568048238865
1568048238879
1568048238894
1568048238908
1568048238922
1568048238936
1568048238951
1568048238965
1568048238980
1568048238993
1568048239007
1568048239021
1568048239036
1568048239050
1568048239065
1568048239080
1568048239096
1568048239110
1568048239124
1568048239137
1568048239152
1568048239166
1568048239179
1568048239192
1568048239205
1568048239218
1568048239231
1568048239244
1568048239257
1568048239270
1568048239283
1568048239296
1568048239309
1568048239322
1568048239335
1568048239348
1568048239360
1568048239373
1568048239387
1568048239400
1568048239413
1568048239426
1568048239440
1568048239452
1568048239466
1568048239479
1568048239492
1568048239504
1568048239517
1568048239530
1568048239543
1568048239557
1568048239570
1568048239582
1568048239596
