1568048260353
1568048260369
1568048260385
1568048260399
1568048260414
1568048260429
1568048260444
1568048260459
1568048260474
1568048260488
1568048260502
1568048260517
1568048260532
1568048260547
1568048260560
1568048260574
1568048260589
1568048260603
1568048260616
1568048260629
1568048260642
1568048260657
1568048260671
1568048260685
1568048260698
1568048260712
1568048260725
1568048260738
1568048260750
1568048260762
1568048260776
1568048260793
1568048260807
1568048260821
1568048260834
1568048260848
1568048260864
1568048260880
1568048260894
1568048260907
1568048260920
1568048260935
1568048260949
1568048260964
1568048260978
1568048260992
1568048261006
1568048261020
1568048261035
1568048261050
1568048261064
1568048261080
1568048261095
1568048261109
1568048261122
1568048261136
1568048261149
1568048261162
1568048261175
1568048261188
1568048261202
1568048261215
1568048261230
1568048261244
1568048261257
1568048261270
1568048261283
1568048261297
1568048261309
1568048261323
1568048261337
1568048261352
1568048261365
1568048261381
1568048261396
1568048261411
1568048261426
1568048261440
1568048261453
1568048261467
1568048261481
1568048261495
1568048261510
1568048261525
1568048261539
1568048261554
1568048261569
1568048261583
1568048261597
1568048261612
1568048261626
1568048261640
1568048261654
1568048261668
1568048261682
1568048261697
1568048261710
1568048261726
1568048261740
1568048261755
1568048261769
1568048261785
1568048261799
1568048261814
1568048261829
1568048261843
1568048261857
1568048261872
1568048261887
1568048261903
1568048261917
1568048261931
1568048261945
1568048261960
1568048261974
1568048261988
1568048262002
1568048262018
1568048262033
1568048262048
1568048262064
1568048262080
1568048262096
1568048262112
1568048262127
1568048262142
1568048262158
1568048262173
1568048262189
1568048262204
1568048262218
1568048262232
1568048262246
1568048262261
1568048262275
1568048262289
1568048262302
1568048262315
1568048262328
1568048262340
1568048262353
1568048262366
1568048262379
1568048262392
1568048262404
1568048262418
1568048262433
1568048262449
1568048262463
1568048262477
