1568048277789
1568048277802
1568048277816
1568048277830
1568048277846
1568048277860
1568048277874
1568048277888
1568048277900
1568048277913
1568048277926
1568048277939
1568048277951
1568048277965
1568048277978
1568048277991
1568048278005
1568048278019
1568048278033
1568048278046
1568048278058
1568048278072
1568048278087
1568048278101
1568048278115
1568048278129
1568048278141
1568048278154
1568048278167
1568048278182
1568048278196
1568048278209
1568048278221
1568048278234
1568048278246
1568048278259
1568048278272
1568048278286
1568048278299
1568048278313
1568048278326
1568048278340
1568048278355
1568048278368
1568048278381
1568048278394
1568048278407
1568048278421
1568048278438
1568048278453
1568048278468
1568048278481
1568048278494
1568048278509
1568048278523
1568048278537
1568048278551
1568048278564
1568048278578
1568048278592
1568048278605
1568048278620
1568048278633
1568048278647
1568048278662
1568048278677
1568048278694
1568048278709
1568048278723
1568048278737
1568048278752
1568048278767
1568048278782
1568048278798
1568048278812
1568048278826
1568048278841
1568048278857
1568048278871
1568048278885
1568048278899
1568048278914
1568048278928
1568048278942
1568048278957
1568048278972
1568048278986
1568048279003
1568048279019
1568048279035
1568048279049
1568048279064
1568048279078
1568048279093
1568048279109
1568048279125
1568048279140
1568048279156
1568048279170
1568048279185
1568048279200
1568048279215
1568048279229
1568048279244
1568048279258
1568048279274
1568048279289
1568048279304
1568048279318
1568048279332
1568048279344
1568048279359
1568048279373
1568048279387
1568048279402
1568048279417
1568048279430
1568048279444
1568048279456
1568048279471
1568048279484
1568048279498
1568048279513
1568048279528
1568048279541
1568048279554
1568048279567
1568048279579
1568048279592
1568048279604
1568048279617
1568048279629
1568048279642
1568048279656
1568048279669
1568048279684
1568048279698
1568048279711
1568048279724
1568048279736
1568048279749
1568048279762
1568048279775
1568048279789
1568048279803
1568048279818
1568048279832
1568048279846
1568048279860
1568048279872
