1568048261953
1568048261969
1568048261984
1568048261998
1568048262013
1568048262029
1568048262043
1568048262059
1568048262074
1568048262090
1568048262105
1568048262121
1568048262136
1568048262152
1568048262167
1568048262182
1568048262198
1568048262213
1568048262227
1568048262240
1568048262254
1568048262268
1568048262281
1568048262295
1568048262308
1568048262322
1568048262335
1568048262347
1568048262360
1568048262373
1568048262386
1568048262399
1568048262411
1568048262426
1568048262441
1568048262456
1568048262470
1568048262485
1568048262498
1568048262512
1568048262525
1568048262538
1568048262551
1568048262564
1568048262578
1568048262593
1568048262607
1568048262621
1568048262635
1568048262650
1568048262665
1568048262680
1568048262694
1568048262708
1568048262721
1568048262736
1568048262750
1568048262763
1568048262776
1568048262792
1568048262807
1568048262822
1568048262837
1568048262852
1568048262865
1568048262879
1568048262893
1568048262907
1568048262920
1568048262934
1568048262948
1568048262962
1568048262976
1568048262991
1568048263006
1568048263020
1568048263034
1568048263048
1568048263063
1568048263078
1568048263093
1568048263108
1568048263123
1568048263139
1568048263153
1568048263168
1568048263183
1568048263199
1568048263214
1568048263229
1568048263244
1568048263258
1568048263271
1568048263286
1568048263300
1568048263315
1568048263331
1568048263346
1568048263361
1568048263378
1568048263394
1568048263410
1568048263424
1568048263439
1568048263455
1568048263470
1568048263485
1568048263501
1568048263517
1568048263533
1568048263548
1568048263564
1568048263580
1568048263595
1568048263609
1568048263623
1568048263637
1568048263654
1568048263669
1568048263685
1568048263699
1568048263713
1568048263728
1568048263743
1568048263756
1568048263769
1568048263783
1568048263797
1568048263811
1568048263824
1568048263837
1568048263851
1568048263864
1568048263878
1568048263892
1568048263905
1568048263918
1568048263931
1568048263944
1568048263958
1568048263974
1568048263991
1568048264005
1568048264018
1568048264032
1568048264047
1568048264062
1568048264076
1568048264090
1568048264104
