1568048274681
1568048274697
1568048274714
1568048274729
1568048274744
1568048274758
1568048274772
1568048274787
1568048274801
1568048274815
1568048274828
1568048274840
1568048274853
1568048274866
1568048274880
1568048274896
1568048274911
1568048274926
1568048274941
1568048274956
1568048274970
1568048274984
1568048274997
1568048275010
1568048275022
1568048275036
1568048275049
1568048275063
1568048275075
1568048275090
1568048275104
1568048275118
1568048275130
1568048275143
1568048275156
1568048275170
1568048275184
1568048275199
1568048275214
1568048275231
1568048275246
1568048275259
1568048275272
1568048275285
1568048275300
1568048275314
1568048275328
1568048275342
1568048275355
1568048275369
1568048275383
1568048275398
1568048275411
1568048275425
1568048275439
1568048275454
1568048275470
1568048275484
1568048275498
1568048275512
1568048275525
1568048275538
1568048275552
1568048275566
1568048275579
1568048275595
1568048275610
1568048275624
1568048275638
1568048275653
1568048275667
1568048275681
1568048275695
1568048275711
1568048275727
1568048275743
1568048275759
1568048275775
1568048275792
1568048275806
1568048275820
1568048275835
1568048275850
1568048275865
1568048275879
1568048275894
1568048275909
1568048275923
1568048275937
1568048275953
1568048275969
1568048275983
1568048275998
1568048276014
1568048276029
1568048276044
1568048276058
1568048276074
1568048276089
1568048276105
1568048276120
1568048276134
1568048276150
1568048276167
1568048276183
1568048276199
1568048276213
1568048276228
1568048276242
1568048276258
1568048276273
1568048276288
1568048276304
1568048276320
1568048276337
1568048276352
1568048276368
1568048276384
1568048276398
1568048276412
1568048276426
1568048276443
1568048276458
1568048276473
1568048276486
1568048276499
1568048276512
1568048276526
1568048276539
1568048276553
1568048276567
1568048276582
1568048276595
1568048276609
1568048276623
1568048276638
1568048276651
1568048276664
1568048276677
1568048276691
1568048276703
1568048276718
1568048276734
1568048276748
1568048276762
1568048276776
1568048276790
1568048276804
1568048276816
1568048276830
