1568048250596
1568048250611
1568048250627
1568048250641
1568048250654
1568048250667
1568048250679
1568048250692
1568048250705
1568048250718
1568048250731
1568048250744
1568048250756
1568048250772
1568048250786
1568048250799
1568048250811
1568048250824
1568048250838
1568048250852
1568048250865
1568048250878
1568048250891
1568048250904
1568048250918
1568048250933
1568048250947
1568048250962
1568048250976
1568048250991
1568048251005
1568048251018
1568048251030
1568048251043
1568048251057
1568048251071
1568048251085
1568048251099
1568048251114
1568048251130
1568048251146
1568048251161
1568048251176
1568048251193
1568048251208
1568048251222
1568048251235
1568048251249
1568048251265
1568048251282
1568048251299
1568048251313
1568048251327
1568048251343
1568048251357
1568048251371
1568048251385
1568048251399
1568048251414
1568048251429
1568048251446
1568048251463
1568048251478
1568048251492
1568048251506
1568048251520
1568048251533
1568048251547
1568048251562
1568048251576
1568048251590
1568048251605
1568048251619
1568048251634
1568048251648
1568048251662
1568048251676
1568048251691
1568048251705
1568048251719
1568048251734
1568048251750
1568048251764
1568048251778
1568048251793
1568048251808
1568048251824
1568048251838
1568048251852
1568048251867
1568048251882
1568048251897
1568048251912
1568048251926
1568048251941
1568048251955
1568048251970
1568048251985
1568048252001
1568048252016
1568048252030
1568048252044
1568048252059
1568048252075
1568048252090
1568048252105
1568048252119
1568048252134
1568048252148
1568048252163
1568048252180
1568048252195
1568048252209
1568048252224
1568048252237
1568048252251
1568048252266
1568048252280
1568048252294
1568048252310
1568048252324
1568048252339
1568048252354
1568048252370
1568048252385
1568048252400
1568048252415
1568048252430
1568048252443
1568048252458
1568048252472
1568048252486
1568048252501
1568048252517
1568048252532
1568048252547
1568048252561
1568048252577
1568048252590
1568048252603
1568048252617
1568048252632
1568048252645
1568048252658
1568048252672
1568048252688
1568048252702
1568048252718
1568048252732
1568048252747
