1568649407023
1568649407038
1568649407054
1568649407067
1568649407080
1568649407093
1568649407107
1568649407121
1568649407135
1568649407149
1568649407162
1568649407175
1568649407188
1568649407203
1568649407217
1568649407232
1568649407246
1568649407261
1568649407275
1568649407288
1568649407300
1568649407313
1568649407326
1568649407340
1568649407357
1568649407373
1568649407387
1568649407401
1568649407416
1568649407429
1568649407442
1568649407456
1568649407469
1568649407481
1568649407495
1568649407511
1568649407526
1568649407541
1568649407555
1568649407568
1568649407580
1568649407592
1568649407607
1568649407622
1568649407636
1568649407649
1568649407661
1568649407674
1568649407687
1568649407701
1568649407717
1568649407731
1568649407743
1568649407756
1568649407769
1568649407781
1568649407794
1568649407808
1568649407822
1568649407836
1568649407849
1568649407863
1568649407875
1568649407888
1568649407901
1568649407914
1568649407927
1568649407940
1568649407955
1568649407971
1568649407986
1568649407999
1568649408012
1568649408026
1568649408038
1568649408052
1568649408067
1568649408081
1568649408094
1568649408108
1568649408122
1568649408134
1568649408147
1568649408160
1568649408175
1568649408190
1568649408206
1568649408220
1568649408234
1568649408248
1568649408261
1568649408275
1568649408289
1568649408303
1568649408318
1568649408332
1568649408346
1568649408360
1568649408374
1568649408388
1568649408402
1568649408417
1568649408432
1568649408446
1568649408460
1568649408474
1568649408488
1568649408501
1568649408514
1568649408528
1568649408542
1568649408556
1568649408571
1568649408586
1568649408599
1568649408612
1568649408625
1568649408637
1568649408651
1568649408668
1568649408683
1568649408699
1568649408714
1568649408728
1568649408742
1568649408754
1568649408768
1568649408782
1568649408799
1568649408813
1568649408831
1568649408851
1568649408868
1568649408885
1568649408899
1568649408914
1568649408929
1568649408944
1568649408958
1568649408973
1568649408988
1568649409004
1568649409019
1568649409033
1568649409047
1568649409063
1568649409081
1568649409103
1568649409125
1568649409144
