1568649361270
1568649361283
1568649361296
1568649361308
1568649361320
1568649361333
1568649361345
1568649361357
1568649361369
1568649361382
1568649361393
1568649361405
1568649361418
1568649361431
1568649361443
1568649361454
1568649361466
1568649361479
1568649361490
1568649361503
1568649361515
1568649361527
1568649361539
1568649361551
1568649361565
1568649361577
1568649361591
1568649361604
1568649361616
1568649361628
1568649361640
1568649361652
1568649361664
1568649361677
1568649361690
1568649361703
1568649361716
1568649361730
1568649361743
1568649361756
1568649361768
1568649361781
1568649361794
1568649361808
1568649361821
1568649361834
1568649361847
1568649361859
1568649361873
1568649361886
1568649361900
1568649361913
1568649361926
1568649361939
1568649361952
1568649361965
1568649361978
1568649361991
1568649362004
1568649362016
1568649362028
1568649362044
1568649362057
1568649362070
1568649362083
1568649362095
1568649362106
1568649362119
1568649362131
1568649362144
1568649362156
1568649362169
1568649362182
1568649362196
1568649362209
1568649362222
1568649362235
1568649362250
1568649362264
1568649362277
1568649362289
1568649362303
1568649362316
1568649362330
1568649362342
1568649362356
1568649362369
1568649362384
1568649362397
1568649362410
1568649362423
1568649362436
1568649362449
1568649362463
1568649362476
1568649362490
1568649362504
1568649362519
1568649362532
1568649362546
1568649362560
1568649362573
1568649362586
1568649362599
1568649362612
1568649362625
1568649362638
1568649362652
1568649362665
1568649362680
1568649362693
1568649362707
1568649362721
1568649362735
1568649362748
1568649362762
1568649362775
1568649362789
1568649362803
1568649362817
1568649362830
1568649362845
1568649362858
1568649362872
1568649362884
1568649362896
1568649362907
1568649362920
1568649362933
1568649362946
1568649362958
1568649362971
1568649362983
1568649362996
1568649363009
1568649363022
1568649363034
1568649363046
1568649363058
1568649363071
1568649363084
1568649363096
1568649363109
1568649363121
1568649363134
1568649363147
1568649363160
1568649363173
1568649363185
1568649363197
