1568649405373
1568649405386
1568649405401
1568649405415
1568649405430
1568649405444
1568649405459
1568649405474
1568649405488
1568649405501
1568649405513
1568649405528
1568649405543
1568649405557
1568649405572
1568649405586
1568649405599
1568649405614
1568649405628
1568649405642
1568649405657
1568649405674
1568649405687
1568649405701
1568649405716
1568649405731
1568649405745
1568649405760
1568649405774
1568649405787
1568649405801
1568649405814
1568649405829
1568649405845
1568649405859
1568649405872
1568649405885
1568649405900
1568649405914
1568649405927
1568649405943
1568649405957
1568649405971
1568649405985
1568649405999
1568649406012
1568649406025
1568649406037
1568649406050
1568649406063
1568649406076
1568649406090
1568649406102
1568649406114
1568649406128
1568649406142
1568649406154
1568649406167
1568649406178
1568649406193
1568649406207
1568649406220
1568649406232
1568649406243
1568649406257
1568649406270
1568649406282
1568649406295
1568649406308
1568649406321
1568649406334
1568649406348
1568649406360
1568649406374
1568649406388
1568649406401
1568649406415
1568649406429
1568649406443
1568649406456
1568649406470
1568649406484
1568649406498
1568649406511
1568649406524
1568649406539
1568649406552
1568649406565
1568649406578
1568649406593
1568649406608
1568649406622
1568649406638
1568649406653
1568649406668
1568649406682
1568649406696
1568649406711
1568649406725
1568649406737
1568649406750
1568649406764
1568649406777
1568649406792
1568649406807
1568649406821
1568649406834
1568649406848
1568649406863
1568649406877
1568649406891
1568649406906
1568649406920
1568649406935
1568649406949
1568649406962
1568649406976
1568649406991
1568649407005
1568649407018
1568649407032
1568649407046
1568649407061
1568649407075
1568649407089
1568649407103
1568649407118
1568649407133
1568649407147
1568649407161
1568649407173
1568649407187
1568649407201
1568649407216
1568649407230
1568649407246
1568649407260
1568649407274
1568649407288
1568649407300
1568649407313
1568649407326
1568649407339
1568649407357
1568649407372
1568649407387
1568649407402
1568649407417
1568649407430
1568649407444
