1568644795431
1568644795446
1568644795462
1568644795476
1568644795490
1568644795503
1568644795518
1568644795532
1568644795546
1568644795559
1568644795573
1568644795586
1568644795600
1568644795614
1568644795627
1568644795640
1568644795654
1568644795668
1568644795681
1568644795696
1568644795709
1568644795724
1568644795737
1568644795751
1568644795764
1568644795778
1568644795792
1568644795806
1568644795820
1568644795834
1568644795848
1568644795862
1568644795875
1568644795889
1568644795902
1568644795916
1568644795930
1568644795944
1568644795957
1568644795971
1568644795984
1568644795997
1568644796011
1568644796025
1568644796039
1568644796054
1568644796069
1568644796084
1568644796100
1568644796115
1568644796131
1568644796146
1568644796160
1568644796175
1568644796191
1568644796206
1568644796221
1568644796237
1568644796251
1568644796265
1568644796280
1568644796296
1568644796311
1568644796326
1568644796342
1568644796356
1568644796371
1568644796386
1568644796400
1568644796415
1568644796429
1568644796444
1568644796458
1568644796474
1568644796489
1568644796504
1568644796518
1568644796534
1568644796548
1568644796563
1568644796577
1568644796592
1568644796606
1568644796621
1568644796635
1568644796651
1568644796666
1568644796682
1568644796696
1568644796711
1568644796725
1568644796740
1568644796755
1568644796769
1568644796784
1568644796799
1568644796814
1568644796831
1568644796847
1568644796862
1568644796877
1568644796892
1568644796907
1568644796922
1568644796937
1568644796953
1568644796967
1568644796981
1568644796994
1568644797009
1568644797023
1568644797037
1568644797050
1568644797065
1568644797078
1568644797093
1568644797106
1568644797120
1568644797133
1568644797147
1568644797160
1568644797174
1568644797188
1568644797203
1568644797216
1568644797230
1568644797244
1568644797259
1568644797272
1568644797286
1568644797299
1568644797314
1568644797328
1568644797343
1568644797357
1568644797372
1568644797385
1568644797398
1568644797413
1568644797426
1568644797440
1568644797453
1568644797467
1568644797481
1568644797494
1568644797509
1568644797523
1568644797538
1568644797551
1568644797565
