1568644793889
1568644793904
1568644793920
1568644793935
1568644793948
1568644793961
1568644793974
1568644793988
1568644794001
1568644794014
1568644794027
1568644794040
1568644794053
1568644794067
1568644794080
1568644794094
1568644794107
1568644794120
1568644794133
1568644794146
1568644794159
1568644794173
1568644794186
1568644794199
1568644794213
1568644794227
1568644794240
1568644794254
1568644794267
1568644794280
1568644794293
1568644794306
1568644794319
1568644794332
1568644794346
1568644794359
1568644794372
1568644794387
1568644794402
1568644794416
1568644794430
1568644794444
1568644794457
1568644794470
1568644794483
1568644794496
1568644794513
1568644794527
1568644794542
1568644794558
1568644794573
1568644794588
1568644794604
1568644794620
1568644794635
1568644794652
1568644794667
1568644794683
1568644794698
1568644794714
1568644794728
1568644794745
1568644794760
1568644794776
1568644794791
1568644794806
1568644794821
1568644794837
1568644794852
1568644794866
1568644794882
1568644794897
1568644794911
1568644794927
1568644794942
1568644794958
1568644794973
1568644794988
1568644795003
1568644795018
1568644795033
1568644795050
1568644795065
1568644795081
1568644795095
1568644795111
1568644795127
1568644795142
1568644795157
1568644795172
1568644795187
1568644795202
1568644795217
1568644795232
1568644795247
1568644795263
1568644795277
1568644795293
1568644795308
1568644795323
1568644795337
1568644795353
1568644795368
1568644795384
1568644795399
1568644795414
1568644795428
1568644795442
1568644795456
1568644795470
1568644795484
1568644795499
1568644795512
1568644795526
1568644795540
1568644795553
1568644795567
1568644795580
1568644795594
1568644795608
1568644795622
1568644795635
1568644795649
1568644795663
1568644795678
1568644795692
1568644795705
1568644795720
1568644795733
1568644795747
1568644795760
1568644795774
1568644795788
1568644795803
1568644795817
1568644795832
1568644795846
1568644795862
1568644795876
1568644795890
1568644795905
1568644795920
1568644795934
1568644795948
1568644795962
1568644795976
1568644795990
1568644796007
1568644796021
1568644796035
