1568644761152
1568644761166
1568644761181
1568644761194
1568644761207
1568644761221
1568644761234
1568644761249
1568644761263
1568644761277
1568644761289
1568644761304
1568644761319
1568644761333
1568644761347
1568644761361
1568644761375
1568644761389
1568644761403
1568644761417
1568644761430
1568644761444
1568644761457
1568644761471
1568644761484
1568644761500
1568644761514
1568644761528
1568644761541
1568644761554
1568644761568
1568644761581
1568644761595
1568644761607
1568644761620
1568644761633
1568644761646
1568644761662
1568644761675
1568644761689
1568644761702
1568644761718
1568644761733
1568644761748
1568644761761
1568644761774
1568644761788
1568644761803
1568644761817
1568644761831
1568644761845
1568644761858
1568644761871
1568644761885
1568644761898
1568644761911
1568644761925
1568644761938
1568644761951
1568644761964
1568644761977
1568644761991
1568644762004
1568644762018
1568644762031
1568644762044
1568644762057
1568644762070
1568644762083
1568644762097
1568644762110
1568644762125
1568644762138
1568644762153
1568644762167
1568644762182
1568644762196
1568644762210
1568644762224
1568644762238
1568644762251
1568644762266
1568644762280
1568644762295
1568644762308
1568644762324
1568644762338
1568644762353
1568644762367
1568644762381
1568644762395
1568644762410
1568644762424
1568644762438
1568644762452
1568644762467
1568644762481
1568644762496
1568644762511
1568644762526
1568644762539
1568644762554
1568644762568
1568644762582
1568644762596
1568644762610
1568644762625
1568644762639
1568644762654
1568644762670
1568644762684
1568644762699
1568644762714
1568644762728
1568644762741
1568644762755
1568644762767
1568644762782
1568644762797
1568644762812
1568644762826
1568644762842
1568644762856
1568644762869
1568644762882
1568644762895
1568644762908
1568644762923
1568644762937
1568644762951
1568644762965
1568644762980
1568644762994
1568644763009
1568644763022
1568644763037
1568644763052
1568644763067
1568644763082
1568644763097
1568644763112
1568644763127
1568644763141
1568644763155
1568644763169
1568644763185
1568644763199
1568644763213
1568644763226
1568644763239
