1568644765940
1568644765954
1568644765969
1568644765983
1568644765996
1568644766010
1568644766023
1568644766037
1568644766050
1568644766064
1568644766078
1568644766092
1568644766105
1568644766120
1568644766133
1568644766147
1568644766161
1568644766175
1568644766188
1568644766202
1568644766216
1568644766230
1568644766243
1568644766257
1568644766270
1568644766283
1568644766297
1568644766310
1568644766323
1568644766337
1568644766350
1568644766364
1568644766376
1568644766390
1568644766403
1568644766416
1568644766430
1568644766444
1568644766459
1568644766476
1568644766492
1568644766508
1568644766523
1568644766540
1568644766555
1568644766570
1568644766586
1568644766601
1568644766618
1568644766634
1568644766648
1568644766665
1568644766680
1568644766696
1568644766711
1568644766726
1568644766741
1568644766757
1568644766772
1568644766787
1568644766803
1568644766819
1568644766836
1568644766851
1568644766866
1568644766882
1568644766897
1568644766913
1568644766927
1568644766942
1568644766957
1568644766971
1568644766985
1568644767000
1568644767015
1568644767030
1568644767045
1568644767061
1568644767076
1568644767092
1568644767109
1568644767126
1568644767142
1568644767157
1568644767172
1568644767189
1568644767208
1568644767224
1568644767239
1568644767254
1568644767269
1568644767285
1568644767300
1568644767315
1568644767329
1568644767344
1568644767359
1568644767376
1568644767391
1568644767407
1568644767421
1568644767437
1568644767451
1568644767467
1568644767482
1568644767497
1568644767512
1568644767527
1568644767541
1568644767556
1568644767570
1568644767585
1568644767600
1568644767614
1568644767628
1568644767642
1568644767657
1568644767670
1568644767684
1568644767698
1568644767711
1568644767725
1568644767739
1568644767752
1568644767766
1568644767779
1568644767793
1568644767807
1568644767820
1568644767833
1568644767847
1568644767861
1568644767875
1568644767890
1568644767904
1568644767917
1568644767931
1568644767945
1568644767958
1568644767973
1568644767986
1568644768000
1568644768014
1568644768028
1568644768041
1568644768055
1568644768069
1568644768082
1568644768096
1568644768109
