1568644777012
1568644777027
1568644777042
1568644777055
1568644777069
1568644777084
1568644777098
1568644777112
1568644777126
1568644777141
1568644777154
1568644777168
1568644777181
1568644777195
1568644777209
1568644777223
1568644777236
1568644777249
1568644777262
1568644777276
1568644777289
1568644777303
1568644777317
1568644777330
1568644777343
1568644777356
1568644777369
1568644777382
1568644777395
1568644777408
1568644777421
1568644777434
1568644777447
1568644777461
1568644777473
1568644777488
1568644777502
1568644777516
1568644777529
1568644777543
1568644777557
1568644777571
1568644777585
1568644777599
1568644777613
1568644777628
1568644777641
1568644777655
1568644777669
1568644777685
1568644777699
1568644777714
1568644777727
1568644777742
1568644777757
1568644777771
1568644777785
1568644777798
1568644777812
1568644777826
1568644777840
1568644777855
1568644777869
1568644777883
1568644777897
1568644777912
1568644777925
1568644777940
1568644777954
1568644777968
1568644777982
1568644777997
1568644778010
1568644778025
1568644778040
1568644778054
1568644778069
1568644778084
1568644778098
1568644778113
1568644778127
1568644778141
1568644778157
1568644778170
1568644778184
1568644778200
1568644778216
1568644778231
1568644778246
1568644778261
1568644778275
1568644778290
1568644778304
1568644778320
1568644778334
1568644778348
1568644778362
1568644778378
1568644778393
1568644778408
1568644778423
1568644778437
1568644778453
1568644778467
1568644778481
1568644778496
1568644778511
1568644778526
1568644778540
1568644778556
1568644778570
1568644778583
1568644778597
1568644778611
1568644778625
1568644778640
1568644778654
1568644778668
1568644778681
1568644778694
1568644778708
1568644778722
1568644778736
1568644778750
1568644778764
1568644778777
1568644778790
1568644778804
1568644778817
1568644778830
1568644778843
1568644778857
1568644778870
1568644778884
1568644778900
1568644778915
1568644778929
1568644778942
1568644778956
1568644778971
1568644778985
1568644778999
1568644779013
1568644779028
1568644779042
1568644779057
1568644779071
1568644779085
1568644779098
1568644779111
