1568644786202
1568644786215
1568644786230
1568644786244
1568644786258
1568644786272
1568644786285
1568644786298
1568644786311
1568644786324
1568644786337
1568644786350
1568644786363
1568644786377
1568644786390
1568644786404
1568644786417
1568644786431
1568644786444
1568644786458
1568644786473
1568644786486
1568644786500
1568644786514
1568644786526
1568644786540
1568644786553
1568644786567
1568644786580
1568644786593
1568644786606
1568644786620
1568644786633
1568644786646
1568644786659
1568644786672
1568644786685
1568644786699
1568644786714
1568644786729
1568644786742
1568644786755
1568644786770
1568644786785
1568644786799
1568644786813
1568644786827
1568644786843
1568644786858
1568644786876
1568644786891
1568644786905
1568644786921
1568644786935
1568644786950
1568644786965
1568644786980
1568644786995
1568644787009
1568644787023
1568644787037
1568644787054
1568644787070
1568644787087
1568644787102
1568644787117
1568644787134
1568644787152
1568644787168
1568644787183
1568644787197
1568644787212
1568644787226
1568644787242
1568644787256
1568644787271
1568644787285
1568644787299
1568644787313
1568644787327
1568644787342
1568644787356
1568644787371
1568644787385
1568644787400
1568644787415
1568644787430
1568644787446
1568644787460
1568644787475
1568644787490
1568644787505
1568644787519
1568644787534
1568644787548
1568644787563
1568644787578
1568644787593
1568644787608
1568644787624
1568644787638
1568644787652
1568644787666
1568644787682
1568644787696
1568644787711
1568644787726
1568644787739
1568644787753
1568644787770
1568644787784
1568644787798
1568644787813
1568644787827
1568644787841
1568644787854
1568644787869
1568644787883
1568644787896
1568644787909
1568644787922
1568644787937
1568644787952
1568644787967
1568644787980
1568644787994
1568644788007
1568644788021
1568644788035
1568644788050
1568644788068
1568644788085
1568644788101
1568644788117
1568644788134
1568644788151
1568644788167
1568644788183
1568644788197
1568644788211
1568644788225
1568644788239
1568644788253
1568644788267
1568644788283
1568644788299
1568644788313
1568644788326
1568644788340
1568644788354
