1568644778563
1568644778578
1568644778592
1568644778606
1568644778620
1568644778634
1568644778648
1568644778661
1568644778675
1568644778688
1568644778700
1568644778713
1568644778726
1568644778740
1568644778753
1568644778767
1568644778780
1568644778794
1568644778807
1568644778820
1568644778834
1568644778847
1568644778860
1568644778873
1568644778886
1568644778901
1568644778915
1568644778929
1568644778942
1568644778955
1568644778969
1568644778983
1568644778996
1568644779010
1568644779024
1568644779038
1568644779051
1568644779066
1568644779080
1568644779093
1568644779106
1568644779121
1568644779136
1568644779151
1568644779165
1568644779180
1568644779194
1568644779208
1568644779224
1568644779239
1568644779254
1568644779270
1568644779284
1568644779299
1568644779316
1568644779330
1568644779345
1568644779360
1568644779375
1568644779390
1568644779404
1568644779420
1568644779435
1568644779449
1568644779464
1568644779478
1568644779492
1568644779507
1568644779522
1568644779537
1568644779551
1568644779566
1568644779581
1568644779596
1568644779611
1568644779626
1568644779640
1568644779655
1568644779671
1568644779686
1568644779700
1568644779715
1568644779730
1568644779745
1568644779760
1568644779776
1568644779791
1568644779806
1568644779821
1568644779836
1568644779850
1568644779865
1568644779881
1568644779896
1568644779911
1568644779927
1568644779941
1568644779957
1568644779973
1568644779988
1568644780003
1568644780019
1568644780033
1568644780049
1568644780064
1568644780078
1568644780092
1568644780105
1568644780118
1568644780132
1568644780146
1568644780159
1568644780172
1568644780185
1568644780199
1568644780212
1568644780226
1568644780239
1568644780252
1568644780265
1568644780278
1568644780292
1568644780305
1568644780319
1568644780333
1568644780346
1568644780360
1568644780374
1568644780387
1568644780401
1568644780415
1568644780430
1568644780444
1568644780459
1568644780474
1568644780488
1568644780501
1568644780515
1568644780528
1568644780542
1568644780556
1568644780570
1568644780583
1568644780597
1568644780609
1568644780624
1568644780638
1568644780652
1568644780665
1568644780679
