1568644754837
1568644754852
1568644754868
1568644754881
1568644754894
1568644754907
1568644754920
1568644754934
1568644754948
1568644754962
1568644754976
1568644754990
1568644755003
1568644755017
1568644755031
1568644755045
1568644755058
1568644755071
1568644755084
1568644755097
1568644755110
1568644755123
1568644755136
1568644755150
1568644755162
1568644755176
1568644755190
1568644755203
1568644755216
1568644755229
1568644755242
1568644755256
1568644755270
1568644755283
1568644755296
1568644755310
1568644755324
1568644755339
1568644755352
1568644755366
1568644755379
1568644755392
1568644755405
1568644755419
1568644755432
1568644755445
1568644755458
1568644755472
1568644755485
1568644755499
1568644755513
1568644755527
1568644755541
1568644755555
1568644755568
1568644755581
1568644755594
1568644755608
1568644755621
1568644755634
1568644755648
1568644755662
1568644755676
1568644755691
1568644755705
1568644755719
1568644755732
1568644755746
1568644755760
1568644755774
1568644755787
1568644755800
1568644755814
1568644755828
1568644755842
1568644755857
1568644755870
1568644755884
1568644755898
1568644755913
1568644755927
1568644755941
1568644755954
1568644755969
1568644755983
1568644755999
1568644756014
1568644756028
1568644756043
1568644756058
1568644756073
1568644756087
1568644756102
1568644756117
1568644756132
1568644756147
1568644756161
1568644756177
1568644756191
1568644756206
1568644756220
1568644756236
1568644756250
1568644756265
1568644756280
1568644756295
1568644756309
1568644756324
1568644756338
1568644756354
1568644756369
1568644756384
1568644756398
1568644756413
1568644756426
1568644756440
1568644756454
1568644756467
1568644756480
1568644756493
1568644756507
1568644756522
1568644756536
1568644756549
1568644756562
1568644756577
1568644756592
1568644756607
1568644756621
1568644756638
1568644756652
1568644756667
1568644756680
1568644756695
1568644756709
1568644756724
1568644756737
1568644756751
1568644756765
1568644756779
1568644756792
1568644756806
1568644756819
1568644756832
1568644756845
1568644756859
1568644756872
1568644756885
1568644756898
1568644756911
