1568644757994
1568644758009
1568644758023
1568644758036
1568644758049
1568644758063
1568644758075
1568644758088
1568644758102
1568644758116
1568644758129
1568644758143
1568644758156
1568644758171
1568644758185
1568644758199
1568644758212
1568644758226
1568644758239
1568644758253
1568644758267
1568644758282
1568644758297
1568644758311
1568644758324
1568644758338
1568644758352
1568644758366
1568644758380
1568644758394
1568644758407
1568644758420
1568644758434
1568644758448
1568644758462
1568644758475
1568644758488
1568644758502
1568644758517
1568644758533
1568644758547
1568644758561
1568644758575
1568644758589
1568644758602
1568644758616
1568644758629
1568644758643
1568644758655
1568644758671
1568644758685
1568644758700
1568644758714
1568644758728
1568644758741
1568644758755
1568644758768
1568644758781
1568644758794
1568644758807
1568644758820
1568644758836
1568644758850
1568644758864
1568644758878
1568644758892
1568644758907
1568644758921
1568644758933
1568644758945
1568644758959
1568644758973
1568644758986
1568644759000
1568644759014
1568644759028
1568644759042
1568644759056
1568644759069
1568644759084
1568644759097
1568644759111
1568644759125
1568644759138
1568644759152
1568644759167
1568644759182
1568644759197
1568644759211
1568644759225
1568644759240
1568644759254
1568644759268
1568644759282
1568644759297
1568644759312
1568644759325
1568644759342
1568644759356
1568644759370
1568644759385
1568644759399
1568644759414
1568644759427
1568644759441
1568644759456
1568644759469
1568644759484
1568644759498
1568644759514
1568644759528
1568644759545
1568644759559
1568644759573
1568644759587
1568644759602
1568644759615
1568644759628
1568644759641
1568644759655
1568644759668
1568644759682
1568644759695
1568644759709
1568644759723
1568644759736
1568644759749
1568644759762
1568644759775
1568644759790
1568644759804
1568644759818
1568644759831
1568644759845
1568644759859
1568644759874
1568644759889
1568644759902
1568644759915
1568644759928
1568644759941
1568644759955
1568644759968
1568644759980
1568644759993
1568644760007
1568644760019
1568644760033
1568644760045
1568644760058
