1568644798507
1568644798520
1568644798536
1568644798549
1568644798562
1568644798576
1568644798589
1568644798602
1568644798616
1568644798631
1568644798645
1568644798658
1568644798671
1568644798686
1568644798699
1568644798713
1568644798727
1568644798740
1568644798754
1568644798768
1568644798781
1568644798794
1568644798807
1568644798821
1568644798835
1568644798850
1568644798863
1568644798877
1568644798890
1568644798904
1568644798917
1568644798931
1568644798944
1568644798958
1568644798971
1568644798985
1568644798998
1568644799012
1568644799025
1568644799039
1568644799052
1568644799066
1568644799079
1568644799095
1568644799109
1568644799123
1568644799138
1568644799153
1568644799167
1568644799182
1568644799198
1568644799212
1568644799227
1568644799241
1568644799256
1568644799271
1568644799286
1568644799300
1568644799314
1568644799329
1568644799343
1568644799358
1568644799372
1568644799388
1568644799402
1568644799417
1568644799431
1568644799446
1568644799461
1568644799476
1568644799490
1568644799505
1568644799519
1568644799535
1568644799550
1568644799565
1568644799581
1568644799596
1568644799610
1568644799625
1568644799640
1568644799656
1568644799670
1568644799685
1568644799700
1568644799717
1568644799732
1568644799749
1568644799763
1568644799778
1568644799793
1568644799809
1568644799824
1568644799839
1568644799854
1568644799868
1568644799883
1568644799898
1568644799913
1568644799928
1568644799942
1568644799958
1568644799974
1568644799989
1568644800005
1568644800020
1568644800035
1568644800050
1568644800063
1568644800078
1568644800092
1568644800106
1568644800120
1568644800134
1568644800148
1568644800162
1568644800176
1568644800189
1568644800203
1568644800217
1568644800231
1568644800245
1568644800259
1568644800273
1568644800286
1568644800300
1568644800313
1568644800328
1568644800341
1568644800355
1568644800370
1568644800384
1568644800397
1568644800413
1568644800427
1568644800442
1568644800457
1568644800472
1568644800487
1568644800501
1568644800515
1568644800529
1568644800543
1568644800558
1568644800571
1568644800587
1568644800601
1568644800615
1568644800630
1568644800644
