1568644783144
1568644783159
1568644783175
1568644783188
1568644783201
1568644783214
1568644783227
1568644783241
1568644783254
1568644783268
1568644783282
1568644783295
1568644783309
1568644783323
1568644783337
1568644783350
1568644783363
1568644783376
1568644783389
1568644783402
1568644783415
1568644783429
1568644783442
1568644783456
1568644783469
1568644783483
1568644783497
1568644783511
1568644783524
1568644783537
1568644783549
1568644783562
1568644783576
1568644783589
1568644783602
1568644783615
1568644783627
1568644783642
1568644783655
1568644783669
1568644783682
1568644783696
1568644783709
1568644783723
1568644783737
1568644783751
1568644783764
1568644783780
1568644783795
1568644783810
1568644783824
1568644783839
1568644783853
1568644783867
1568644783880
1568644783895
1568644783909
1568644783923
1568644783938
1568644783952
1568644783966
1568644783981
1568644783995
1568644784010
1568644784024
1568644784038
1568644784052
1568644784067
1568644784081
1568644784095
1568644784109
1568644784123
1568644784136
1568644784151
1568644784165
1568644784179
1568644784194
1568644784209
1568644784223
1568644784238
1568644784252
1568644784266
1568644784281
1568644784295
1568644784310
1568644784325
1568644784340
1568644784355
1568644784370
1568644784385
1568644784400
1568644784414
1568644784429
1568644784444
1568644784458
1568644784473
1568644784487
1568644784503
1568644784518
1568644784532
1568644784547
1568644784562
1568644784576
1568644784591
1568644784605
1568644784619
1568644784634
1568644784648
1568644784663
1568644784677
1568644784691
1568644784706
1568644784720
1568644784733
1568644784747
1568644784762
1568644784775
1568644784790
1568644784803
1568644784816
1568644784829
1568644784843
1568644784856
1568644784870
1568644784883
1568644784896
1568644784909
1568644784922
1568644784935
1568644784948
1568644784961
1568644784974
1568644784987
1568644785001
1568644785014
1568644785028
1568644785041
1568644785055
1568644785069
1568644785084
1568644785098
1568644785112
1568644785125
1568644785138
1568644785151
1568644785166
1568644785180
1568644785194
1568644785207
1568644785220
