1568647533473
1568647533487
1568647533501
1568647533514
1568647533527
1568647533540
1568647533552
1568647533567
1568647533580
1568647533593
1568647533606
1568647533619
1568647533631
1568647533645
1568647533660
1568647533674
1568647533687
1568647533700
1568647533714
1568647533727
1568647533739
1568647533752
1568647533764
1568647533776
1568647533789
1568647533802
1568647533815
1568647533828
1568647533841
1568647533855
1568647533868
1568647533881
1568647533894
1568647533907
1568647533920
1568647533933
1568647533945
1568647533958
1568647533971
1568647533984
1568647533997
1568647534012
1568647534026
1568647534039
1568647534052
1568647534066
1568647534079
1568647534092
1568647534105
1568647534119
1568647534134
1568647534147
1568647534161
1568647534175
1568647534189
1568647534202
1568647534215
1568647534229
1568647534242
1568647534256
1568647534269
1568647534284
1568647534297
1568647534311
1568647534324
1568647534338
1568647534351
1568647534364
1568647534379
1568647534393
1568647534407
1568647534420
1568647534433
1568647534449
1568647534463
1568647534478
1568647534492
1568647534507
1568647534521
1568647534536
1568647534550
1568647534566
1568647534580
1568647534594
1568647534609
1568647534625
1568647534639
1568647534655
1568647534669
1568647534684
1568647534699
1568647534714
1568647534728
1568647534743
1568647534757
1568647534771
1568647534785
1568647534802
1568647534816
1568647534832
1568647534847
1568647534861
1568647534875
1568647534890
1568647534904
1568647534919
1568647534934
1568647534948
1568647534963
1568647534979
1568647534993
1568647535008
1568647535022
1568647535037
1568647535049
1568647535062
1568647535076
1568647535091
1568647535105
1568647535118
1568647535131
1568647535144
1568647535157
1568647535170
1568647535182
1568647535197
1568647535212
1568647535226
1568647535239
1568647535251
1568647535264
1568647535276
1568647535289
1568647535305
1568647535319
1568647535334
1568647535346
1568647535359
1568647535372
1568647535387
1568647535400
1568647535413
1568647535426
1568647535439
1568647535453
1568647535467
1568647535480
1568647535494
1568647535507
1568647535521
