1568647565444
1568647565459
1568647565474
1568647565487
1568647565502
1568647565516
1568647565530
1568647565544
1568647565558
1568647565572
1568647565585
1568647565600
1568647565613
1568647565628
1568647565643
1568647565658
1568647565671
1568647565685
1568647565699
1568647565713
1568647565727
1568647565742
1568647565758
1568647565774
1568647565788
1568647565802
1568647565815
1568647565828
1568647565841
1568647565854
1568647565867
1568647565880
1568647565892
1568647565905
1568647565918
1568647565931
1568647565944
1568647565961
1568647565975
1568647565988
1568647566002
1568647566016
1568647566030
1568647566044
1568647566059
1568647566074
1568647566087
1568647566101
1568647566114
1568647566128
1568647566144
1568647566158
1568647566172
1568647566186
1568647566200
1568647566212
1568647566225
1568647566239
1568647566253
1568647566266
1568647566278
1568647566308
1568647566385
1568647566430
1568647566456
1568647566478
1568647566496
1568647566513
1568647566528
1568647566543
1568647566557
1568647566571
1568647566585
1568647566599
1568647566613
1568647566626
1568647566641
1568647566655
1568647566669
1568647566683
1568647566698
1568647566713
1568647566727
1568647566741
1568647566756
1568647566771
1568647566785
1568647566799
1568647566815
1568647566830
1568647566847
1568647566862
1568647566877
1568647566892
1568647566906
1568647566921
1568647566934
1568647566949
1568647566964
1568647566979
1568647566994
1568647567009
1568647567023
1568647567037
1568647567052
1568647567066
1568647567081
1568647567096
1568647567110
1568647567125
1568647567142
1568647567156
1568647567171
1568647567188
1568647567203
1568647567217
1568647567231
1568647567246
1568647567260
1568647567273
1568647567287
1568647567301
1568647567315
1568647567329
1568647567343
1568647567357
1568647567371
1568647567385
1568647567399
1568647567413
1568647567427
1568647567442
1568647567456
1568647567472
1568647567486
1568647567501
1568647567516
1568647567531
1568647567546
1568647567561
1568647567575
1568647567589
1568647567602
1568647567617
1568647567631
1568647567646
1568647567661
1568647567676
1568647567690
1568647567704
