1568647521388
1568647521400
1568647521414
1568647521426
1568647521439
1568647521451
1568647521464
1568647521476
1568647521489
1568647521502
1568647521515
1568647521528
1568647521540
1568647521554
1568647521567
1568647521580
1568647521592
1568647521605
1568647521617
1568647521630
1568647521643
1568647521655
1568647521668
1568647521681
1568647521694
1568647521707
1568647521720
1568647521733
1568647521745
1568647521758
1568647521771
1568647521784
1568647521797
1568647521810
1568647521822
1568647521835
1568647521848
1568647521861
1568647521874
1568647521890
1568647521903
1568647521917
1568647521930
1568647521943
1568647521958
1568647521972
1568647521985
1568647521999
1568647522012
1568647522027
1568647522041
1568647522055
1568647522070
1568647522084
1568647522098
1568647522113
1568647522127
1568647522140
1568647522154
1568647522167
1568647522180
1568647522195
1568647522209
1568647522223
1568647522236
1568647522250
1568647522264
1568647522277
1568647522290
1568647522303
1568647522316
1568647522330
1568647522343
1568647522358
1568647522372
1568647522386
1568647522400
1568647522415
1568647522429
1568647522442
1568647522456
1568647522470
1568647522483
1568647522496
1568647522511
1568647522527
1568647522543
1568647522557
1568647522571
1568647522585
1568647522600
1568647522614
1568647522628
1568647522641
1568647522655
1568647522668
1568647522682
1568647522698
1568647522713
1568647522727
1568647522742
1568647522757
1568647522772
1568647522786
1568647522799
1568647522813
1568647522828
1568647522842
1568647522857
1568647522873
1568647522887
1568647522901
1568647522914
1568647522928
1568647522941
1568647522955
1568647522968
1568647522982
1568647522997
1568647523011
1568647523024
1568647523039
1568647523052
1568647523065
1568647523078
1568647523092
1568647523105
1568647523118
1568647523132
1568647523145
1568647523158
1568647523172
1568647523185
1568647523200
1568647523214
1568647523229
1568647523243
1568647523258
1568647523271
1568647523285
1568647523298
1568647523312
1568647523326
1568647523339
1568647523351
1568647523366
1568647523378
1568647523392
1568647523404
1568647523417
