1568647553797
1568647553811
1568647553826
1568647553839
1568647553852
1568647553865
1568647553878
1568647553892
1568647553906
1568647553921
1568647553936
1568647553951
1568647553964
1568647553979
1568647553994
1568647554009
1568647554024
1568647554039
1568647554054
1568647554068
1568647554082
1568647554096
1568647554109
1568647554123
1568647554136
1568647554151
1568647554166
1568647554181
1568647554196
1568647554211
1568647554226
1568647554241
1568647554256
1568647554270
1568647554284
1568647554299
1568647554314
1568647554329
1568647554343
1568647554360
1568647554374
1568647554388
1568647554402
1568647554415
1568647554429
1568647554445
1568647554459
1568647554473
1568647554487
1568647554502
1568647554516
1568647554531
1568647554545
1568647554559
1568647554573
1568647554588
1568647554602
1568647554617
1568647554631
1568647554645
1568647554659
1568647554676
1568647554691
1568647554705
1568647554719
1568647554735
1568647554750
1568647554765
1568647554779
1568647554793
1568647554807
1568647554822
1568647554836
1568647554852
1568647554867
1568647554882
1568647554896
1568647554910
1568647554924
1568647554939
1568647554953
1568647554968
1568647554983
1568647554998
1568647555013
1568647555029
1568647555044
1568647555059
1568647555073
1568647555089
1568647555103
1568647555118
1568647555132
1568647555147
1568647555161
1568647555176
1568647555190
1568647555206
1568647555220
1568647555235
1568647555249
1568647555264
1568647555280
1568647555295
1568647555310
1568647555326
1568647555340
1568647555355
1568647555369
1568647555387
1568647555401
1568647555415
1568647555430
1568647555445
1568647555458
1568647555473
1568647555486
1568647555499
1568647555512
1568647555528
1568647555543
1568647555558
1568647555573
1568647555588
1568647555604
1568647555618
1568647555632
1568647555646
1568647555659
1568647555673
1568647555686
1568647555700
1568647555714
1568647555730
1568647555745
1568647555760
1568647555775
1568647555790
1568647555804
1568647555819
1568647555833
1568647555847
1568647555861
1568647555875
1568647555890
1568647555905
1568647555919
1568647555933
1568647555948
1568647555962
