1568647539611
1568647539624
1568647539639
1568647539652
1568647539664
1568647539677
1568647539691
1568647539704
1568647539717
1568647539731
1568647539745
1568647539758
1568647539771
1568647539784
1568647539796
1568647539809
1568647539821
1568647539834
1568647539846
1568647539859
1568647539872
1568647539886
1568647539900
1568647539913
1568647539926
1568647539942
1568647539957
1568647539971
1568647539986
1568647540000
1568647540014
1568647540028
1568647540042
1568647540057
1568647540070
1568647540083
1568647540096
1568647540110
1568647540124
1568647540138
1568647540151
1568647540164
1568647540177
1568647540191
1568647540204
1568647540218
1568647540231
1568647540245
1568647540259
1568647540274
1568647540288
1568647540302
1568647540315
1568647540329
1568647540344
1568647540360
1568647540373
1568647540387
1568647540401
1568647540415
1568647540430
1568647540446
1568647540460
1568647540474
1568647540487
1568647540501
1568647540517
1568647540532
1568647540546
1568647540560
1568647540573
1568647540587
1568647540602
1568647540617
1568647540631
1568647540646
1568647540660
1568647540675
1568647540689
1568647540703
1568647540717
1568647540731
1568647540745
1568647540759
1568647540772
1568647540787
1568647540801
1568647540816
1568647540830
1568647540845
1568647540859
1568647540874
1568647540889
1568647540903
1568647540918
1568647540932
1568647540947
1568647540962
1568647540976
1568647540990
1568647541005
1568647541019
1568647541033
1568647541048
1568647541063
1568647541077
1568647541091
1568647541107
1568647541122
1568647541137
1568647541151
1568647541165
1568647541179
1568647541192
1568647541206
1568647541221
1568647541235
1568647541249
1568647541264
1568647541279
1568647541293
1568647541308
1568647541322
1568647541336
1568647541350
1568647541365
1568647541379
1568647541394
1568647541408
1568647541421
1568647541435
1568647541448
1568647541461
1568647541475
1568647541491
1568647541507
1568647541521
1568647541537
1568647541551
1568647541565
1568647541578
1568647541591
1568647541604
1568647541618
1568647541632
1568647541647
1568647541660
1568647541674
1568647541688
1568647541702
