1568647545867
1568647545880
1568647545895
1568647545908
1568647545921
1568647545934
1568647545946
1568647545960
1568647545972
1568647545985
1568647545998
1568647546011
1568647546024
1568647546038
1568647546053
1568647546066
1568647546080
1568647546094
1568647546107
1568647546121
1568647546133
1568647546148
1568647546162
1568647546176
1568647546191
1568647546206
1568647546220
1568647546235
1568647546249
1568647546263
1568647546277
1568647546290
1568647546303
1568647546317
1568647546330
1568647546344
1568647546359
1568647546415
1568647546454
1568647546480
1568647546501
1568647546521
1568647546538
1568647546553
1568647546567
1568647546581
1568647546595
1568647546608
1568647546621
1568647546637
1568647546651
1568647546665
1568647546678
1568647546692
1568647546705
1568647546718
1568647546732
1568647546745
1568647546758
1568647546772
1568647546785
1568647546801
1568647546815
1568647546829
1568647546843
1568647546859
1568647546873
1568647546888
1568647546902
1568647546915
1568647546929
1568647546943
1568647546956
1568647546971
1568647546985
1568647547000
1568647547014
1568647547030
1568647547043
1568647547058
1568647547072
1568647547087
1568647547101
1568647547114
1568647547128
1568647547144
1568647547158
1568647547173
1568647547188
1568647547203
1568647547217
1568647547233
1568647547247
1568647547262
1568647547277
1568647547293
1568647547306
1568647547322
1568647547336
1568647547352
1568647547366
1568647547381
1568647547395
1568647547410
1568647547424
1568647547439
1568647547453
1568647547468
1568647547481
1568647547497
1568647547512
1568647547526
1568647547540
1568647547554
1568647547568
1568647547583
1568647547598
1568647547611
1568647547625
1568647547639
1568647547653
1568647547668
1568647547682
1568647547696
1568647547710
1568647547724
1568647547739
1568647547753
1568647547767
1568647547782
1568647547796
1568647547809
1568647547822
1568647547836
1568647547850
1568647547864
1568647547877
1568647547890
1568647547904
1568647547918
1568647547932
1568647547947
1568647547961
1568647547975
1568647547989
1568647548003
1568647548016
1568647548030
1568647548043
1568647548058
