1568647567148
1568647567162
1568647567178
1568647567194
1568647567208
1568647567222
1568647567235
1568647567248
1568647567262
1568647567275
1568647567288
1568647567301
1568647567314
1568647567328
1568647567342
1568647567356
1568647567370
1568647567385
1568647567399
1568647567413
1568647567427
1568647567441
1568647567455
1568647567470
1568647567484
1568647567499
1568647567514
1568647567529
1568647567543
1568647567557
1568647567571
1568647567585
1568647567597
1568647567612
1568647567625
1568647567639
1568647567653
1568647567668
1568647567682
1568647567697
1568647567711
1568647567726
1568647567739
1568647567752
1568647567765
1568647567778
1568647567791
1568647567805
1568647567820
1568647567835
1568647567850
1568647567866
1568647567879
1568647567893
1568647567907
1568647567921
1568647567934
1568647567948
1568647567962
1568647567976
1568647567988
1568647568072
1568647568111
1568647568140
1568647568163
1568647568183
1568647568199
1568647568216
1568647568231
1568647568246
1568647568260
1568647568273
1568647568285
1568647568299
1568647568312
1568647568324
1568647568336
1568647568349
1568647568362
1568647568375
1568647568387
1568647568400
1568647568412
1568647568425
1568647568437
1568647568451
1568647568464
1568647568476
1568647568488
1568647568501
1568647568513
1568647568526
1568647568538
1568647568551
1568647568564
1568647568577
1568647568589
1568647568603
1568647568616
1568647568629
1568647568642
1568647568655
1568647568667
1568647568679
1568647568692
1568647568705
1568647568717
1568647568730
1568647568743
1568647568756
1568647568769
1568647568782
1568647568795
1568647568808
1568647568821
1568647568834
1568647568846
1568647568860
1568647568872
1568647568885
1568647568897
1568647568910
1568647568922
1568647568935
1568647568947
1568647568960
1568647568972
1568647568985
1568647568998
1568647569010
1568647569023
1568647569036
1568647569049
1568647569063
1568647569076
1568647569089
1568647569101
1568647569113
1568647569125
1568647569139
1568647569152
1568647569166
1568647569179
1568647569193
1568647569207
1568647569221
1568647569235
1568647569249
1568647569263
1568647569276
