1568908448728
1568908448740
1568908448754
1568908448767
1568908448780
1568908448793
1568908448806
1568908448818
1568908448831
1568908448844
1568908448856
1568908448870
1568908448883
1568908448897
1568908448909
1568908448923
1568908448935
1568908448948
1568908448961
1568908448974
1568908448987
1568908449000
1568908449013
1568908449026
1568908449040
1568908449054
1568908449067
1568908449080
1568908449093
1568908449107
1568908449119
1568908449132
1568908449145
1568908449159
1568908449172
1568908449185
1568908449199
1568908449215
1568908449230
1568908449244
1568908449260
1568908449274
1568908449289
1568908449303
1568908449319
1568908449333
1568908449347
1568908449362
1568908449376
1568908449393
1568908449408
1568908449422
1568908449437
1568908449452
1568908449466
1568908449480
1568908449494
1568908449508
1568908449521
1568908449536
1568908449549
1568908449564
1568908449578
1568908449592
1568908449605
1568908449619
1568908449633
1568908449648
1568908449661
1568908449675
1568908449687
1568908449700
1568908449714
1568908449729
1568908449742
1568908449756
1568908449770
1568908449784
1568908449797
1568908449810
1568908449823
1568908449837
1568908449850
1568908449863
1568908449878
1568908449893
1568908449907
1568908449921
1568908449934
1568908449948
1568908449961
1568908449975
1568908449988
1568908450001
1568908450014
1568908450027
1568908450041
1568908450055
1568908450069
1568908450083
1568908450097
1568908450111
1568908450124
1568908450138
1568908450152
1568908450166
1568908450179
1568908450194
1568908450208
1568908450223
1568908450237
1568908450251
1568908450264
1568908450277
1568908450291
1568908450304
1568908450317
1568908450331
1568908450345
1568908450359
1568908450373
1568908450387
1568908450401
1568908450415
1568908450428
1568908450442
1568908450455
1568908450469
1568908450483
1568908450497
1568908450511
1568908450525
1568908450539
1568908450554
1568908450568
1568908450581
1568908450594
1568908450608
1568908450621
1568908450634
1568908450647
1568908450661
1568908450674
1568908450687
1568908450700
1568908450714
1568908450728
1568908450741
1568908450754
1568908450766
