1568908466330
1568908466345
1568908466360
1568908466373
1568908466386
1568908466400
1568908466413
1568908466426
1568908466439
1568908466452
1568908466465
1568908466478
1568908466492
1568908466506
1568908466519
1568908466533
1568908466546
1568908466559
1568908466572
1568908466586
1568908466599
1568908466612
1568908466625
1568908466638
1568908466651
1568908466665
1568908466679
1568908466693
1568908466706
1568908466720
1568908466733
1568908466746
1568908466759
1568908466773
1568908466786
1568908466799
1568908466812
1568908466826
1568908466840
1568908466855
1568908466869
1568908466883
1568908466898
1568908466912
1568908466926
1568908466941
1568908466955
1568908466972
1568908466987
1568908467003
1568908467017
1568908467032
1568908467046
1568908467060
1568908467073
1568908467089
1568908467103
1568908467119
1568908467133
1568908467149
1568908467163
1568908467178
1568908467192
1568908467208
1568908467222
1568908467237
1568908467251
1568908467267
1568908467282
1568908467297
1568908467311
1568908467327
1568908467342
1568908467356
1568908467371
1568908467385
1568908467400
1568908467414
1568908467428
1568908467443
1568908467457
1568908467472
1568908467486
1568908467501
1568908467515
1568908467531
1568908467546
1568908467562
1568908467576
1568908467591
1568908467605
1568908467620
1568908467635
1568908467650
1568908467665
1568908467679
1568908467693
1568908467708
1568908467723
1568908467739
1568908467753
1568908467768
1568908467783
1568908467798
1568908467812
1568908467826
1568908467840
1568908467855
1568908467870
1568908467885
1568908467899
1568908467914
1568908467927
1568908467943
1568908467958
1568908467973
1568908467990
1568908468004
1568908468018
1568908468032
1568908468045
1568908468059
1568908468073
1568908468086
1568908468099
1568908468113
1568908468126
1568908468139
1568908468153
1568908468166
1568908468180
1568908468194
1568908468207
1568908468221
1568908468235
1568908468248
1568908468261
1568908468274
1568908468288
1568908468301
1568908468315
1568908468328
1568908468341
1568908468354
1568908468368
1568908468382
1568908468397
1568908468410
1568908468423
1568908468437
