1568908425793
1568908425807
1568908425821
1568908425833
1568908425845
1568908425857
1568908425869
1568908425881
1568908425893
1568908425906
1568908425918
1568908425931
1568908425943
1568908425956
1568908425968
1568908425980
1568908425992
1568908426004
1568908426017
1568908426029
1568908426041
1568908426053
1568908426065
1568908426077
1568908426089
1568908426103
1568908426115
1568908426127
1568908426139
1568908426152
1568908426164
1568908426177
1568908426190
1568908426203
1568908426216
1568908426228
1568908426241
1568908426255
1568908426267
1568908426281
1568908426294
1568908426307
1568908426318
1568908426330
1568908426342
1568908426355
1568908426367
1568908426381
1568908426412
1568908426430
1568908426444
1568908426457
1568908426470
1568908426483
1568908426496
1568908426510
1568908426538
1568908426551
1568908426564
1568908426577
1568908426590
1568908426603
1568908426615
1568908426627
1568908426639
1568908426652
1568908426665
1568908426678
1568908426690
1568908426703
1568908426716
1568908426729
1568908426742
1568908426756
1568908426768
1568908426781
1568908426795
1568908426807
1568908426820
1568908426833
1568908426846
1568908426858
1568908426871
1568908426885
1568908426897
1568908426911
1568908426924
1568908426937
1568908426950
1568908426964
1568908426976
1568908426989
1568908427002
1568908427015
1568908427027
1568908427040
1568908427054
1568908427067
1568908427083
1568908427097
1568908427110
1568908427124
1568908427137
1568908427150
1568908427164
1568908427178
1568908427191
1568908427205
1568908427218
1568908427233
1568908427247
1568908427260
1568908427275
1568908427289
1568908427303
1568908427316
1568908427328
1568908427341
1568908427353
1568908427365
1568908427378
1568908427391
1568908427403
1568908427417
1568908427429
1568908427442
1568908427455
1568908427468
1568908427480
1568908427492
1568908427505
1568908427518
1568908427530
1568908427544
1568908427558
1568908427570
1568908427584
1568908427596
1568908427609
1568908427622
1568908427635
1568908427648
1568908427661
1568908427673
1568908427686
1568908427700
1568908427712
1568908427725
1568908427737
1568908427749
