1568908421158
1568908421173
1568908421186
1568908421198
1568908421210
1568908421222
1568908421234
1568908421247
1568908421259
1568908421271
1568908421284
1568908421297
1568908421309
1568908421323
1568908421337
1568908421351
1568908421365
1568908421379
1568908421393
1568908421405
1568908421419
1568908421431
1568908421444
1568908421457
1568908421469
1568908421483
1568908421496
1568908421510
1568908421524
1568908421537
1568908421550
1568908421564
1568908421577
1568908421592
1568908421605
1568908421618
1568908421631
1568908421644
1568908421658
1568908421671
1568908421684
1568908421697
1568908421710
1568908421723
1568908421736
1568908421749
1568908421762
1568908421776
1568908421788
1568908421802
1568908421815
1568908421828
1568908421841
1568908421855
1568908421867
1568908421882
1568908421895
1568908421908
1568908421921
1568908421933
1568908421946
1568908421959
1568908421972
1568908421985
1568908421998
1568908422012
1568908422025
1568908422038
1568908422051
1568908422063
1568908422075
1568908422088
1568908422100
1568908422114
1568908422129
1568908422142
1568908422156
1568908422170
1568908422184
1568908422198
1568908422212
1568908422225
1568908422239
1568908422253
1568908422268
1568908422283
1568908422298
1568908422312
1568908422326
1568908422340
1568908422355
1568908422369
1568908422383
1568908422398
1568908422411
1568908422425
1568908422439
1568908422455
1568908422468
1568908422482
1568908422496
1568908422509
1568908422522
1568908422536
1568908422550
1568908422564
1568908422578
1568908422592
1568908422606
1568908422622
1568908422635
1568908422650
1568908422663
1568908422678
1568908422691
1568908422703
1568908422716
1568908422728
1568908422741
1568908422753
1568908422766
1568908422779
1568908422792
1568908422805
1568908422817
1568908422830
1568908422843
1568908422856
1568908422868
1568908422880
1568908422892
1568908422904
1568908422916
1568908422931
1568908422944
1568908422956
1568908422968
1568908422981
1568908422993
1568908423005
1568908423018
1568908423031
1568908423043
1568908423055
1568908423067
1568908423081
1568908423094
1568908423106
1568908423119
1568908423131
