1568908428846
1568908428859
1568908428873
1568908428885
1568908428897
1568908428909
1568908428921
1568908428933
1568908428945
1568908428958
1568908428970
1568908428983
1568908428995
1568908429008
1568908429020
1568908429033
1568908429046
1568908429059
1568908429071
1568908429084
1568908429096
1568908429109
1568908429122
1568908429135
1568908429147
1568908429161
1568908429173
1568908429186
1568908429198
1568908429210
1568908429222
1568908429234
1568908429247
1568908429259
1568908429272
1568908429284
1568908429297
1568908429310
1568908429324
1568908429337
1568908429350
1568908429364
1568908429377
1568908429390
1568908429403
1568908429416
1568908429429
1568908429442
1568908429455
1568908429470
1568908429484
1568908429497
1568908429509
1568908429522
1568908429535
1568908429548
1568908429562
1568908429574
1568908429587
1568908429600
1568908429613
1568908429627
1568908429640
1568908429654
1568908429667
1568908429681
1568908429693
1568908429706
1568908429718
1568908429732
1568908429745
1568908429758
1568908429771
1568908429785
1568908429798
1568908429811
1568908429823
1568908429838
1568908429851
1568908429864
1568908429878
1568908429891
1568908429904
1568908429918
1568908429933
1568908429947
1568908429960
1568908429973
1568908429987
1568908430001
1568908430014
1568908430027
1568908430040
1568908430054
1568908430067
1568908430081
1568908430094
1568908430108
1568908430121
1568908430134
1568908430147
1568908430159
1568908430172
1568908430185
1568908430198
1568908430211
1568908430224
1568908430237
1568908430251
1568908430266
1568908430279
1568908430293
1568908430307
1568908430320
1568908430334
1568908430347
1568908430360
1568908430372
1568908430384
1568908430395
1568908430407
1568908430420
1568908430432
1568908430445
1568908430457
1568908430469
1568908430481
1568908430494
1568908430507
1568908430520
1568908430533
1568908430547
1568908430560
1568908430574
1568908430586
1568908430599
1568908430612
1568908430625
1568908430638
1568908430651
1568908430663
1568908430676
1568908430689
1568908430703
1568908430716
1568908430729
1568908430742
1568908430755
1568908430769
1568908430782
