1568908427322
1568908427335
1568908427349
1568908427362
1568908427374
1568908427386
1568908427398
1568908427410
1568908427422
1568908427434
1568908427447
1568908427459
1568908427471
1568908427484
1568908427497
1568908427509
1568908427522
1568908427535
1568908427547
1568908427559
1568908427571
1568908427584
1568908427595
1568908427607
1568908427619
1568908427632
1568908427646
1568908427658
1568908427670
1568908427683
1568908427695
1568908427708
1568908427721
1568908427734
1568908427746
1568908427759
1568908427771
1568908427784
1568908427797
1568908427810
1568908427822
1568908427835
1568908427848
1568908427861
1568908427874
1568908427888
1568908427901
1568908427914
1568908427927
1568908427941
1568908427954
1568908427968
1568908427982
1568908427995
1568908428007
1568908428021
1568908428034
1568908428047
1568908428060
1568908428073
1568908428086
1568908428099
1568908428112
1568908428125
1568908428138
1568908428151
1568908428163
1568908428177
1568908428190
1568908428203
1568908428216
1568908428229
1568908428243
1568908428257
1568908428270
1568908428284
1568908428298
1568908428311
1568908428325
1568908428340
1568908428354
1568908428369
1568908428383
1568908428398
1568908428411
1568908428426
1568908428439
1568908428454
1568908428467
1568908428484
1568908428498
1568908428513
1568908428527
1568908428541
1568908428554
1568908428568
1568908428582
1568908428597
1568908428610
1568908428625
1568908428638
1568908428652
1568908428665
1568908428679
1568908428691
1568908428705
1568908428718
1568908428731
1568908428744
1568908428758
1568908428771
1568908428784
1568908428797
1568908428811
1568908428823
1568908428836
1568908428848
1568908428860
1568908428872
1568908428884
1568908428896
1568908428909
1568908428921
1568908428933
1568908428945
1568908428957
1568908428968
1568908428980
1568908428993
1568908429005
1568908429018
1568908429030
1568908429044
1568908429058
1568908429071
1568908429083
1568908429096
1568908429112
1568908429125
1568908429137
1568908429150
1568908429162
1568908429175
1568908429187
1568908429199
1568908429212
1568908429224
1568908429237
1568908429249
1568908429262
