1568907647207
1568907647222
1568907647240
1568907647256
1568907647271
1568907647286
1568907647301
1568907647315
1568907647329
1568907647344
1568907647359
1568907647374
1568907647388
1568907647402
1568907647416
1568907647430
1568907647445
1568907647461
1568907647476
1568907647491
1568907647507
1568907647521
1568907647534
1568907647547
1568907647560
1568907647575
1568907647590
1568907647607
1568907647622
1568907647637
1568907647652
1568907647667
1568907647681
1568907647695
1568907647708
1568907647723
1568907647739
1568907647755
1568907647770
1568907647784
1568907647800
1568907647815
1568907647830
1568907647847
1568907647862
1568907647877
1568907647892
1568907647912
1568907647930
1568907647946
1568907647963
1568907647977
1568907647993
1568907648009
1568907648023
1568907648039
1568907648059
1568907648077
1568907648094
1568907648110
1568907648124
1568907648142
1568907648158
1568907648177
1568907648192
1568907648207
1568907648221
1568907648235
1568907648251
1568907648266
1568907648282
1568907648299
1568907648314
1568907648331
1568907648347
1568907648362
1568907648377
1568907648393
1568907648410
1568907648425
1568907648441
1568907648458
1568907648473
1568907648487
1568907648502
1568907648519
1568907648536
1568907648553
1568907648568
1568907648583
1568907648597
1568907648613
1568907648628
1568907648643
1568907648657
1568907648673
1568907648688
1568907648704
1568907648720
1568907648734
1568907648749
1568907648765
1568907648781
1568907648796
1568907648811
1568907648826
1568907648840
1568907648855
1568907648870
1568907648885
1568907648900
1568907648917
1568907648932
1568907648948
1568907648963
1568907648979
1568907648996
1568907649011
1568907649025
1568907649039
1568907649054
1568907649070
1568907649085
1568907649100
1568907649115
1568907649129
1568907649145
1568907649160
1568907649174
1568907649188
1568907649201
1568907649215
1568907649229
1568907649243
1568907649257
1568907649273
1568907649286
1568907649299
1568907649312
1568907649326
1568907649340
1568907649356
1568907649373
1568907649392
1568907649407
1568907649424
1568907649438
1568907649454
1568907649471
1568907649486
