1568907621985
1568907622003
1568907622019
1568907622035
1568907622049
1568907622064
1568907622079
1568907622094
1568907622110
1568907622124
1568907622137
1568907622153
1568907622167
1568907622184
1568907622199
1568907622214
1568907622229
1568907622245
1568907622259
1568907622275
1568907622290
1568907622305
1568907622318
1568907622332
1568907622347
1568907622362
1568907622376
1568907622390
1568907622406
1568907622421
1568907622437
1568907622452
1568907622467
1568907622485
1568907622500
1568907622517
1568907622531
1568907622546
1568907622560
1568907622577
1568907622597
1568907622615
1568907622631
1568907622649
1568907622664
1568907622680
1568907622695
1568907622710
1568907622727
1568907622742
1568907622757
1568907622774
1568907622790
1568907622806
1568907622821
1568907622837
1568907622854
1568907622872
1568907622887
1568907622904
1568907622920
1568907622939
1568907622957
1568907622976
1568907622992
1568907623008
1568907623024
1568907623039
1568907623054
1568907623070
1568907623088
1568907623105
1568907623120
1568907623137
1568907623152
1568907623169
1568907623186
1568907623202
1568907623218
1568907623233
1568907623249
1568907623267
1568907623285
1568907623301
1568907623317
1568907623333
1568907623348
1568907623365
1568907623381
1568907623397
1568907623414
1568907623431
1568907623447
1568907623463
1568907623478
1568907623493
1568907623509
1568907623528
1568907623542
1568907623557
1568907623573
1568907623589
1568907623604
1568907623620
1568907623637
1568907623652
1568907623668
1568907623683
1568907623698
1568907623714
1568907623730
1568907623745
1568907623759
1568907623774
1568907623791
1568907623808
1568907623824
1568907623841
1568907623857
1568907623872
1568907623886
1568907623902
1568907623916
1568907623931
1568907623946
1568907623963
1568907623979
1568907623993
1568907624006
1568907624020
1568907624034
1568907624048
1568907624062
1568907624076
1568907624089
1568907624103
1568907624117
1568907624132
1568907624148
1568907624165
1568907624181
1568907624199
1568907624214
1568907624229
1568907624242
1568907624255
1568907624270
1568907624288
1568907624302
1568907624318
