1568907615072
1568907615089
1568907615106
1568907615121
1568907615135
1568907615150
1568907615164
1568907615181
1568907615196
1568907615211
1568907615225
1568907615241
1568907615259
1568907615276
1568907615291
1568907615305
1568907615318
1568907615332
1568907615347
1568907615360
1568907615373
1568907615387
1568907615402
1568907615416
1568907615430
1568907615444
1568907615458
1568907615473
1568907615488
1568907615503
1568907615517
1568907615532
1568907615548
1568907615563
1568907615577
1568907615594
1568907615608
1568907615622
1568907615637
1568907615650
1568907615663
1568907615676
1568907615690
1568907615707
1568907615721
1568907615735
1568907615749
1568907615766
1568907615781
1568907615797
1568907615813
1568907615827
1568907615843
1568907615859
1568907615873
1568907615887
1568907615900
1568907615914
1568907615928
1568907615947
1568907615963
1568907615978
1568907615992
1568907616006
1568907616020
1568907616035
1568907616051
1568907616067
1568907616081
1568907616096
1568907616111
1568907616127
1568907616142
1568907616156
1568907616171
1568907616187
1568907616202
1568907616216
1568907616231
1568907616247
1568907616263
1568907616278
1568907616293
1568907616309
1568907616324
1568907616340
1568907616357
1568907616372
1568907616405
1568907616424
1568907616445
1568907616465
1568907616482
1568907616500
1568907616518
1568907616548
1568907616563
1568907616639
1568907616679
1568907616712
1568907616734
1568907616754
1568907616772
1568907616789
1568907616805
1568907616820
1568907616834
1568907616848
1568907616861
1568907616877
1568907616892
1568907616908
1568907616924
1568907616939
1568907616954
1568907616970
1568907616984
1568907616998
1568907617011
1568907617025
1568907617042
1568907617058
1568907617074
1568907617090
1568907617105
1568907617121
1568907617136
1568907617152
1568907617169
1568907617183
1568907617197
1568907617210
1568907617223
1568907617237
1568907617253
1568907617267
1568907617280
1568907617293
1568907617307
1568907617375
1568907617431
1568907617466
1568907617486
1568907617505
1568907617523
1568907617539
1568907617555
1568907617568
1568907617581
1568907617593
