1568907630534
1568907630548
1568907630566
1568907630583
1568907630599
1568907630615
1568907630632
1568907630648
1568907630663
1568907630679
1568907630693
1568907630707
1568907630721
1568907630737
1568907630752
1568907630766
1568907630782
1568907630797
1568907630811
1568907630824
1568907630837
1568907630850
1568907630863
1568907630876
1568907630891
1568907630906
1568907630919
1568907630932
1568907630945
1568907630960
1568907630976
1568907630991
1568907631005
1568907631019
1568907631033
1568907631049
1568907631066
1568907631083
1568907631097
1568907631111
1568907631125
1568907631139
1568907631155
1568907631169
1568907631183
1568907631196
1568907631211
1568907631228
1568907631243
1568907631260
1568907631275
1568907631293
1568907631308
1568907631322
1568907631335
1568907631348
1568907631361
1568907631425
1568907631471
1568907631502
1568907631531
1568907631557
1568907631579
1568907631598
1568907631613
1568907631627
1568907631642
1568907631694
1568907631746
1568907631781
1568907631809
1568907631829
1568907631847
1568907631865
1568907631881
1568907631896
1568907631910
1568907631925
1568907631939
1568907631955
1568907631969
1568907631984
1568907631998
1568907632014
1568907632029
1568907632045
1568907632061
1568907632075
1568907632089
1568907632127
1568907632188
1568907632228
1568907632257
1568907632279
1568907632297
1568907632314
1568907632329
1568907632346
1568907632360
1568907632374
1568907632389
1568907632403
1568907632416
1568907632430
1568907632445
1568907632460
1568907632474
1568907632489
1568907632503
1568907632517
1568907632530
1568907632546
1568907632562
1568907632577
1568907632590
1568907632603
1568907632618
1568907632634
1568907632648
1568907632663
1568907632679
1568907632695
1568907632708
1568907632724
1568907632739
1568907632754
1568907632767
1568907632782
1568907632798
1568907632815
1568907632829
1568907632843
1568907632856
1568907632870
1568907632887
1568907632903
1568907632918
1568907632937
1568907632952
1568907632969
1568907632984
1568907632997
1568907633013
1568907633030
1568907633045
1568907633063
1568907633078
1568907633092
1568907633110
1568907633126
