1568907611777
1568907611792
1568907611806
1568907611820
1568907611834
1568907611848
1568907611862
1568907611878
1568907611893
1568907611907
1568907611921
1568907611934
1568907611950
1568907611966
1568907611981
1568907611995
1568907612008
1568907612023
1568907612038
1568907612052
1568907612065
1568907612078
1568907612091
1568907612104
1568907612118
1568907612133
1568907612147
1568907612161
1568907612176
1568907612192
1568907612206
1568907612221
1568907612236
1568907612250
1568907612265
1568907612278
1568907612291
1568907612305
1568907612319
1568907612334
1568907612348
1568907612363
1568907612378
1568907612393
1568907612406
1568907612419
1568907612433
1568907612446
1568907612459
1568907612474
1568907612488
1568907612503
1568907612518
1568907612534
1568907612549
1568907612563
1568907612576
1568907612590
1568907612603
1568907612617
1568907612630
1568907612645
1568907612660
1568907612674
1568907612687
1568907612700
1568907612713
1568907612728
1568907612744
1568907612760
1568907612775
1568907612789
1568907612803
1568907612820
1568907612835
1568907612849
1568907612864
1568907612880
1568907612895
1568907612910
1568907612925
1568907612941
1568907612955
1568907612970
1568907612986
1568907613003
1568907613019
1568907613034
1568907613050
1568907613066
1568907613082
1568907613098
1568907613112
1568907613127
1568907613142
1568907613158
1568907613173
1568907613188
1568907613204
1568907613219
1568907613234
1568907613249
1568907613266
1568907613281
1568907613296
1568907613310
1568907613324
1568907613340
1568907613355
1568907613372
1568907613388
1568907613404
1568907613417
1568907613432
1568907613446
1568907613460
1568907613474
1568907613489
1568907613503
1568907613518
1568907613531
1568907613546
1568907613560
1568907613576
1568907613589
1568907613603
1568907613617
1568907613635
1568907613650
1568907613664
1568907613678
1568907613695
1568907613710
1568907613726
1568907613741
1568907613755
1568907613771
1568907613785
1568907613799
1568907613814
1568907613829
1568907613845
1568907613859
1568907613873
1568907613888
1568907613904
1568907613919
1568907613933
1568907613946
1568907613959
