1568907637371
1568907637388
1568907637404
1568907637419
1568907637433
1568907637446
1568907637459
1568907637471
1568907637484
1568907637497
1568907637510
1568907637523
1568907637538
1568907637554
1568907637569
1568907637582
1568907637595
1568907637609
1568907637622
1568907637635
1568907637650
1568907637666
1568907637681
1568907637697
1568907637711
1568907637725
1568907637738
1568907637753
1568907637768
1568907637783
1568907637796
1568907637812
1568907637825
1568907637839
1568907637852
1568907637866
1568907637881
1568907637897
1568907637910
1568907637926
1568907637941
1568907637956
1568907637971
1568907637986
1568907638003
1568907638022
1568907638038
1568907638053
1568907638066
1568907638080
1568907638140
1568907638201
1568907638240
1568907638265
1568907638283
1568907638301
1568907638316
1568907638332
1568907638346
1568907638360
1568907638372
1568907638387
1568907638401
1568907638415
1568907638433
1568907638449
1568907638465
1568907638480
1568907638495
1568907638510
1568907638526
1568907638540
1568907638556
1568907638574
1568907638590
1568907638605
1568907638620
1568907638634
1568907638647
1568907638662
1568907638678
1568907638694
1568907638710
1568907638726
1568907638742
1568907638757
1568907638772
1568907638788
1568907638805
1568907638822
1568907638839
1568907638856
1568907638871
1568907638888
1568907638904
1568907638920
1568907638935
1568907638952
1568907638967
1568907638981
1568907638995
1568907639011
1568907639026
1568907639042
1568907639056
1568907639071
1568907639085
1568907639100
1568907639116
1568907639132
1568907639148
1568907639164
1568907639180
1568907639196
1568907639212
1568907639227
1568907639240
1568907639253
1568907639267
1568907639280
1568907639293
1568907639307
1568907639322
1568907639337
1568907639351
1568907639364
1568907639378
1568907639393
1568907639407
1568907639423
1568907639439
1568907639456
1568907639471
1568907639486
1568907639501
1568907639521
1568907639537
1568907639552
1568907639568
1568907639584
1568907639599
1568907639616
1568907639631
1568907639644
1568907639658
1568907639676
1568907639691
1568907639707
1568907639722
1568907639736
