1568907625503
1568907625535
1568907625558
1568907625575
1568907625591
1568907625605
1568907625618
1568907625631
1568907625645
1568907625659
1568907625673
1568907625686
1568907625700
1568907625714
1568907625727
1568907625741
1568907625756
1568907625772
1568907625786
1568907625799
1568907625815
1568907625831
1568907625845
1568907625860
1568907625876
1568907625891
1568907625905
1568907625920
1568907625933
1568907625946
1568907625958
1568907625971
1568907625985
1568907626001
1568907626017
1568907626031
1568907626044
1568907626060
1568907626076
1568907626090
1568907626103
1568907626116
1568907626131
1568907626149
1568907626163
1568907626178
1568907626191
1568907626204
1568907626218
1568907626234
1568907626248
1568907626263
1568907626281
1568907626298
1568907626313
1568907626328
1568907626343
1568907626357
1568907626369
1568907626383
1568907626399
1568907626416
1568907626431
1568907626445
1568907626462
1568907626479
1568907626495
1568907626510
1568907626525
1568907626540
1568907626556
1568907626572
1568907626587
1568907626604
1568907626618
1568907626634
1568907626648
1568907626662
1568907626677
1568907626693
1568907626709
1568907626728
1568907626745
1568907626761
1568907626777
1568907626793
1568907626812
1568907626831
1568907626848
1568907626866
1568907626885
1568907626903
1568907626919
1568907626936
1568907626952
1568907626968
1568907626983
1568907626999
1568907627015
1568907627032
1568907627048
1568907627063
1568907627079
1568907627094
1568907627109
1568907627125
1568907627142
1568907627157
1568907627173
1568907627190
1568907627206
1568907627221
1568907627236
1568907627254
1568907627270
1568907627286
1568907627300
1568907627314
1568907627327
1568907627342
1568907627358
1568907627375
1568907627391
1568907627406
1568907627421
1568907627438
1568907627453
1568907627467
1568907627481
1568907627496
1568907627511
1568907627527
1568907627540
1568907627558
1568907627572
1568907627589
1568907627605
1568907627620
1568907627636
1568907627651
1568907627668
1568907627683
1568907627701
1568907627718
1568907627735
1568907627750
1568907627766
1568907627783
1568907627797
1568907627812
