1568907658337
1568907658355
1568907658373
1568907658389
1568907658405
1568907658420
1568907658438
1568907658457
1568907658473
1568907658488
1568907658503
1568907658520
1568907658537
1568907658554
1568907658570
1568907658585
1568907658602
1568907658618
1568907658636
1568907658651
1568907658668
1568907658686
1568907658703
1568907658728
1568907658748
1568907658770
1568907658788
1568907658809
1568907658834
1568907658853
1568907658872
1568907658888
1568907658906
1568907658924
1568907658940
1568907658958
1568907658972
1568907658986
1568907658999
1568907659012
1568907659026
1568907659040
1568907659056
1568907659072
1568907659088
1568907659103
1568907659117
1568907659135
1568907659150
1568907659169
1568907659184
1568907659203
1568907659220
1568907659235
1568907659252
1568907659267
1568907659282
1568907659301
1568907659318
1568907659338
1568907659354
1568907659370
1568907659385
1568907659400
1568907659416
1568907659431
1568907659445
1568907659458
1568907659471
1568907659484
1568907659497
1568907659510
1568907659524
1568907659539
1568907659553
1568907659567
1568907659581
1568907659594
1568907659607
1568907659619
1568907659661
1568907659713
1568907659747
1568907659775
1568907659795
1568907659814
1568907659830
1568907659846
1568907659860
1568907659875
1568907659888
1568907659900
1568907659913
1568907659926
1568907659940
1568907659954
1568907659969
1568907659984
1568907659996
1568907660010
1568907660024
1568907660038
1568907660052
1568907660066
1568907660080
1568907660095
1568907660111
1568907660127
1568907660142
1568907660158
1568907660173
1568907660188
1568907660202
1568907660219
1568907660233
1568907660246
1568907660259
1568907660273
1568907660288
1568907660302
1568907660317
1568907660334
1568907660350
1568907660365
1568907660380
1568907660394
1568907660409
1568907660424
1568907660438
1568907660455
1568907660471
1568907660486
1568907660502
1568907660517
1568907660531
1568907660545
1568907660560
1568907660576
1568907660590
1568907660604
1568907660621
1568907660635
1568907660649
1568907660663
1568907660678
1568907660694
1568907660709
1568907660724
1568907660739
1568907660756
