1568391835193
1568391835206
1568391835221
1568391835234
1568391835248
1568391835262
1568391835275
1568391835288
1568391835302
1568391835316
1568391835329
1568391835343
1568391835357
1568391835371
1568391835384
1568391835399
1568391835413
1568391835426
1568391835439
1568391835451
1568391835462
1568391835475
1568391835488
1568391835501
1568391835515
1568391835530
1568391835545
1568391835559
1568391835573
1568391835586
1568391835599
1568391835612
1568391835626
1568391835641
1568391835654
1568391835666
1568391835679
1568391835693
1568391835705
1568391835718
1568391835730
1568391835743
1568391835756
1568391835769
1568391835780
1568391835792
1568391835805
1568391835818
1568391835831
1568391835844
1568391835857
1568391835870
1568391835883
1568391835897
1568391835909
1568391835922
1568391835934
1568391835947
1568391835959
1568391835972
1568391835984
1568391835997
1568391836009
1568391836022
1568391836034
1568391836047
1568391836059
1568391836072
1568391836085
1568391836098
1568391836110
1568391836122
1568391836134
1568391836147
1568391836160
1568391836173
1568391836187
1568391836201
1568391836215
1568391836228
1568391836243
1568391836258
1568391836272
1568391836286
1568391836298
1568391836311
1568391836325
1568391836338
1568391836350
1568391836363
1568391836376
1568391836389
1568391836403
1568391836416
1568391836429
1568391836443
1568391836456
1568391836469
1568391836483
1568391836496
1568391836509
1568391836522
1568391836535
1568391836548
1568391836561
1568391836575
1568391836589
1568391836603
1568391836616
1568391836632
1568391836646
1568391836661
1568391836676
1568391836690
1568391836703
1568391836716
1568391836730
1568391836744
1568391836757
1568391836770
1568391836783
1568391836796
1568391836810
1568391836824
1568391836838
1568391836852
1568391836865
1568391836878
1568391836892
1568391836906
1568391836919
1568391836932
1568391836946
1568391836959
1568391836973
1568391836987
1568391837001
1568391837015
1568391837029
1568391837043
1568391837057
1568391837070
1568391837084
1568391837098
1568391837111
1568391837125
1568391837139
1568391837153
1568391837166
1568391837179
