1568391801594
1568391801606
1568391801619
1568391801631
1568391801643
1568391801655
1568391801666
1568391801678
1568391801690
1568391801702
1568391801714
1568391801726
1568391801738
1568391801751
1568391801764
1568391801776
1568391801789
1568391801808
1568391801823
1568391801836
1568391801849
1568391801862
1568391801875
1568391801888
1568391801908
1568391801921
1568391801933
1568391801948
1568391801961
1568391801974
1568391801987
1568391802002
1568391802015
1568391802028
1568391802041
1568391802054
1568391802067
1568391802081
1568391802094
1568391802107
1568391802119
1568391802132
1568391802145
1568391802158
1568391802171
1568391802184
1568391802197
1568391802209
1568391802220
1568391802233
1568391802246
1568391802259
1568391802271
1568391802284
1568391802296
1568391802309
1568391802322
1568391802335
1568391802347
1568391802359
1568391802371
1568391802385
1568391802397
1568391802410
1568391802423
1568391802436
1568391802448
1568391802461
1568391802474
1568391802487
1568391802500
1568391802513
1568391802526
1568391802540
1568391802553
1568391802566
1568391802579
1568391802592
1568391802605
1568391802618
1568391802631
1568391802644
1568391802657
1568391802670
1568391802683
1568391802696
1568391802710
1568391802723
1568391802736
1568391802750
1568391802763
1568391802777
1568391802790
1568391802804
1568391802817
1568391802830
1568391802843
1568391802858
1568391802871
1568391802884
1568391802897
1568391802910
1568391802923
1568391802937
1568391802950
1568391802963
1568391802976
1568391802990
1568391803003
1568391803017
1568391803029
1568391803043
1568391803055
1568391803068
1568391803081
1568391803094
1568391803108
1568391803121
1568391803134
1568391803147
1568391803159
1568391803173
1568391803185
1568391803198
1568391803210
1568391803222
1568391803235
1568391803247
1568391803259
1568391803271
1568391803283
1568391803295
1568391803308
1568391803321
1568391803334
1568391803346
1568391803358
1568391803370
1568391803382
1568391803394
1568391803406
1568391803417
1568391803429
1568391803441
1568391803453
1568391803465
1568391803477
1568391803489
1568391803502
1568391803514
