1568391851041
1568391851055
1568391851070
1568391851085
1568391851099
1568391851113
1568391851126
1568391851143
1568391851158
1568391851175
1568391851189
1568391851203
1568391851216
1568391851230
1568391851243
1568391851257
1568391851269
1568391851282
1568391851295
1568391851309
1568391851321
1568391851335
1568391851349
1568391851363
1568391851376
1568391851389
1568391851403
1568391851417
1568391851430
1568391851444
1568391851457
1568391851473
1568391851486
1568391851499
1568391851512
1568391851526
1568391851540
1568391851554
1568391851567
1568391851580
1568391851592
1568391851605
1568391851617
1568391851630
1568391851643
1568391851656
1568391851667
1568391851681
1568391851695
1568391851708
1568391851720
1568391851735
1568391851748
1568391851761
1568391851773
1568391851785
1568391851798
1568391851811
1568391851823
1568391851836
1568391851849
1568391851862
1568391851875
1568391851889
1568391851901
1568391851914
1568391851927
1568391851940
1568391851955
1568391851968
1568391851981
1568391851993
1568391852007
1568391852021
1568391852034
1568391852069
1568391852136
1568391852175
1568391852207
1568391852230
1568391852250
1568391852268
1568391852283
1568391852297
1568391852311
1568391852326
1568391852340
1568391852354
1568391852368
1568391852381
1568391852395
1568391852408
1568391852422
1568391852435
1568391852449
1568391852462
1568391852476
1568391852490
1568391852503
1568391852517
1568391852529
1568391852543
1568391852556
1568391852570
1568391852583
1568391852596
1568391852609
1568391852622
1568391852635
1568391852650
1568391852663
1568391852677
1568391852691
1568391852705
1568391852718
1568391852732
1568391852745
1568391852758
1568391852772
1568391852786
1568391852800
1568391852815
1568391852829
1568391852843
1568391852857
1568391852873
1568391852886
1568391852899
1568391852913
1568391852927
1568391852942
1568391852955
1568391852969
1568391852985
1568391852999
1568391853013
1568391853027
1568391853041
1568391853054
1568391853068
1568391853082
1568391853096
1568391853109
1568391853121
1568391853134
1568391853148
1568391853161
1568391853175
1568391853188
1568391853201
