1568822126060
1568822126072
1568822126089
1568822126103
1568822126116
1568822126129
1568822126142
1568822126156
1568822126170
1568822126183
1568822126197
1568822126210
1568822126224
1568822126238
1568822126251
1568822126265
1568822126280
1568822126294
1568822126308
1568822126323
1568822126337
1568822126351
1568822126365
1568822126380
1568822126393
1568822126408
1568822126423
1568822126438
1568822126452
1568822126466
1568822126480
1568822126495
1568822126510
1568822126525
1568822126537
1568822126550
1568822126562
1568822126577
1568822126591
1568822126605
1568822126617
1568822126631
1568822126644
1568822126658
1568822126676
1568822126691
1568822126705
1568822126719
1568822126735
1568822126749
1568822126762
1568822126817
1568822126877
1568822126914
1568822126936
1568822126959
1568822126975
1568822126993
1568822127007
1568822127020
1568822127034
1568822127047
1568822127060
1568822127073
1568822127086
1568822127098
1568822127111
1568822127125
1568822127138
1568822127152
1568822127166
1568822127180
1568822127194
1568822127208
1568822127221
1568822127233
1568822127247
1568822127261
1568822127275
1568822127289
1568822127302
1568822127316
1568822127331
1568822127344
1568822127357
1568822127373
1568822127389
1568822127404
1568822127418
1568822127432
1568822127447
1568822127461
1568822127475
1568822127488
1568822127501
1568822127515
1568822127530
1568822127547
1568822127562
1568822127575
1568822127588
1568822127602
1568822127618
1568822127633
1568822127646
1568822127659
1568822127673
1568822127688
1568822127702
1568822127717
1568822127731
1568822127746
1568822127761
1568822127775
1568822127789
1568822127805
1568822127819
1568822127832
1568822127846
1568822127858
1568822127871
1568822127887
1568822127900
1568822127914
1568822127927
1568822127940
1568822127952
1568822127963
1568822127975
1568822127987
1568822127998
1568822128011
1568822128023
1568822128036
1568822128049
1568822128063
1568822128075
1568822128089
1568822128101
1568822128114
1568822128129
1568822128142
1568822128155
1568822128167
1568822128179
1568822128195
1568822128212
1568822128227
1568822128241
1568822128254
