1568822080427
1568822080439
1568822080452
1568822080464
1568822080476
1568822080488
1568822080499
1568822080512
1568822080524
1568822080537
1568822080549
1568822080561
1568822080574
1568822080587
1568822080599
1568822080611
1568822080624
1568822080636
1568822080648
1568822080660
1568822080673
1568822080685
1568822080698
1568822080710
1568822080723
1568822080736
1568822080749
1568822080761
1568822080773
1568822080785
1568822080797
1568822080809
1568822080825
1568822080837
1568822080850
1568822080862
1568822080875
1568822080888
1568822080900
1568822080913
1568822080926
1568822080937
1568822080949
1568822080962
1568822080975
1568822080987
1568822081000
1568822081012
1568822081025
1568822081038
1568822081050
1568822081062
1568822081074
1568822081087
1568822081099
1568822081113
1568822081125
1568822081138
1568822081151
1568822081164
1568822081177
1568822081191
1568822081204
1568822081217
1568822081230
1568822081243
1568822081256
1568822081269
1568822081282
1568822081294
1568822081307
1568822081319
1568822081331
1568822081345
1568822081358
1568822081370
1568822081383
1568822081396
1568822081409
1568822081422
1568822081434
1568822081447
1568822081460
1568822081473
1568822081486
1568822081500
1568822081513
1568822081526
1568822081538
1568822081551
1568822081565
1568822081579
1568822081592
1568822081606
1568822081619
1568822081633
1568822081646
1568822081660
1568822081672
1568822081685
1568822081699
1568822081711
1568822081725
1568822081738
1568822081751
1568822081764
1568822081778
1568822081791
1568822081804
1568822081818
1568822081831
1568822081845
1568822081858
1568822081871
1568822081884
1568822081897
1568822081911
1568822081923
1568822081935
1568822081946
1568822081959
1568822081972
1568822081985
1568822081996
1568822082009
1568822082021
1568822082033
1568822082046
1568822082058
1568822082070
1568822082084
1568822082097
1568822082110
1568822082124
1568822082137
1568822082149
1568822082162
1568822082176
1568822082189
1568822082201
1568822082214
1568822082226
1568822082239
1568822082252
1568822082265
1568822082281
1568822082294
1568822082307
1568822082319
1568822082332
