1568822089566
1568822089580
1568822089596
1568822089609
1568822089621
1568822089634
1568822089647
1568822089660
1568822089672
1568822089683
1568822089696
1568822089710
1568822089723
1568822089736
1568822089749
1568822089762
1568822089775
1568822089787
1568822089800
1568822089815
1568822089827
1568822089840
1568822089853
1568822089866
1568822089879
1568822089892
1568822089905
1568822089918
1568822089931
1568822089944
1568822089957
1568822089970
1568822089982
1568822089995
1568822090008
1568822090020
1568822090033
1568822090047
1568822090060
1568822090073
1568822090086
1568822090098
1568822090111
1568822090124
1568822090137
1568822090151
1568822090163
1568822090177
1568822090190
1568822090204
1568822090218
1568822090232
1568822090246
1568822090259
1568822090272
1568822090285
1568822090297
1568822090310
1568822090324
1568822090338
1568822090350
1568822090364
1568822090376
1568822090389
1568822090402
1568822090415
1568822090428
1568822090440
1568822090453
1568822090467
1568822090482
1568822090497
1568822090512
1568822090526
1568822090538
1568822090553
1568822090568
1568822090581
1568822090594
1568822090607
1568822090620
1568822090634
1568822090647
1568822090662
1568822090679
1568822090694
1568822090708
1568822090722
1568822090736
1568822090750
1568822090763
1568822090777
1568822090791
1568822090805
1568822090819
1568822090834
1568822090848
1568822090863
1568822090878
1568822090892
1568822090904
1568822090918
1568822090931
1568822090945
1568822090958
1568822090971
1568822090984
1568822090997
1568822091010
1568822091024
1568822091038
1568822091052
1568822091066
1568822091081
1568822091094
1568822091110
1568822091124
1568822091138
1568822091151
1568822091164
1568822091179
1568822091194
1568822091206
1568822091219
1568822091232
1568822091246
1568822091260
1568822091274
1568822091287
1568822091301
1568822091314
1568822091327
1568822091341
1568822091355
1568822091368
1568822091382
1568822091395
1568822091408
1568822091420
1568822091434
1568822091447
1568822091459
1568822091471
1568822091486
1568822091499
1568822091514
1568822091527
1568822091541
1568822091555
1568822091568
