1568822120797
1568822120810
1568822120827
1568822120841
1568822120854
1568822120867
1568822120880
1568822120892
1568822120907
1568822120921
1568822120935
1568822120950
1568822120965
1568822120979
1568822120991
1568822121006
1568822121021
1568822121035
1568822121049
1568822121063
1568822121077
1568822121092
1568822121106
1568822121120
1568822121132
1568822121146
1568822121161
1568822121175
1568822121190
1568822121204
1568822121218
1568822121232
1568822121248
1568822121263
1568822121276
1568822121289
1568822121304
1568822121321
1568822121336
1568822121350
1568822121363
1568822121377
1568822121393
1568822121408
1568822121422
1568822121436
1568822121450
1568822121464
1568822121476
1568822121488
1568822121501
1568822121514
1568822121527
1568822121540
1568822121552
1568822121565
1568822121578
1568822121591
1568822121606
1568822121620
1568822121636
1568822121650
1568822121665
1568822121681
1568822121696
1568822121711
1568822121725
1568822121739
1568822121752
1568822121764
1568822121777
1568822121792
1568822121809
1568822121825
1568822121839
1568822121854
1568822121868
1568822121881
1568822121894
1568822121907
1568822121921
1568822121936
1568822121950
1568822121963
1568822121978
1568822121993
1568822122007
1568822122021
1568822122036
1568822122049
1568822122063
1568822122077
1568822122091
1568822122107
1568822122123
1568822122138
1568822122151
1568822122166
1568822122180
1568822122193
1568822122206
1568822122221
1568822122236
1568822122250
1568822122264
1568822122277
1568822122291
1568822122308
1568822122323
1568822122337
1568822122351
1568822122364
1568822122377
1568822122391
1568822122406
1568822122422
1568822122436
1568822122450
1568822122463
1568822122477
1568822122491
1568822122505
1568822122519
1568822122533
1568822122550
1568822122566
1568822122579
1568822122592
1568822122605
1568822122619
1568822122632
1568822122646
1568822122660
1568822122674
1568822122688
1568822122703
1568822122718
1568822122732
1568822122745
1568822122759
1568822122771
1568822122783
1568822122795
1568822122809
1568822122823
1568822122837
1568822122849
1568822122863
1568822122875
1568822122889
