1570612754025
1570612754038
1570612754055
1570612754069
1570612754082
1570612754095
1570612754107
1570612754118
1570612754129
1570612754142
1570612754154
1570612754167
1570612754182
1570612754197
1570612754211
1570612754224
1570612754239
1570612754253
1570612754266
1570612754279
1570612754293
1570612754306
1570612754319
1570612754334
1570612754348
1570612754363
1570612754376
1570612754389
1570612754400
1570612754412
1570612754424
1570612754438
1570612754450
1570612754461
1570612754476
1570612754491
1570612754505
1570612754519
1570612754531
1570612754543
1570612754556
1570612754569
1570612754581
1570612754592
1570612754603
1570612754617
1570612754631
1570612754644
1570612754657
1570612754670
1570612754683
1570612754695
1570612754708
1570612754721
1570612754734
1570612754748
1570612754761
1570612754774
1570612754787
1570612754799
1570612754812
1570612754825
1570612754838
1570612754849
1570612754861
1570612754874
1570612754888
1570612754900
1570612754913
1570612754925
1570612754937
1570612754949
1570612754962
1570612754976
1570612754988
1570612755002
1570612755015
1570612755028
1570612755041
1570612755054
1570612755069
1570612755083
1570612755096
1570612755109
1570612755123
1570612755137
1570612755151
1570612755164
1570612755177
1570612755190
1570612755203
1570612755216
1570612755229
1570612755241
1570612755254
1570612755268
1570612755281
1570612755294
1570612755308
1570612755322
1570612755335
1570612755348
1570612755361
1570612755374
1570612755386
1570612755400
1570612755413
1570612755426
1570612755439
1570612755453
1570612755466
1570612755479
1570612755492
1570612755505
1570612755518
1570612755531
1570612755544
1570612755557
1570612755570
1570612755583
1570612755597
1570612755611
1570612755624
1570612755638
1570612755650
1570612755664
1570612755678
1570612755692
1570612755704
1570612755718
1570612755730
1570612755743
1570612755755
1570612755769
1570612755781
1570612755794
1570612755806
1570612755818
1570612755830
1570612755841
1570612755853
1570612755867
1570612755883
1570612755896
1570612755909
1570612755923
1570612755935
1570612755948
1570612755959
1570612755972
