1570612699435
1570612699448
1570612699460
1570612699473
1570612699485
1570612699498
1570612699510
1570612699520
1570612699532
1570612699544
1570612699556
1570612699567
1570612699579
1570612699591
1570612699603
1570612699615
1570612699626
1570612699638
1570612699651
1570612699663
1570612699675
1570612699685
1570612699697
1570612699709
1570612699722
1570612699735
1570612699747
1570612699758
1570612699771
1570612699783
1570612699795
1570612699807
1570612699818
1570612699829
1570612699841
1570612699853
1570612699865
1570612699877
1570612699888
1570612699900
1570612699912
1570612699924
1570612699935
1570612699947
1570612699959
1570612699971
1570612699982
1570612699993
1570612700006
1570612700019
1570612700032
1570612700045
1570612700057
1570612700070
1570612700083
1570612700097
1570612700109
1570612700123
1570612700136
1570612700150
1570612700163
1570612700176
1570612700189
1570612700202
1570612700214
1570612700225
1570612700237
1570612700249
1570612700261
1570612700274
1570612700286
1570612700297
1570612700310
1570612700322
1570612700335
1570612700347
1570612700360
1570612700373
1570612700386
1570612700400
1570612700412
1570612700427
1570612700440
1570612700455
1570612700467
1570612700483
1570612700496
1570612700509
1570612700522
1570612700536
1570612700549
1570612700563
1570612700577
1570612700591
1570612700605
1570612700619
1570612700632
1570612700646
1570612700659
1570612700673
1570612700686
1570612700700
1570612700713
1570612700726
1570612700739
1570612700752
1570612700765
1570612700779
1570612700792
1570612700806
1570612700820
1570612700835
1570612700848
1570612700862
1570612700875
1570612700889
1570612700902
1570612700916
1570612700929
1570612700941
1570612700954
1570612700968
1570612700981
1570612700994
1570612701007
1570612701020
1570612701033
1570612701046
1570612701058
1570612701070
1570612701083
1570612701096
1570612701108
1570612701122
1570612701135
1570612701147
1570612701161
1570612701174
1570612701186
1570612701198
1570612701211
1570612701224
1570612701235
1570612701248
1570612701260
1570612701273
1570612701285
1570612701298
1570612701310
1570612701322
