1570612715451
1570612715463
1570612715477
1570612715489
1570612715501
1570612715512
1570612715523
1570612715535
1570612715546
1570612715558
1570612715570
1570612715582
1570612715594
1570612715607
1570612715618
1570612715630
1570612715643
1570612715656
1570612715669
1570612715681
1570612715693
1570612715704
1570612715715
1570612715727
1570612715740
1570612715754
1570612715767
1570612715781
1570612715793
1570612715805
1570612715816
1570612715829
1570612715842
1570612715855
1570612715868
1570612715879
1570612715892
1570612715905
1570612715916
1570612715928
1570612715940
1570612715952
1570612715964
1570612715977
1570612715988
1570612716001
1570612716014
1570612716026
1570612716039
1570612716051
1570612716063
1570612716076
1570612716088
1570612716099
1570612716111
1570612716124
1570612716136
1570612716148
1570612716159
1570612716171
1570612716183
1570612716197
1570612716209
1570612716222
1570612716234
1570612716246
1570612716259
1570612716271
1570612716282
1570612716294
1570612716306
1570612716318
1570612716329
1570612716342
1570612716354
1570612716367
1570612716379
1570612716391
1570612716402
1570612716414
1570612716427
1570612716439
1570612716453
1570612716465
1570612716478
1570612716491
1570612716504
1570612716517
1570612716529
1570612716542
1570612716555
1570612716568
1570612716581
1570612716593
1570612716606
1570612716618
1570612716631
1570612716645
1570612716657
1570612716670
1570612716683
1570612716696
1570612716708
1570612716721
1570612716734
1570612716746
1570612716759
1570612716772
1570612716784
1570612716798
1570612716810
1570612716822
1570612716835
1570612716847
1570612716860
1570612716873
1570612716886
1570612716898
1570612716911
1570612716924
1570612716937
1570612716952
1570612716964
1570612716978
1570612716990
1570612717003
1570612717016
1570612717030
1570612717043
1570612717056
1570612717067
1570612717079
1570612717091
1570612717103
1570612717115
1570612717126
1570612717138
1570612717150
1570612717162
1570612717174
1570612717187
1570612717199
1570612717211
1570612717224
1570612717237
1570612717251
1570612717264
1570612717278
1570612717291
1570612717304
