1570612704292
1570612704305
1570612704318
1570612704330
1570612704341
1570612704353
1570612704365
1570612704376
1570612704387
1570612704399
1570612704411
1570612704423
1570612704435
1570612704447
1570612704459
1570612704470
1570612704482
1570612704493
1570612704504
1570612704515
1570612704527
1570612704538
1570612704551
1570612704563
1570612704576
1570612704589
1570612704602
1570612704615
1570612704626
1570612704638
1570612704650
1570612704662
1570612704675
1570612704687
1570612704698
1570612704710
1570612704723
1570612704736
1570612704748
1570612704760
1570612704773
1570612704784
1570612704796
1570612704808
1570612704820
1570612704832
1570612704843
1570612704855
1570612704868
1570612704882
1570612704895
1570612704908
1570612704920
1570612704933
1570612704945
1570612704958
1570612704971
1570612704983
1570612704994
1570612705006
1570612705019
1570612705032
1570612705045
1570612705058
1570612705070
1570612705083
1570612705096
1570612705108
1570612705119
1570612705131
1570612705143
1570612705156
1570612705169
1570612705182
1570612705194
1570612705207
1570612705218
1570612705230
1570612705243
1570612705255
1570612705267
1570612705280
1570612705291
1570612705305
1570612705318
1570612705332
1570612705345
1570612705358
1570612705371
1570612705384
1570612705397
1570612705410
1570612705422
1570612705435
1570612705447
1570612705459
1570612705472
1570612705486
1570612705499
1570612705513
1570612705525
1570612705538
1570612705551
1570612705564
1570612705577
1570612705590
1570612705603
1570612705617
1570612705630
1570612705644
1570612705657
1570612705670
1570612705683
1570612705696
1570612705708
1570612705720
1570612705733
1570612705746
1570612705758
1570612705771
1570612705783
1570612705796
1570612705808
1570612705821
1570612705834
1570612705847
1570612705859
1570612705872
1570612705885
1570612705897
1570612705908
1570612705919
1570612705931
1570612705944
1570612705955
1570612705967
1570612705979
1570612705991
1570612706003
1570612706016
1570612706027
1570612706039
1570612706051
1570612706063
1570612706075
1570612706088
1570612706099
1570612706111
1570612706123
1570612706135
