1570612712265
1570612712278
1570612712291
1570612712303
1570612712314
1570612712326
1570612712337
1570612712349
1570612712360
1570612712372
1570612712384
1570612712397
1570612712408
1570612712421
1570612712434
1570612712446
1570612712457
1570612712470
1570612712481
1570612712495
1570612712508
1570612712521
1570612712533
1570612712545
1570612712557
1570612712571
1570612712586
1570612712600
1570612712612
1570612712625
1570612712638
1570612712650
1570612712662
1570612712675
1570612712687
1570612712699
1570612712711
1570612712724
1570612712737
1570612712750
1570612712762
1570612712775
1570612712787
1570612712800
1570612712813
1570612712826
1570612712837
1570612712849
1570612712861
1570612712874
1570612712887
1570612712900
1570612712912
1570612712925
1570612712937
1570612712948
1570612712960
1570612712972
1570612712985
1570612712997
1570612713010
1570612713024
1570612713037
1570612713050
1570612713063
1570612713076
1570612713088
1570612713100
1570612713112
1570612713124
1570612713136
1570612713148
1570612713160
1570612713173
1570612713185
1570612713197
1570612713210
1570612713223
1570612713236
1570612713249
1570612713262
1570612713274
1570612713287
1570612713300
1570612713314
1570612713327
1570612713340
1570612713353
1570612713365
1570612713378
1570612713391
1570612713403
1570612713417
1570612713429
1570612713442
1570612713455
1570612713468
1570612713482
1570612713495
1570612713507
1570612713520
1570612713533
1570612713546
1570612713559
1570612713572
1570612713585
1570612713597
1570612713610
1570612713623
1570612713637
1570612713650
1570612713664
1570612713677
1570612713690
1570612713703
1570612713717
1570612713729
1570612713743
1570612713755
1570612713768
1570612713781
1570612713795
1570612713808
1570612713821
1570612713834
1570612713845
1570612713857
1570612713869
1570612713881
1570612713893
1570612713904
1570612713917
1570612713930
1570612713945
1570612713958
1570612713972
1570612713984
1570612713997
1570612714010
1570612714023
1570612714036
1570612714048
1570612714060
1570612714071
1570612714085
1570612714099
1570612714112
1570612714125
1570612714137
1570612714150
