1570612606612
1570612606625
1570612606639
1570612606651
1570612606663
1570612606674
1570612606686
1570612606697
1570612606709
1570612606723
1570612606736
1570612606749
1570612606760
1570612606772
1570612606785
1570612606799
1570612606811
1570612606824
1570612606836
1570612606848
1570612606860
1570612606873
1570612606887
1570612606901
1570612606914
1570612606927
1570612606940
1570612606951
1570612606962
1570612606975
1570612606987
1570612606999
1570612607009
1570612607021
1570612607034
1570612607047
1570612607059
1570612607072
1570612607085
1570612607096
1570612607108
1570612607121
1570612607133
1570612607145
1570612607158
1570612607170
1570612607181
1570612607192
1570612607204
1570612607216
1570612607229
1570612607243
1570612607255
1570612607267
1570612607278
1570612607291
1570612607303
1570612607315
1570612607326
1570612607338
1570612607350
1570612607363
1570612607376
1570612607388
1570612607400
1570612607412
1570612607423
1570612607436
1570612607448
1570612607461
1570612607473
1570612607485
1570612607496
1570612607510
1570612607522
1570612607534
1570612607547
1570612607560
1570612607572
1570612607586
1570612607600
1570612607612
1570612607625
1570612607638
1570612607651
1570612607665
1570612607678
1570612607691
1570612607702
1570612607716
1570612607728
1570612607740
1570612607754
1570612607765
1570612607779
1570612607791
1570612607804
1570612607818
1570612607831
1570612607844
1570612607856
1570612607869
1570612607882
1570612607894
1570612607907
1570612607921
1570612607934
1570612607947
1570612607962
1570612607978
1570612607992
1570612608005
1570612608017
1570612608029
1570612608041
1570612608054
1570612608067
1570612608079
1570612608091
1570612608105
1570612608119
1570612608134
1570612608147
1570612608160
1570612608175
1570612608188
1570612608200
1570612608212
1570612608224
1570612608236
1570612608249
1570612608262
1570612608274
1570612608287
1570612608299
1570612608345
1570612608400
1570612608438
1570612608469
1570612608488
1570612608504
1570612608520
1570612608534
1570612608547
1570612608559
1570612608571
1570612608582
1570612608593
1570612608605
1570612608616
