1570612622621
1570612622637
1570612622652
1570612622666
1570612622679
1570612622692
1570612622704
1570612622715
1570612622726
1570612622737
1570612622749
1570612622761
1570612622773
1570612622789
1570612622803
1570612622817
1570612622832
1570612622846
1570612622858
1570612622870
1570612622882
1570612622895
1570612622908
1570612622920
1570612622932
1570612622945
1570612622957
1570612622970
1570612622985
1570612623000
1570612623014
1570612623026
1570612623039
1570612623052
1570612623064
1570612623076
1570612623088
1570612623103
1570612623117
1570612623130
1570612623144
1570612623157
1570612623168
1570612623180
1570612623192
1570612623204
1570612623216
1570612623229
1570612623241
1570612623254
1570612623266
1570612623278
1570612623290
1570612623330
1570612623395
1570612623434
1570612623456
1570612623476
1570612623493
1570612623509
1570612623523
1570612623537
1570612623550
1570612623562
1570612623574
1570612623586
1570612623598
1570612623620
1570612623635
1570612623653
1570612623674
1570612623697
1570612623716
1570612623776
1570612623797
1570612623862
1570612623882
1570612623902
1570612623969
1570612623997
1570612624054
1570612624075
1570612624091
1570612624157
1570612624180
1570612624196
1570612624211
1570612624225
1570612624238
1570612624252
1570612624264
1570612624277
1570612624290
1570612624303
1570612624316
1570612624329
1570612624342
1570612624356
1570612624371
1570612624385
1570612624399
1570612624412
1570612624424
1570612624439
1570612624453
1570612624468
1570612624484
1570612624499
1570612624514
1570612624531
1570612624546
1570612624560
1570612624574
1570612624588
1570612624603
1570612624617
1570612624631
1570612624643
1570612624656
1570612624667
1570612624682
1570612624697
1570612624712
1570612624728
1570612624742
1570612624758
1570612624774
1570612624789
1570612624803
1570612624816
1570612624830
1570612624843
1570612624858
1570612624873
1570612624888
1570612624902
1570612624916
1570612624932
1570612624949
1570612624963
1570612624976
1570612624991
1570612625004
1570612625017
1570612625031
1570612625044
1570612625057
1570612625072
1570612625085
1570612625099
