1568220919146
1568220919159
1568220919173
1568220919186
1568220919199
1568220919211
1568220919224
1568220919236
1568220919249
1568220919261
1568220919274
1568220919287
1568220919300
1568220919313
1568220919325
1568220919338
1568220919350
1568220919363
1568220919375
1568220919388
1568220919400
1568220919413
1568220919426
1568220919438
1568220919451
1568220919465
1568220919477
1568220919490
1568220919503
1568220919515
1568220919528
1568220919541
1568220919554
1568220919567
1568220919579
1568220919592
1568220919606
1568220919619
1568220919632
1568220919645
1568220919657
1568220919670
1568220919683
1568220919696
1568220919708
1568220919721
1568220919733
1568220919746
1568220919759
1568220919773
1568220919786
1568220919799
1568220919811
1568220919824
1568220919837
1568220919850
1568220919862
1568220919875
1568220919888
1568220919901
1568220919913
1568220919927
1568220919939
1568220919951
1568220919963
1568220919977
1568220919990
1568220920003
1568220920015
1568220920029
1568220920042
1568220920055
1568220920069
1568220920082
1568220920096
1568220920109
1568220920123
1568220920135
1568220920149
1568220920163
1568220920176
1568220920190
1568220920203
1568220920218
1568220920232
1568220920246
1568220920260
1568220920273
1568220920286
1568220920300
1568220920314
1568220920328
1568220920341
1568220920355
1568220920369
1568220920384
1568220920398
1568220920413
1568220920428
1568220920442
1568220920455
1568220920469
1568220920484
1568220920499
1568220920513
1568220920527
1568220920541
1568220920555
1568220920569
1568220920585
1568220920599
1568220920614
1568220920628
1568220920643
1568220920656
1568220920670
1568220920684
1568220920698
1568220920710
1568220920724
1568220920737
1568220920751
1568220920763
1568220920776
1568220920790
1568220920802
1568220920816
1568220920829
1568220920841
1568220920855
1568220920867
1568220920880
1568220920894
1568220920907
1568220920921
1568220920933
1568220920946
1568220920959
1568220920972
1568220920985
1568220920998
1568220921011
1568220921023
1568220921036
1568220921049
1568220921064
1568220921077
1568220921090
1568220921103
1568220921115
