1568220920698
1568220920711
1568220920725
1568220920737
1568220920749
1568220920762
1568220920774
1568220920787
1568220920799
1568220920812
1568220920824
1568220920837
1568220920849
1568220920863
1568220920876
1568220920889
1568220920901
1568220920914
1568220920927
1568220920940
1568220920952
1568220920965
1568220920978
1568220920990
1568220921003
1568220921017
1568220921030
1568220921042
1568220921055
1568220921068
1568220921081
1568220921093
1568220921105
1568220921118
1568220921133
1568220921145
1568220921158
1568220921172
1568220921185
1568220921198
1568220921210
1568220921223
1568220921236
1568220921249
1568220921260
1568220921273
1568220921286
1568220921300
1568220921313
1568220921326
1568220921339
1568220921352
1568220921365
1568220921378
1568220921390
1568220921403
1568220921416
1568220921429
1568220921442
1568220921455
1568220921468
1568220921482
1568220921495
1568220921508
1568220921521
1568220921534
1568220921547
1568220921560
1568220921573
1568220921586
1568220921599
1568220921612
1568220921625
1568220921639
1568220921653
1568220921666
1568220921680
1568220921695
1568220921708
1568220921722
1568220921736
1568220921749
1568220921763
1568220921777
1568220921790
1568220921804
1568220921818
1568220921832
1568220921845
1568220921860
1568220921873
1568220921887
1568220921901
1568220921915
1568220921929
1568220921943
1568220921957
1568220921972
1568220921985
1568220921999
1568220922013
1568220922027
1568220922040
1568220922054
1568220922068
1568220922082
1568220922095
1568220922109
1568220922124
1568220922138
1568220922152
1568220922166
1568220922180
1568220922194
1568220922207
1568220922221
1568220922234
1568220922248
1568220922260
1568220922273
1568220922286
1568220922299
1568220922312
1568220922325
1568220922337
1568220922350
1568220922363
1568220922375
1568220922388
1568220922401
1568220922413
1568220922426
1568220922439
1568220922453
1568220922466
1568220922479
1568220922492
1568220922505
1568220922518
1568220922531
1568220922544
1568220922557
1568220922570
1568220922583
1568220922596
1568220922610
1568220922623
1568220922636
1568220922649
1568220922662
