1568220914379
1568220914392
1568220914406
1568220914419
1568220914430
1568220914443
1568220914455
1568220914468
1568220914480
1568220914493
1568220914505
1568220914518
1568220914531
1568220914544
1568220914556
1568220914568
1568220914580
1568220914593
1568220914605
1568220914617
1568220914630
1568220914642
1568220914654
1568220914667
1568220914680
1568220914693
1568220914705
1568220914718
1568220914731
1568220914746
1568220914758
1568220914771
1568220914784
1568220914797
1568220914810
1568220914823
1568220914836
1568220914850
1568220914863
1568220914877
1568220914890
1568220914903
1568220914917
1568220914931
1568220914944
1568220914957
1568220914970
1568220914983
1568220914996
1568220915009
1568220915022
1568220915035
1568220915047
1568220915061
1568220915073
1568220915086
1568220915099
1568220915112
1568220915125
1568220915139
1568220915152
1568220915165
1568220915179
1568220915192
1568220915205
1568220915219
1568220915232
1568220915245
1568220915257
1568220915270
1568220915283
1568220915296
1568220915310
1568220915324
1568220915337
1568220915351
1568220915364
1568220915378
1568220915392
1568220915406
1568220915420
1568220915434
1568220915448
1568220915462
1568220915476
1568220915492
1568220915506
1568220915521
1568220915535
1568220915551
1568220915565
1568220915580
1568220915595
1568220915610
1568220915623
1568220915637
1568220915651
1568220915666
1568220915681
1568220915695
1568220915709
1568220915723
1568220915736
1568220915751
1568220915765
1568220915780
1568220915794
1568220915808
1568220915822
1568220915838
1568220915852
1568220915867
1568220915880
1568220915894
1568220915908
1568220915922
1568220915936
1568220915950
1568220915965
1568220915979
1568220915992
1568220916006
1568220916019
1568220916032
1568220916045
1568220916058
1568220916070
1568220916083
1568220916097
1568220916110
1568220916123
1568220916136
1568220916149
1568220916163
1568220916176
1568220916189
1568220916202
1568220916215
1568220916228
1568220916242
1568220916255
1568220916268
1568220916282
1568220916295
1568220916308
1568220916322
1568220916334
1568220916347
1568220916360
1568220916372
