1568646931354
1568646931369
1568646931384
1568646931397
1568646931409
1568646931423
1568646931435
1568646931448
1568646931461
1568646931473
1568646931485
1568646931497
1568646931509
1568646931522
1568646931535
1568646931549
1568646931562
1568646931574
1568646931587
1568646931599
1568646931612
1568646931625
1568646931637
1568646931651
1568646931663
1568646931679
1568646931693
1568646931707
1568646931720
1568646931734
1568646931748
1568646931762
1568646931776
1568646931789
1568646931803
1568646931817
1568646931830
1568646931844
1568646931857
1568646931871
1568646931885
1568646931899
1568646931914
1568646931927
1568646931939
1568646931952
1568646931966
1568646931980
1568646931993
1568646932008
1568646932022
1568646932036
1568646932048
1568646932063
1568646932075
1568646932089
1568646932103
1568646932115
1568646932128
1568646932141
1568646932154
1568646932168
1568646932181
1568646932194
1568646932208
1568646932221
1568646932234
1568646932247
1568646932261
1568646932274
1568646932287
1568646932301
1568646932314
1568646932331
1568646932344
1568646932358
1568646932372
1568646932387
1568646932402
1568646932417
1568646932430
1568646932444
1568646932458
1568646932471
1568646932485
1568646932500
1568646932513
1568646932529
1568646932543
1568646932557
1568646932571
1568646932586
1568646932599
1568646932612
1568646932627
1568646932641
1568646932655
1568646932671
1568646932685
1568646932699
1568646932713
1568646932728
1568646932742
1568646932756
1568646932770
1568646932784
1568646932798
1568646932813
1568646932826
1568646932842
1568646932856
1568646932871
1568646932884
1568646932898
1568646932912
1568646932927
1568646932941
1568646932955
1568646932968
1568646932982
1568646932996
1568646933013
1568646933026
1568646933041
1568646933054
1568646933069
1568646933082
1568646933096
1568646933111
1568646933126
1568646933140
1568646933154
1568646933168
1568646933184
1568646933198
1568646933213
1568646933227
1568646933240
1568646933253
1568646933268
1568646933281
1568646933295
1568646933309
1568646933324
1568646933337
1568646933351
1568646933365
1568646933378
1568646933390
1568646933403
