1568646888455
1568646888469
1568646888484
1568646888497
1568646888510
1568646888523
1568646888536
1568646888549
1568646888561
1568646888574
1568646888587
1568646888600
1568646888613
1568646888627
1568646888641
1568646888653
1568646888667
1568646888680
1568646888693
1568646888707
1568646888720
1568646888734
1568646888748
1568646888761
1568646888774
1568646888787
1568646888801
1568646888814
1568646888827
1568646888840
1568646888853
1568646888865
1568646888878
1568646888892
1568646888905
1568646888919
1568646888932
1568646888948
1568646888962
1568646888976
1568646888991
1568646889006
1568646889018
1568646889031
1568646889044
1568646889057
1568646889070
1568646889083
1568646889096
1568646889110
1568646889123
1568646889136
1568646889149
1568646889162
1568646889175
1568646889188
1568646889200
1568646889215
1568646889228
1568646889241
1568646889254
1568646889268
1568646889281
1568646889294
1568646889307
1568646889320
1568646889333
1568646889346
1568646889359
1568646889372
1568646889384
1568646889398
1568646889410
1568646889425
1568646889439
1568646889453
1568646889467
1568646889480
1568646889494
1568646889508
1568646889522
1568646889536
1568646889549
1568646889563
1568646889577
1568646889593
1568646889607
1568646889622
1568646889636
1568646889651
1568646889665
1568646889680
1568646889694
1568646889708
1568646889723
1568646889738
1568646889751
1568646889767
1568646889781
1568646889795
1568646889809
1568646889823
1568646889839
1568646889853
1568646889867
1568646889880
1568646889894
1568646889908
1568646889922
1568646889938
1568646889952
1568646889966
1568646889980
1568646889994
1568646890008
1568646890023
1568646890037
1568646890051
1568646890064
1568646890077
1568646890089
1568646890103
1568646890116
1568646890130
1568646890144
1568646890158
1568646890170
1568646890183
1568646890197
1568646890210
1568646890223
1568646890236
1568646890248
1568646890262
1568646890275
1568646890290
1568646890302
1568646890316
1568646890329
1568646890343
1568646890356
1568646890370
1568646890384
1568646890398
1568646890411
1568646890426
1568646890439
1568646890452
1568646890465
1568646890478
