1568646885254
1568646885268
1568646885281
1568646885294
1568646885306
1568646885318
1568646885330
1568646885346
1568646885359
1568646885371
1568646885385
1568646885398
1568646885411
1568646885425
1568646885438
1568646885452
1568646885465
1568646885478
1568646885492
1568646885505
1568646885517
1568646885529
1568646885542
1568646885555
1568646885568
1568646885582
1568646885595
1568646885608
1568646885621
1568646885635
1568646885648
1568646885662
1568646885676
1568646885690
1568646885702
1568646885716
1568646885729
1568646885744
1568646885757
1568646885769
1568646885783
1568646885798
1568646885812
1568646885825
1568646885838
1568646885851
1568646885865
1568646885878
1568646885892
1568646885906
1568646885920
1568646885933
1568646885946
1568646885961
1568646885974
1568646885989
1568646886002
1568646886016
1568646886029
1568646886042
1568646886056
1568646886070
1568646886084
1568646886099
1568646886111
1568646886124
1568646886137
1568646886150
1568646886163
1568646886176
1568646886189
1568646886203
1568646886216
1568646886231
1568646886245
1568646886259
1568646886273
1568646886286
1568646886300
1568646886314
1568646886328
1568646886342
1568646886356
1568646886369
1568646886383
1568646886399
1568646886412
1568646886427
1568646886442
1568646886456
1568646886470
1568646886484
1568646886498
1568646886512
1568646886526
1568646886540
1568646886554
1568646886569
1568646886582
1568646886597
1568646886611
1568646886625
1568646886639
1568646886654
1568646886668
1568646886682
1568646886696
1568646886710
1568646886724
1568646886739
1568646886754
1568646886768
1568646886782
1568646886797
1568646886811
1568646886825
1568646886839
1568646886852
1568646886865
1568646886878
1568646886891
1568646886904
1568646886918
1568646886932
1568646886945
1568646886958
1568646886971
1568646886985
1568646887000
1568646887014
1568646887027
1568646887040
1568646887054
1568646887068
1568646887081
1568646887096
1568646887108
1568646887121
1568646887135
1568646887149
1568646887162
1568646887174
1568646887188
1568646887201
1568646887214
1568646887228
1568646887241
1568646887254
1568646887267
1568646887280
