1568646920511
1568646920525
1568646920540
1568646920555
1568646920569
1568646920582
1568646920596
1568646920610
1568646920624
1568646920638
1568646920651
1568646920665
1568646920679
1568646920693
1568646920706
1568646920719
1568646920732
1568646920745
1568646920758
1568646920771
1568646920783
1568646920796
1568646920807
1568646920820
1568646920832
1568646920846
1568646920861
1568646920876
1568646920889
1568646920902
1568646920916
1568646920929
1568646920943
1568646920956
1568646920970
1568646920982
1568646920995
1568646921011
1568646921024
1568646921036
1568646921050
1568646921064
1568646921078
1568646921091
1568646921103
1568646921116
1568646921129
1568646921142
1568646921155
1568646921169
1568646921182
1568646921196
1568646921208
1568646921224
1568646921238
1568646921251
1568646921263
1568646921276
1568646921290
1568646921304
1568646921317
1568646921331
1568646921345
1568646921359
1568646921372
1568646921385
1568646921398
1568646921412
1568646921425
1568646921438
1568646921451
1568646921465
1568646921479
1568646921493
1568646921507
1568646921521
1568646921535
1568646921550
1568646921563
1568646921576
1568646921590
1568646921603
1568646921618
1568646921631
1568646921645
1568646921662
1568646921677
1568646921691
1568646921705
1568646921719
1568646921733
1568646921748
1568646921763
1568646921778
1568646921792
1568646921807
1568646921821
1568646921836
1568646921850
1568646921864
1568646921878
1568646921893
1568646921906
1568646921921
1568646921934
1568646921949
1568646921963
1568646921977
1568646921992
1568646922006
1568646922020
1568646922035
1568646922047
1568646922061
1568646922076
1568646922093
1568646922107
1568646922120
1568646922133
1568646922148
1568646922163
1568646922180
1568646922195
1568646922210
1568646922224
1568646922238
1568646922252
1568646922266
1568646922279
1568646922291
1568646922305
1568646922318
1568646922331
1568646922346
1568646922360
1568646922375
1568646922389
1568646922403
1568646922418
1568646922431
1568646922444
1568646922457
1568646922469
1568646922481
1568646922494
1568646922508
1568646922522
1568646922536
1568646922550
1568646922563
