1568646918958
1568646918973
1568646918988
1568646919003
1568646919017
1568646919031
1568646919043
1568646919055
1568646919068
1568646919082
1568646919096
1568646919110
1568646919125
1568646919139
1568646919153
1568646919166
1568646919179
1568646919193
1568646919206
1568646919219
1568646919231
1568646919244
1568646919256
1568646919268
1568646919281
1568646919296
1568646919310
1568646919324
1568646919337
1568646919351
1568646919366
1568646919379
1568646919392
1568646919406
1568646919421
1568646919434
1568646919449
1568646919465
1568646919481
1568646919495
1568646919509
1568646919523
1568646919536
1568646919549
1568646919562
1568646919575
1568646919588
1568646919601
1568646919614
1568646919628
1568646919642
1568646919655
1568646919668
1568646919681
1568646919693
1568646919707
1568646919719
1568646919733
1568646919747
1568646919760
1568646919773
1568646919786
1568646919800
1568646919812
1568646919825
1568646919838
1568646919851
1568646919864
1568646919877
1568646919890
1568646919904
1568646919918
1568646919932
1568646919946
1568646919960
1568646919974
1568646919987
1568646920001
1568646920014
1568646920028
1568646920042
1568646920055
1568646920068
1568646920082
1568646920096
1568646920111
1568646920124
1568646920138
1568646920151
1568646920165
1568646920179
1568646920193
1568646920208
1568646920221
1568646920235
1568646920248
1568646920262
1568646920278
1568646920292
1568646920306
1568646920320
1568646920333
1568646920346
1568646920361
1568646920374
1568646920388
1568646920401
1568646920415
1568646920429
1568646920444
1568646920460
1568646920473
1568646920486
1568646920500
1568646920514
1568646920528
1568646920541
1568646920556
1568646920570
1568646920583
1568646920597
1568646920613
1568646920627
1568646920640
1568646920654
1568646920668
1568646920683
1568646920698
1568646920712
1568646920725
1568646920738
1568646920751
1568646920765
1568646920778
1568646920790
1568646920802
1568646920814
1568646920827
1568646920842
1568646920856
1568646920871
1568646920885
1568646920898
1568646920911
1568646920925
1568646920939
1568646920954
1568646920968
1568646920981
1568646920993
