1568646909375
1568646909388
1568646909404
1568646909418
1568646909432
1568646909446
1568646909461
1568646909474
1568646909488
1568646909501
1568646909513
1568646909526
1568646909539
1568646909552
1568646909565
1568646909580
1568646909594
1568646909607
1568646909619
1568646909632
1568646909646
1568646909660
1568646909673
1568646909687
1568646909701
1568646909717
1568646909732
1568646909746
1568646909759
1568646909772
1568646909784
1568646909798
1568646909810
1568646909822
1568646909835
1568646909847
1568646909859
1568646909872
1568646909885
1568646909897
1568646909913
1568646909928
1568646909942
1568646909955
1568646909969
1568646909982
1568646909996
1568646910009
1568646910023
1568646910038
1568646910051
1568646910064
1568646910078
1568646910091
1568646910104
1568646910118
1568646910131
1568646910145
1568646910158
1568646910171
1568646910184
1568646910199
1568646910212
1568646910226
1568646910239
1568646910253
1568646910267
1568646910280
1568646910293
1568646910307
1568646910320
1568646910334
1568646910348
1568646910362
1568646910376
1568646910390
1568646910403
1568646910419
1568646910432
1568646910446
1568646910459
1568646910472
1568646910485
1568646910498
1568646910512
1568646910525
1568646910539
1568646910552
1568646910566
1568646910580
1568646910593
1568646910608
1568646910621
1568646910636
1568646910650
1568646910664
1568646910677
1568646910691
1568646910705
1568646910719
1568646910732
1568646910748
1568646910763
1568646910778
1568646910792
1568646910806
1568646910819
1568646910833
1568646910847
1568646910862
1568646910877
1568646910892
1568646910906
1568646910920
1568646910934
1568646910947
1568646910961
1568646910976
1568646910989
1568646911002
1568646911015
1568646911028
1568646911041
1568646911056
1568646911071
1568646911086
1568646911100
1568646911114
1568646911126
1568646911141
1568646911154
1568646911168
1568646911181
1568646911195
1568646911207
1568646911220
1568646911232
1568646911246
1568646911259
1568646911274
1568646911288
1568646911303
1568646911317
1568646911330
1568646911343
1568646911359
1568646911372
1568646911386
1568646911398
1568646911412
