1568646910993
1568646911007
1568646911021
1568646911034
1568646911047
1568646911061
1568646911075
1568646911089
1568646911103
1568646911116
1568646911128
1568646911142
1568646911155
1568646911169
1568646911181
1568646911194
1568646911207
1568646911219
1568646911231
1568646911244
1568646911257
1568646911271
1568646911285
1568646911299
1568646911312
1568646911326
1568646911339
1568646911354
1568646911368
1568646911382
1568646911394
1568646911408
1568646911423
1568646911437
1568646911450
1568646911463
1568646911476
1568646911491
1568646911504
1568646911517
1568646911529
1568646911542
1568646911555
1568646911569
1568646911582
1568646911595
1568646911608
1568646911621
1568646911634
1568646911647
1568646911715
1568646911760
1568646911792
1568646911820
1568646911840
1568646911858
1568646911874
1568646911889
1568646911903
1568646911916
1568646911930
1568646911944
1568646911958
1568646911972
1568646911985
1568646911998
1568646912011
1568646912026
1568646912040
1568646912053
1568646912067
1568646912080
1568646912095
1568646912110
1568646912123
1568646912137
1568646912150
1568646912165
1568646912178
1568646912191
1568646912205
1568646912219
1568646912233
1568646912247
1568646912261
1568646912277
1568646912292
1568646912306
1568646912320
1568646912334
1568646912348
1568646912361
1568646912375
1568646912389
1568646912404
1568646912419
1568646912433
1568646912447
1568646912462
1568646912477
1568646912491
1568646912506
1568646912520
1568646912534
1568646912548
1568646912562
1568646912576
1568646912590
1568646912604
1568646912619
1568646912633
1568646912647
1568646912661
1568646912675
1568646912687
1568646912701
1568646912714
1568646912727
1568646912739
1568646912753
1568646912767
1568646912780
1568646912793
1568646912808
1568646912822
1568646912836
1568646912851
1568646912866
1568646912880
1568646912895
1568646912909
1568646912924
1568646912958
1568646912973
1568646912987
1568646913002
1568646913016
1568646913033
1568646913047
1568646913061
1568646913074
1568646913088
1568646913100
1568646913115
1568646913129
1568646913144
1568646913156
1568646913170
1568646913183
1568646913197
