1568999245038
1568999245050
1568999245064
1568999245078
1568999245091
1568999245104
1568999245116
1568999245128
1568999245140
1568999245153
1568999245165
1568999245177
1568999245191
1568999245205
1568999245219
1568999245233
1568999245246
1568999245259
1568999245271
1568999245283
1568999245355
1568999245396
1568999245429
1568999245450
1568999245469
1568999245488
1568999245504
1568999245519
1568999245533
1568999245546
1568999245556
1568999245569
1568999245581
1568999245594
1568999245606
1568999245620
1568999245633
1568999245646
1568999245659
1568999245672
1568999245685
1568999245698
1568999245710
1568999245722
1568999245734
1568999245746
1568999245758
1568999245771
1568999245784
1568999245797
1568999245809
1568999245822
1568999245834
1568999245846
1568999245858
1568999245870
1568999245882
1568999245894
1568999245907
1568999245920
1568999245934
1568999245947
1568999245959
1568999245971
1568999245983
1568999245995
1568999246009
1568999246022
1568999246035
1568999246050
1568999246063
1568999246076
1568999246093
1568999246108
1568999246123
1568999246138
1568999246154
1568999246174
1568999246190
1568999246204
1568999246218
1568999246231
1568999246246
1568999246263
1568999246279
1568999246294
1568999246307
1568999246320
1568999246334
1568999246348
1568999246361
1568999246375
1568999246389
1568999246401
1568999246414
1568999246428
1568999246442
1568999246457
1568999246471
1568999246485
1568999246497
1568999246510
1568999246523
1568999246536
1568999246548
1568999246562
1568999246575
1568999246589
1568999246602
1568999246617
1568999246630
1568999246644
1568999246658
1568999246671
1568999246685
1568999246699
1568999246712
1568999246725
1568999246739
1568999246753
1568999246770
1568999246784
1568999246798
1568999246813
1568999246827
1568999246841
1568999246854
1568999246868
1568999246881
1568999246894
1568999246907
1568999246919
1568999246933
1568999246947
1568999246960
1568999246975
1568999246987
1568999247000
1568999247016
1568999247030
1568999247044
1568999247057
1568999247070
1568999247082
1568999247095
1568999247111
1568999247125
1568999247139
1568999247153
1568999247167
