1568999261371
1568999261387
1568999261401
1568999261414
1568999261427
1568999261440
1568999261453
1568999261466
1568999261480
1568999261493
1568999261506
1568999261519
1568999261531
1568999261544
1568999261557
1568999261570
1568999261584
1568999261598
1568999261611
1568999261624
1568999261635
1568999261649
1568999261664
1568999261677
1568999261690
1568999261703
1568999261716
1568999261730
1568999261743
1568999261756
1568999261770
1568999261785
1568999261798
1568999261811
1568999261824
1568999261836
1568999261848
1568999261861
1568999261872
1568999261884
1568999261897
1568999261909
1568999261921
1568999261933
1568999261944
1568999261956
1568999261968
1568999261980
1568999261991
1568999262004
1568999262016
1568999262029
1568999262040
1568999262053
1568999262065
1568999262077
1568999262088
1568999262101
1568999262115
1568999262128
1568999262140
1568999262152
1568999262164
1568999262177
1568999262188
1568999262199
1568999262212
1568999262225
1568999262237
1568999262251
1568999262263
1568999262275
1568999262286
1568999262299
1568999262311
1568999262323
1568999262336
1568999262349
1568999262361
1568999262374
1568999262387
1568999262399
1568999262412
1568999262425
1568999262436
1568999262450
1568999262462
1568999262477
1568999262490
1568999262503
1568999262515
1568999262528
1568999262541
1568999262554
1568999262568
1568999262581
1568999262594
1568999262609
1568999262622
1568999262635
1568999262649
1568999262664
1568999262677
1568999262691
1568999262704
1568999262718
1568999262730
1568999262743
1568999262757
1568999262771
1568999262785
1568999262800
1568999262813
1568999262826
1568999262840
1568999262854
1568999262868
1568999262881
1568999262894
1568999262909
1568999262922
1568999262936
1568999262948
1568999262962
1568999262976
1568999262989
1568999263002
1568999263016
1568999263028
1568999263041
1568999263053
1568999263065
1568999263078
1568999263092
1568999263105
1568999263118
1568999263132
1568999263145
1568999263159
1568999263173
1568999263186
1568999263199
1568999263213
1568999263226
1568999263240
1568999263255
1568999263270
1568999263288
1568999263301
1568999263316
