1568999256531
1568999256546
1568999256563
1568999256578
1568999256591
1568999256606
1568999256620
1568999256634
1568999256648
1568999256663
1568999256676
1568999256690
1568999256703
1568999256717
1568999256732
1568999256747
1568999256761
1568999256775
1568999256788
1568999256803
1568999256818
1568999256832
1568999256847
1568999256862
1568999256875
1568999256889
1568999256904
1568999256918
1568999256933
1568999256946
1568999256960
1568999256972
1568999256985
1568999257000
1568999257014
1568999257028
1568999257044
1568999257060
1568999257074
1568999257089
1568999257105
1568999257120
1568999257133
1568999257147
1568999257160
1568999257174
1568999257187
1568999257200
1568999257215
1568999257229
1568999257244
1568999257259
1568999257273
1568999257287
1568999257302
1568999257316
1568999257330
1568999257345
1568999257359
1568999257372
1568999257385
1568999257400
1568999257414
1568999257428
1568999257441
1568999257454
1568999257467
1568999257481
1568999257496
1568999257510
1568999257525
1568999257540
1568999257554
1568999257568
1568999257583
1568999257599
1568999257614
1568999257629
1568999257643
1568999257657
1568999257672
1568999257686
1568999257700
1568999257715
1568999257729
1568999257744
1568999257759
1568999257774
1568999257789
1568999257805
1568999257820
1568999257836
1568999257850
1568999257867
1568999257882
1568999257896
1568999257911
1568999257932
1568999257947
1568999257965
1568999257981
1568999257996
1568999258011
1568999258027
1568999258042
1568999258057
1568999258072
1568999258086
1568999258101
1568999258118
1568999258133
1568999258149
1568999258164
1568999258178
1568999258192
1568999258207
1568999258223
1568999258238
1568999258253
1568999258267
1568999258281
1568999258297
1568999258310
1568999258323
1568999258336
1568999258350
1568999258364
1568999258379
1568999258393
1568999258407
1568999258427
1568999258442
1568999258456
1568999258472
1568999258485
1568999258498
1568999258510
1568999258522
1568999258535
1568999258549
1568999258561
1568999258573
1568999258584
1568999258596
1568999258608
1568999258621
1568999258633
1568999258647
1568999258659
1568999258672
