1568999225706
1568999225719
1568999225732
1568999225744
1568999225756
1568999225769
1568999225781
1568999225793
1568999225805
1568999225817
1568999225829
1568999225841
1568999225853
1568999225865
1568999225877
1568999225889
1568999225901
1568999225913
1568999225925
1568999225937
1568999225949
1568999225961
1568999225977
1568999225990
1568999226002
1568999226015
1568999226028
1568999226041
1568999226054
1568999226067
1568999226080
1568999226093
1568999226106
1568999226118
1568999226129
1568999226141
1568999226155
1568999226169
1568999226181
1568999226193
1568999226206
1568999226219
1568999226231
1568999226244
1568999226255
1568999226267
1568999226279
1568999226292
1568999226305
1568999226318
1568999226331
1568999226343
1568999226356
1568999226369
1568999226382
1568999226395
1568999226407
1568999226419
1568999226431
1568999226444
1568999226457
1568999226470
1568999226483
1568999226496
1568999226509
1568999226522
1568999226535
1568999226547
1568999226559
1568999226572
1568999226586
1568999226598
1568999226609
1568999226622
1568999226637
1568999226648
1568999226661
1568999226673
1568999226687
1568999226700
1568999226713
1568999226725
1568999226738
1568999226750
1568999226764
1568999226777
1568999226790
1568999226803
1568999226816
1568999226829
1568999226842
1568999226857
1568999226870
1568999226883
1568999226896
1568999226909
1568999226922
1568999226936
1568999226949
1568999226963
1568999226977
1568999226990
1568999227003
1568999227016
1568999227028
1568999227042
1568999227054
1568999227068
1568999227081
1568999227095
1568999227108
1568999227122
1568999227135
1568999227148
1568999227161
1568999227175
1568999227187
1568999227200
1568999227213
1568999227226
1568999227239
1568999227253
1568999227266
1568999227280
1568999227293
1568999227305
1568999227317
1568999227330
1568999227344
1568999227356
1568999227369
1568999227383
1568999227395
1568999227408
1568999227422
1568999227435
1568999227448
1568999227460
1568999227473
1568999227485
1568999227498
1568999227510
1568999227523
1568999227535
1568999227549
1568999227561
1568999227574
1568999227586
1568999227598
1568999227611
