1568999251622
1568999251637
1568999251653
1568999251667
1568999251680
1568999251694
1568999251707
1568999251720
1568999251732
1568999251744
1568999251756
1568999251767
1568999251779
1568999251790
1568999251803
1568999251815
1568999251827
1568999251840
1568999251854
1568999251867
1568999251881
1568999251895
1568999251908
1568999251920
1568999251932
1568999251946
1568999251958
1568999251971
1568999251983
1568999251996
1568999252008
1568999252021
1568999252034
1568999252047
1568999252060
1568999252074
1568999252087
1568999252102
1568999252115
1568999252127
1568999252140
1568999252154
1568999252167
1568999252179
1568999252191
1568999252204
1568999252216
1568999252228
1568999252240
1568999252254
1568999252266
1568999252279
1568999252292
1568999252306
1568999252319
1568999252331
1568999252345
1568999252359
1568999252371
1568999252384
1568999252396
1568999252409
1568999252421
1568999252434
1568999252447
1568999252461
1568999252474
1568999252486
1568999252498
1568999252510
1568999252522
1568999252535
1568999252548
1568999252560
1568999252573
1568999252586
1568999252598
1568999252611
1568999252623
1568999252636
1568999252648
1568999252660
1568999252673
1568999252687
1568999252700
1568999252714
1568999252729
1568999252743
1568999252756
1568999252770
1568999252783
1568999252796
1568999252810
1568999252824
1568999252837
1568999252850
1568999252864
1568999252879
1568999252892
1568999252904
1568999252917
1568999252929
1568999252942
1568999252956
1568999252968
1568999252982
1568999252994
1568999253007
1568999253020
1568999253034
1568999253048
1568999253061
1568999253075
1568999253088
1568999253101
1568999253114
1568999253127
1568999253141
1568999253154
1568999253167
1568999253180
1568999253194
1568999253207
1568999253220
1568999253232
1568999253246
1568999253258
1568999253272
1568999253284
1568999253296
1568999253307
1568999253320
1568999253332
1568999253347
1568999253360
1568999253373
1568999253385
1568999253399
1568999253411
1568999253424
1568999253436
1568999253448
1568999253459
1568999253471
1568999253482
1568999253494
1568999253506
1568999253517
1568999253529
1568999253541
