1568999259778
1568999259792
1568999259808
1568999259820
1568999259832
1568999259846
1568999259858
1568999259871
1568999259884
1568999259898
1568999259910
1568999259922
1568999259935
1568999259947
1568999259959
1568999259971
1568999259983
1568999259995
1568999260009
1568999260024
1568999260038
1568999260052
1568999260066
1568999260082
1568999260098
1568999260114
1568999260129
1568999260145
1568999260160
1568999260173
1568999260187
1568999260202
1568999260217
1568999260231
1568999260244
1568999260258
1568999260274
1568999260288
1568999260301
1568999260314
1568999260329
1568999260343
1568999260356
1568999260369
1568999260381
1568999260394
1568999260405
1568999260417
1568999260430
1568999260443
1568999260456
1568999260468
1568999260481
1568999260493
1568999260505
1568999260517
1568999260529
1568999260541
1568999260553
1568999260567
1568999260580
1568999260594
1568999260606
1568999260619
1568999260631
1568999260642
1568999260654
1568999260667
1568999260679
1568999260692
1568999260705
1568999260718
1568999260731
1568999260745
1568999260758
1568999260771
1568999260784
1568999260797
1568999260811
1568999260824
1568999260837
1568999260850
1568999260863
1568999260875
1568999260889
1568999260904
1568999260917
1568999260931
1568999260943
1568999260957
1568999260970
1568999260983
1568999260997
1568999261013
1568999261027
1568999261041
1568999261055
1568999261069
1568999261082
1568999261095
1568999261107
1568999261120
1568999261134
1568999261147
1568999261160
1568999261174
1568999261187
1568999261202
1568999261215
1568999261229
1568999261243
1568999261257
1568999261270
1568999261284
1568999261297
1568999261310
1568999261323
1568999261337
1568999261350
1568999261362
1568999261376
1568999261391
1568999261403
1568999261417
1568999261430
1568999261444
1568999261457
1568999261471
1568999261485
1568999261499
1568999261512
1568999261525
1568999261538
1568999261552
1568999261566
1568999261579
1568999261593
1568999261607
1568999261620
1568999261632
1568999261645
1568999261661
1568999261676
1568999261689
1568999261702
1568999261716
1568999261729
1568999261743
1568999261756
1568999261770
