1568999262941
1568999262954
1568999262969
1568999262981
1568999262995
1568999263008
1568999263020
1568999263032
1568999263043
1568999263055
1568999263067
1568999263078
1568999263091
1568999263104
1568999263117
1568999263130
1568999263142
1568999263156
1568999263169
1568999263181
1568999263193
1568999263206
1568999263220
1568999263234
1568999263248
1568999263263
1568999263287
1568999263300
1568999263314
1568999263331
1568999263345
1568999263359
1568999263372
1568999263384
1568999263409
1568999263421
1568999263433
1568999263445
1568999263460
1568999263473
1568999263484
1568999263496
1568999263508
1568999263520
1568999263532
1568999263543
1568999263555
1568999263567
1568999263579
1568999263593
1568999263606
1568999263619
1568999263631
1568999263643
1568999263654
1568999263666
1568999263679
1568999263693
1568999263704
1568999263717
1568999263728
1568999263740
1568999263753
1568999263766
1568999263779
1568999263792
1568999263804
1568999263816
1568999263829
1568999263839
1568999263851
1568999263863
1568999263876
1568999263889
1568999263901
1568999263915
1568999263927
1568999263940
1568999263953
1568999263966
1568999263980
1568999263993
1568999264006
1568999264019
1568999264031
1568999264045
1568999264058
1568999264071
1568999264084
1568999264098
1568999264112
1568999264125
1568999264139
1568999264152
1568999264165
1568999264178
1568999264191
1568999264206
1568999264220
1568999264233
1568999264246
1568999264259
1568999264272
1568999264285
1568999264299
1568999264312
1568999264324
1568999264337
1568999264351
1568999264365
1568999264378
1568999264391
1568999264405
1568999264419
1568999264431
1568999264444
1568999264456
1568999264469
1568999264482
1568999264494
1568999264509
1568999264523
1568999264535
1568999264548
1568999264561
1568999264574
1568999264586
1568999264599
1568999264611
1568999264624
1568999264636
1568999264649
1568999264661
1568999264676
1568999264690
1568999264704
1568999264717
1568999264731
1568999264743
1568999264756
1568999264768
1568999264781
1568999264794
1568999264808
1568999264820
1568999264832
1568999264845
1568999264857
1568999264869
1568999264881
