1568999215948
1568999215961
1568999215974
1568999215987
1568999215998
1568999216010
1568999216021
1568999216034
1568999216045
1568999216058
1568999216069
1568999216081
1568999216094
1568999216106
1568999216119
1568999216132
1568999216146
1568999216158
1568999216170
1568999216181
1568999216194
1568999216206
1568999216218
1568999216231
1568999216244
1568999216256
1568999216268
1568999216280
1568999216292
1568999216305
1568999216318
1568999216330
1568999216343
1568999216356
1568999216369
1568999216381
1568999216394
1568999216407
1568999216419
1568999216431
1568999216443
1568999216456
1568999216468
1568999216481
1568999216493
1568999216505
1568999216517
1568999216530
1568999216543
1568999216556
1568999216569
1568999216582
1568999216595
1568999216607
1568999216620
1568999216633
1568999216645
1568999216658
1568999216670
1568999216682
1568999216694
1568999216707
1568999216720
1568999216733
1568999216746
1568999216758
1568999216771
1568999216784
1568999216796
1568999216809
1568999216821
1568999216834
1568999216846
1568999216861
1568999216874
1568999216886
1568999216898
1568999216910
1568999216924
1568999216936
1568999216949
1568999216962
1568999216975
1568999216988
1568999217001
1568999217014
1568999217028
1568999217041
1568999217054
1568999217067
1568999217080
1568999217094
1568999217107
1568999217120
1568999217134
1568999217148
1568999217161
1568999217176
1568999217189
1568999217203
1568999217216
1568999217228
1568999217241
1568999217253
1568999217266
1568999217279
1568999217292
1568999217306
1568999217319
1568999217332
1568999217346
1568999217359
1568999217372
1568999217401
1568999217413
1568999217426
1568999217440
1568999217453
1568999217467
1568999217481
1568999217494
1568999217508
1568999217522
1568999217536
1568999217548
1568999217562
1568999217575
1568999217587
1568999217598
1568999217611
1568999217624
1568999217636
1568999217648
1568999217661
1568999217674
1568999217686
1568999217698
1568999217711
1568999217723
1568999217736
1568999217748
1568999217761
1568999217774
1568999217786
1568999217799
1568999217812
1568999217824
1568999217837
1568999217849
1568999217861
