1568999269238
1568999269250
1568999269263
1568999269276
1568999269289
1568999269303
1568999269316
1568999269329
1568999269341
1568999269352
1568999269364
1568999269376
1568999269388
1568999269401
1568999269414
1568999269427
1568999269439
1568999269451
1568999269463
1568999269478
1568999269492
1568999269505
1568999269519
1568999269532
1568999269546
1568999269561
1568999269575
1568999269590
1568999269605
1568999269618
1568999269631
1568999269642
1568999269682
1568999269742
1568999269779
1568999269808
1568999269829
1568999269849
1568999269864
1568999269878
1568999269892
1568999269905
1568999269917
1568999269929
1568999269941
1568999269954
1568999269966
1568999269978
1568999269990
1568999270004
1568999270017
1568999270031
1568999270046
1568999270060
1568999270073
1568999270086
1568999270099
1568999270111
1568999270124
1568999270135
1568999270147
1568999270160
1568999270172
1568999270185
1568999270197
1568999270210
1568999270222
1568999270233
1568999270247
1568999270259
1568999270272
1568999270284
1568999270297
1568999270310
1568999270323
1568999270336
1568999270349
1568999270362
1568999270375
1568999270389
1568999270401
1568999270415
1568999270427
1568999270440
1568999270453
1568999270467
1568999270481
1568999270494
1568999270507
1568999270521
1568999270534
1568999270547
1568999270560
1568999270573
1568999270586
1568999270599
1568999270613
1568999270626
1568999270639
1568999270653
1568999270667
1568999270681
1568999270693
1568999270706
1568999270719
1568999270732
1568999270745
1568999270760
1568999270776
1568999270792
1568999270806
1568999270819
1568999270831
1568999270843
1568999270855
1568999270868
1568999270881
1568999270894
1568999270907
1568999270920
1568999270933
1568999270947
1568999270960
1568999270973
1568999270986
1568999270999
1568999271012
1568999271024
1568999271038
1568999271052
1568999271065
1568999271078
1568999271091
1568999271104
1568999271118
1568999271131
1568999271144
1568999271157
1568999271170
1568999271183
1568999271196
1568999271209
1568999271221
1568999271233
1568999271247
1568999271261
1568999271274
1568999271288
1568999271301
1568999271314
