1568993176052
1568993176065
1568993176080
1568993176094
1568993176108
1568993176122
1568993176135
1568993176150
1568993176163
1568993176176
1568993176189
1568993176203
1568993176216
1568993176231
1568993176245
1568993176259
1568993176272
1568993176286
1568993176299
1568993176313
1568993176327
1568993176340
1568993176354
1568993176367
1568993176380
1568993176395
1568993176408
1568993176422
1568993176435
1568993176448
1568993176460
1568993176474
1568993176489
1568993176502
1568993176516
1568993176530
1568993176543
1568993176558
1568993176572
1568993176586
1568993176601
1568993176614
1568993176628
1568993176642
1568993176655
1568993176670
1568993176684
1568993176698
1568993176711
1568993176726
1568993176740
1568993176754
1568993176767
1568993176781
1568993176795
1568993176809
1568993176823
1568993176836
1568993176850
1568993176863
1568993176877
1568993176891
1568993176905
1568993176920
1568993176933
1568993176947
1568993176961
1568993176975
1568993176989
1568993177003
1568993177016
1568993177031
1568993177045
1568993177059
1568993177073
1568993177087
1568993177100
1568993177114
1568993177128
1568993177141
1568993177154
1568993177168
1568993177181
1568993177195
1568993177209
1568993177223
1568993177237
1568993177251
1568993177265
1568993177280
1568993177294
1568993177309
1568993177323
1568993177337
1568993177351
1568993177365
1568993177379
1568993177394
1568993177408
1568993177423
1568993177437
1568993177451
1568993177464
1568993177478
1568993177492
1568993177505
1568993177519
1568993177533
1568993177547
1568993177561
1568993177576
1568993177590
1568993177603
1568993177617
1568993177631
1568993177644
1568993177658
1568993177672
1568993177686
1568993177700
1568993177714
1568993177727
1568993177740
1568993177754
1568993177767
1568993177780
1568993177793
1568993177806
1568993177818
1568993177831
1568993177844
1568993177857
1568993177870
1568993177884
1568993177898
1568993177911
1568993177925
1568993177939
1568993177953
1568993177967
1568993177981
1568993177994
1568993178008
1568993178021
1568993178034
1568993178047
1568993178060
1568993178073
1568993178087
1568993178099
