1568993131891
1568993131904
1568993131918
1568993131930
1568993131943
1568993131956
1568993131968
1568993131980
1568993131992
1568993132004
1568993132016
1568993132028
1568993132040
1568993132053
1568993132065
1568993132077
1568993132091
1568993132105
1568993132118
1568993132130
1568993132143
1568993132156
1568993132168
1568993132181
1568993132193
1568993132206
1568993132219
1568993132232
1568993132245
1568993132260
1568993132273
1568993132286
1568993132299
1568993132313
1568993132327
1568993132342
1568993132356
1568993132371
1568993132385
1568993132400
1568993132415
1568993132429
1568993132442
1568993132456
1568993132470
1568993132484
1568993132500
1568993132515
1568993132529
1568993132545
1568993132560
1568993132575
1568993132589
1568993132603
1568993132616
1568993132630
1568993132643
1568993132657
1568993132671
1568993132686
1568993132700
1568993132714
1568993132728
1568993132741
1568993132755
1568993132769
1568993132782
1568993132796
1568993132814
1568993132831
1568993132844
1568993132861
1568993132882
1568993132904
1568993132924
1568993132939
1568993132956
1568993132970
1568993132991
1568993133005
1568993133019
1568993133032
1568993133046
1568993133060
1568993133081
1568993133097
1568993133111
1568993133130
1568993133146
1568993133159
1568993133173
1568993133187
1568993133202
1568993133215
1568993133229
1568993133244
1568993133257
1568993133271
1568993133285
1568993133298
1568993133312
1568993133326
1568993133340
1568993133353
1568993133366
1568993133380
1568993133393
1568993133406
1568993133420
1568993133433
1568993133445
1568993133460
1568993133473
1568993133487
1568993133500
1568993133513
1568993133526
1568993133539
1568993133553
1568993133565
1568993133578
1568993133592
1568993133604
1568993133616
1568993133629
1568993133641
1568993133653
1568993133665
1568993133677
1568993133690
1568993133701
1568993133714
1568993133726
1568993133740
1568993133753
1568993133765
1568993133778
1568993133790
1568993133803
1568993133816
1568993133828
1568993133841
1568993133854
1568993133866
1568993133878
1568993133891
1568993133904
1568993133917
1568993133931
1568993133943
