1568993161112
1568993161126
1568993161140
1568993161152
1568993161164
1568993161177
1568993161192
1568993161207
1568993161220
1568993161233
1568993161246
1568993161258
1568993161271
1568993161283
1568993161296
1568993161310
1568993161322
1568993161334
1568993161348
1568993161361
1568993161372
1568993161385
1568993161397
1568993161409
1568993161422
1568993161437
1568993161452
1568993161466
1568993161480
1568993161494
1568993161509
1568993161524
1568993161537
1568993161550
1568993161563
1568993161576
1568993161589
1568993161603
1568993161616
1568993161629
1568993161643
1568993161657
1568993161670
1568993161684
1568993161697
1568993161710
1568993161722
1568993161737
1568993161750
1568993161765
1568993161779
1568993161793
1568993161806
1568993161822
1568993161834
1568993161849
1568993161861
1568993161874
1568993161886
1568993161899
1568993161912
1568993161927
1568993161940
1568993161953
1568993161965
1568993161978
1568993161990
1568993162005
1568993162018
1568993162030
1568993162043
1568993162057
1568993162071
1568993162088
1568993162101
1568993162114
1568993162128
1568993162141
1568993162155
1568993162168
1568993162181
1568993162194
1568993162207
1568993162220
1568993162234
1568993162248
1568993162263
1568993162278
1568993162293
1568993162308
1568993162321
1568993162336
1568993162350
1568993162363
1568993162377
1568993162391
1568993162404
1568993162418
1568993162431
1568993162445
1568993162457
1568993162471
1568993162484
1568993162497
1568993162511
1568993162525
1568993162538
1568993162552
1568993162565
1568993162579
1568993162593
1568993162608
1568993162622
1568993162636
1568993162649
1568993162663
1568993162677
1568993162690
1568993162704
1568993162717
1568993162730
1568993162745
1568993162759
1568993162773
1568993162788
1568993162802
1568993162815
1568993162828
1568993162842
1568993162855
1568993162868
1568993162881
1568993162895
1568993162910
1568993162924
1568993162937
1568993162950
1568993162964
1568993162979
1568993162992
1568993163006
1568993163020
1568993163034
1568993163048
1568993163062
1568993163076
1568993163090
1568993163103
1568993163117
1568993163131
