1568993144813
1568993144827
1568993144841
1568993144853
1568993144866
1568993144878
1568993144891
1568993144905
1568993144919
1568993144933
1568993144945
1568993144957
1568993144970
1568993144983
1568993144997
1568993145010
1568993145023
1568993145036
1568993145050
1568993145063
1568993145078
1568993145091
1568993145105
1568993145118
1568993145132
1568993145147
1568993145160
1568993145174
1568993145186
1568993145199
1568993145211
1568993145224
1568993145237
1568993145251
1568993145266
1568993145279
1568993145292
1568993145306
1568993145319
1568993145332
1568993145345
1568993145358
1568993145371
1568993145384
1568993145396
1568993145409
1568993145422
1568993145435
1568993145448
1568993145463
1568993145476
1568993145488
1568993145502
1568993145515
1568993145528
1568993145541
1568993145553
1568993145565
1568993145576
1568993145589
1568993145601
1568993145614
1568993145627
1568993145639
1568993145653
1568993145665
1568993145677
1568993145689
1568993145701
1568993145714
1568993145726
1568993145739
1568993145752
1568993145765
1568993145779
1568993145792
1568993145805
1568993145818
1568993145830
1568993145844
1568993145857
1568993145870
1568993145883
1568993145896
1568993145909
1568993145923
1568993145936
1568993145949
1568993145962
1568993145976
1568993145989
1568993146002
1568993146015
1568993146029
1568993146042
1568993146056
1568993146069
1568993146083
1568993146096
1568993146109
1568993146122
1568993146135
1568993146147
1568993146160
1568993146173
1568993146187
1568993146200
1568993146213
1568993146226
1568993146240
1568993146253
1568993146266
1568993146279
1568993146293
1568993146306
1568993146319
1568993146332
1568993146345
1568993146360
1568993146374
1568993146388
1568993146403
1568993146417
1568993146430
1568993146443
1568993146456
1568993146469
1568993146484
1568993146499
1568993146516
1568993146534
1568993146552
1568993146566
1568993146581
1568993146596
1568993146609
1568993146623
1568993146635
1568993146650
1568993146664
1568993146678
1568993146693
1568993146706
1568993146720
1568993146733
1568993146746
1568993146759
1568993146773
1568993146785
1568993146799
