1568993152949
1568993152962
1568993152976
1568993152989
1568993153003
1568993153016
1568993153029
1568993153043
1568993153056
1568993153069
1568993153082
1568993153095
1568993153109
1568993153124
1568993153137
1568993153152
1568993153166
1568993153180
1568993153193
1568993153207
1568993153220
1568993153233
1568993153247
1568993153261
1568993153275
1568993153289
1568993153302
1568993153318
1568993153331
1568993153344
1568993153356
1568993153370
1568993153383
1568993153397
1568993153411
1568993153425
1568993153438
1568993153452
1568993153464
1568993153478
1568993153490
1568993153503
1568993153516
1568993153529
1568993153543
1568993153556
1568993153569
1568993153582
1568993153596
1568993153612
1568993153625
1568993153638
1568993153650
1568993153662
1568993153676
1568993153689
1568993153701
1568993153714
1568993153727
1568993153740
1568993153753
1568993153767
1568993153780
1568993153796
1568993153808
1568993153821
1568993153834
1568993153847
1568993153860
1568993153873
1568993153888
1568993153900
1568993153916
1568993153930
1568993153943
1568993153957
1568993153970
1568993153983
1568993153996
1568993154010
1568993154024
1568993154038
1568993154051
1568993154065
1568993154078
1568993154092
1568993154107
1568993154121
1568993154134
1568993154148
1568993154161
1568993154175
1568993154190
1568993154204
1568993154218
1568993154232
1568993154247
1568993154262
1568993154276
1568993154290
1568993154304
1568993154317
1568993154330
1568993154344
1568993154358
1568993154372
1568993154386
1568993154400
1568993154413
1568993154428
1568993154442
1568993154456
1568993154470
1568993154484
1568993154497
1568993154511
1568993154524
1568993154537
1568993154550
1568993154563
1568993154576
1568993154591
1568993154605
1568993154619
1568993154631
1568993154644
1568993154657
1568993154670
1568993154682
1568993154697
1568993154712
1568993154725
1568993154739
1568993154753
1568993154767
1568993154781
1568993154793
1568993154806
1568993154819
1568993154832
1568993154845
1568993154857
1568993154870
1568993154882
1568993154895
1568993154910
1568993154924
1568993154938
1568993154951
1568993154967
