1568993169345
1568993169362
1568993169380
1568993169394
1568993169408
1568993169422
1568993169436
1568993169450
1568993169463
1568993169477
1568993169491
1568993169506
1568993169520
1568993169534
1568993169547
1568993169560
1568993169574
1568993169589
1568993169602
1568993169616
1568993169630
1568993169644
1568993169659
1568993169673
1568993169688
1568993169704
1568993169719
1568993169733
1568993169746
1568993169760
1568993169775
1568993169787
1568993169800
1568993169814
1568993169828
1568993169841
1568993169854
1568993169869
1568993169883
1568993169896
1568993169912
1568993169928
1568993169941
1568993169955
1568993169970
1568993169983
1568993169996
1568993170009
1568993170023
1568993170036
1568993170050
1568993170064
1568993170080
1568993170095
1568993170109
1568993170123
1568993170138
1568993170154
1568993170170
1568993170186
1568993170201
1568993170216
1568993170231
1568993170247
1568993170261
1568993170275
1568993170291
1568993170306
1568993170323
1568993170337
1568993170351
1568993170365
1568993170379
1568993170395
1568993170411
1568993170425
1568993170438
1568993170452
1568993170467
1568993170481
1568993170495
1568993170509
1568993170524
1568993170538
1568993170553
1568993170569
1568993170584
1568993170598
1568993170614
1568993170631
1568993170645
1568993170660
1568993170674
1568993170689
1568993170703
1568993170718
1568993170733
1568993170749
1568993170763
1568993170779
1568993170794
1568993170808
1568993170823
1568993170838
1568993170853
1568993170867
1568993170881
1568993170896
1568993170911
1568993170926
1568993170940
1568993170954
1568993170969
1568993170985
1568993170998
1568993171013
1568993171027
1568993171040
1568993171053
1568993171066
1568993171080
1568993171094
1568993171108
1568993171122
1568993171137
1568993171151
1568993171165
1568993171178
1568993171191
1568993171204
1568993171218
1568993171231
1568993171244
1568993171259
1568993171273
1568993171286
1568993171298
1568993171312
1568993171326
1568993171341
1568993171355
1568993171369
1568993171382
1568993171395
1568993171409
1568993171424
1568993171437
1568993171451
1568993171464
1568993171479
