1568131905877
1568131905890
1568131905904
1568131905917
1568131905929
1568131905942
1568131905954
1568131905967
1568131905979
1568131905991
1568131906003
1568131906016
1568131906028
1568131906040
1568131906053
1568131906065
1568131906077
1568131906089
1568131906101
1568131906114
1568131906126
1568131906138
1568131906150
1568131906163
1568131906175
1568131906189
1568131906203
1568131906218
1568131906232
1568131906246
1568131906260
1568131906275
1568131906288
1568131906302
1568131906315
1568131906329
1568131906342
1568131906356
1568131906369
1568131906386
1568131906400
1568131906415
1568131906429
1568131906444
1568131906458
1568131906473
1568131906487
1568131906500
1568131906513
1568131906527
1568131906541
1568131906554
1568131906567
1568131906581
1568131906593
1568131906606
1568131906620
1568131906633
1568131906646
1568131906659
1568131906672
1568131906687
1568131906701
1568131906714
1568131906728
1568131906743
1568131906756
1568131906770
1568131906783
1568131906797
1568131906811
1568131906825
1568131906839
1568131906853
1568131906867
1568131906881
1568131906894
1568131906908
1568131906922
1568131906935
1568131906948
1568131906961
1568131906974
1568131906989
1568131907004
1568131907019
1568131907034
1568131907049
1568131907063
1568131907076
1568131907090
1568131907104
1568131907118
1568131907133
1568131907146
1568131907160
1568131907175
1568131907189
1568131907204
1568131907218
1568131907232
1568131907246
1568131907259
1568131907273
1568131907288
1568131907302
1568131907315
1568131907329
1568131907343
1568131907359
1568131907372
1568131907387
1568131907401
1568131907416
1568131907430
1568131907444
1568131907458
1568131907472
1568131907486
1568131907499
1568131907513
1568131907527
1568131907540
1568131907553
1568131907565
1568131907578
1568131907590
1568131907603
1568131907615
1568131907628
1568131907640
1568131907652
1568131907665
1568131907678
1568131907691
1568131907704
1568131907717
1568131907730
1568131907742
1568131907756
1568131907768
1568131907781
1568131907794
1568131907807
1568131907819
1568131907833
1568131907846
1568131907859
1568131907872
1568131907884
