1568131895930
1568131895944
1568131895959
1568131895972
1568131895984
1568131895998
1568131896011
1568131896024
1568131896037
1568131896050
1568131896063
1568131896076
1568131896089
1568131896103
1568131896117
1568131896131
1568131896144
1568131896158
1568131896172
1568131896185
1568131896200
1568131896214
1568131896227
1568131896241
1568131896255
1568131896269
1568131896283
1568131896297
1568131896311
1568131896325
1568131896340
1568131896355
1568131896369
1568131896383
1568131896399
1568131896413
1568131896427
1568131896441
1568131896455
1568131896470
1568131896484
1568131896498
1568131896514
1568131896529
1568131896542
1568131896557
1568131896570
1568131896585
1568131896598
1568131896612
1568131896625
1568131896638
1568131896651
1568131896664
1568131896677
1568131896691
1568131896704
1568131896718
1568131896731
1568131896744
1568131896758
1568131896773
1568131896787
1568131896802
1568131896815
1568131896828
1568131896841
1568131896855
1568131896868
1568131896882
1568131896895
1568131896908
1568131896923
1568131896937
1568131896951
1568131896965
1568131896979
1568131896993
1568131897006
1568131897020
1568131897035
1568131897049
1568131897063
1568131897078
1568131897093
1568131897108
1568131897123
1568131897137
1568131897152
1568131897166
1568131897180
1568131897194
1568131897208
1568131897223
1568131897237
1568131897251
1568131897264
1568131897279
1568131897293
1568131897308
1568131897322
1568131897337
1568131897351
1568131897365
1568131897378
1568131897393
1568131897407
1568131897422
1568131897435
1568131897450
1568131897465
1568131897479
1568131897493
1568131897507
1568131897522
1568131897536
1568131897550
1568131897564
1568131897576
1568131897589
1568131897602
1568131897615
1568131897628
1568131897641
1568131897654
1568131897666
1568131897678
1568131897691
1568131897704
1568131897717
1568131897730
1568131897743
1568131897756
1568131897769
1568131897781
1568131897794
1568131897807
1568131897821
1568131897833
1568131897846
1568131897859
1568131897872
1568131897885
1568131897898
1568131897911
1568131897924
1568131897937
1568131897950
1568131897963
1568131897976
