1568131887442
1568131887456
1568131887471
1568131887483
1568131887496
1568131887508
1568131887520
1568131887533
1568131887546
1568131887559
1568131887572
1568131887585
1568131887597
1568131887612
1568131887625
1568131887639
1568131887653
1568131887665
1568131887678
1568131887691
1568131887705
1568131887718
1568131887731
1568131887744
1568131887760
1568131887775
1568131887790
1568131887806
1568131887820
1568131887835
1568131887848
1568131887862
1568131887876
1568131887890
1568131887904
1568131887919
1568131887932
1568131887946
1568131887960
1568131887974
1568131887988
1568131888001
1568131888014
1568131888028
1568131888041
1568131888054
1568131888067
1568131888080
1568131888093
1568131888109
1568131888122
1568131888136
1568131888149
1568131888163
1568131888177
1568131888190
1568131888203
1568131888218
1568131888231
1568131888244
1568131888257
1568131888273
1568131888287
1568131888302
1568131888316
1568131888330
1568131888343
1568131888357
1568131888371
1568131888384
1568131888399
1568131888414
1568131888428
1568131888444
1568131888458
1568131888472
1568131888486
1568131888500
1568131888514
1568131888527
1568131888540
1568131888555
1568131888569
1568131888583
1568131888598
1568131888613
1568131888627
1568131888641
1568131888657
1568131888672
1568131888686
1568131888700
1568131888714
1568131888729
1568131888743
1568131888758
1568131888772
1568131888787
1568131888802
1568131888817
1568131888831
1568131888845
1568131888859
1568131888873
1568131888888
1568131888902
1568131888916
1568131888930
1568131888945
1568131888960
1568131888974
1568131888989
1568131889003
1568131889017
1568131889031
1568131889046
1568131889060
1568131889074
1568131889088
1568131889102
1568131889117
1568131889131
1568131889144
1568131889157
1568131889170
1568131889183
1568131889196
1568131889210
1568131889222
1568131889235
1568131889247
1568131889260
1568131889272
1568131889287
1568131889300
1568131889312
1568131889325
1568131889337
1568131889349
1568131889361
1568131889374
1568131889386
1568131889399
1568131889411
1568131889424
1568131889437
1568131889449
1568131889462
1568131889475
1568131889488
