1568220809919
1568220809934
1568220809949
1568220809962
1568220809976
1568220809990
1568220810004
1568220810017
1568220810031
1568220810045
1568220810058
1568220810073
1568220810087
1568220810102
1568220810116
1568220810131
1568220810145
1568220810159
1568220810172
1568220810184
1568220810197
1568220810209
1568220810222
1568220810236
1568220810251
1568220810266
1568220810280
1568220810294
1568220810309
1568220810323
1568220810337
1568220810351
1568220810365
1568220810378
1568220810392
1568220810406
1568220810421
1568220810437
1568220810451
1568220810466
1568220810478
1568220810491
1568220810507
1568220810522
1568220810536
1568220810554
1568220810569
1568220810584
1568220810600
1568220810617
1568220810633
1568220810647
1568220810659
1568220810673
1568220810686
1568220810699
1568220810713
1568220810728
1568220810742
1568220810758
1568220810772
1568220810786
1568220810800
1568220810817
1568220810830
1568220810843
1568220810857
1568220810870
1568220810885
1568220810900
1568220810915
1568220810930
1568220810945
1568220810960
1568220810974
1568220810987
1568220811001
1568220811015
1568220811028
1568220811042
1568220811055
1568220811069
1568220811084
1568220811098
1568220811113
1568220811128
1568220811141
1568220811156
1568220811170
1568220811185
1568220811200
1568220811215
1568220811228
1568220811243
1568220811257
1568220811271
1568220811285
1568220811299
1568220811313
1568220811327
1568220811341
1568220811355
1568220811369
1568220811384
1568220811398
1568220811412
1568220811426
1568220811439
1568220811452
1568220811467
1568220811481
1568220811496
1568220811511
1568220811525
1568220811538
1568220811553
1568220811567
1568220811581
1568220811595
1568220811610
1568220811625
1568220811641
1568220811655
1568220811669
1568220811682
1568220811698
1568220811712
1568220811726
1568220811740
1568220811754
1568220811768
1568220811783
1568220811798
1568220811813
1568220811827
1568220811841
1568220811854
1568220811867
1568220811881
1568220811896
1568220811910
1568220811923
1568220811936
1568220811950
1568220811964
1568220811978
1568220811991
1568220812007
1568220812022
1568220812035
