1568220795297
1568220795311
1568220795326
1568220795340
1568220795353
1568220795367
1568220795382
1568220795395
1568220795409
1568220795423
1568220795436
1568220795450
1568220795465
1568220795479
1568220795493
1568220795508
1568220795521
1568220795535
1568220795548
1568220795563
1568220795577
1568220795591
1568220795605
1568220795619
1568220795633
1568220795648
1568220795663
1568220795677
1568220795691
1568220795705
1568220795719
1568220795733
1568220795747
1568220795761
1568220795776
1568220795791
1568220795805
1568220795819
1568220795832
1568220795845
1568220795858
1568220795870
1568220795883
1568220795896
1568220795909
1568220795922
1568220795934
1568220795947
1568220795960
1568220795974
1568220795988
1568220796002
1568220796016
1568220796030
1568220796043
1568220796056
1568220796070
1568220796085
1568220796098
1568220796110
1568220796126
1568220796141
1568220796154
1568220796167
1568220796180
1568220796193
1568220796206
1568220796218
1568220796229
1568220796242
1568220796255
1568220796268
1568220796282
1568220796297
1568220796312
1568220796327
1568220796340
1568220796353
1568220796367
1568220796380
1568220796394
1568220796408
1568220796422
1568220796436
1568220796449
1568220796464
1568220796478
1568220796493
1568220796507
1568220796520
1568220796535
1568220796550
1568220796564
1568220796577
1568220796590
1568220796604
1568220796618
1568220796633
1568220796647
1568220796662
1568220796676
1568220796689
1568220796703
1568220796717
1568220796731
1568220796745
1568220796759
1568220796774
1568220796788
1568220796802
1568220796816
1568220796830
1568220796844
1568220796858
1568220796871
1568220796886
1568220796901
1568220796915
1568220796929
1568220796944
1568220796958
1568220796973
1568220796987
1568220797002
1568220797015
1568220797029
1568220797043
1568220797056
1568220797068
1568220797082
1568220797095
1568220797108
1568220797121
1568220797135
1568220797148
1568220797162
1568220797176
1568220797189
1568220797202
1568220797216
1568220797229
1568220797242
1568220797254
1568220797268
1568220797283
1568220797297
1568220797313
1568220797326
1568220797339
1568220797353
