1568220814739
1568220814755
1568220814771
1568220814784
1568220814797
1568220814810
1568220814823
1568220814836
1568220814849
1568220814863
1568220814877
1568220814891
1568220814904
1568220814918
1568220814930
1568220814945
1568220814958
1568220814972
1568220814985
1568220814998
1568220815012
1568220815026
1568220815040
1568220815052
1568220815065
1568220815080
1568220815094
1568220815107
1568220815120
1568220815133
1568220815146
1568220815159
1568220815171
1568220815184
1568220815197
1568220815210
1568220815223
1568220815237
1568220815252
1568220815266
1568220815279
1568220815291
1568220815304
1568220815318
1568220815332
1568220815345
1568220815357
1568220815371
1568220815385
1568220815398
1568220815412
1568220815425
1568220815437
1568220815450
1568220815464
1568220815479
1568220815493
1568220815506
1568220815521
1568220815536
1568220815548
1568220815562
1568220815575
1568220815590
1568220815603
1568220815616
1568220815628
1568220815641
1568220815653
1568220815666
1568220815680
1568220815693
1568220815707
1568220815724
1568220815738
1568220815752
1568220815767
1568220815782
1568220815795
1568220815810
1568220815824
1568220815838
1568220815851
1568220815865
1568220815881
1568220815896
1568220815911
1568220815926
1568220815940
1568220815955
1568220815969
1568220815985
1568220816000
1568220816015
1568220816030
1568220816044
1568220816059
1568220816075
1568220816089
1568220816103
1568220816118
1568220816133
1568220816147
1568220816161
1568220816175
1568220816189
1568220816203
1568220816218
1568220816232
1568220816248
1568220816262
1568220816276
1568220816291
1568220816305
1568220816319
1568220816334
1568220816347
1568220816362
1568220816376
1568220816390
1568220816405
1568220816420
1568220816436
1568220816451
1568220816466
1568220816481
1568220816495
1568220816508
1568220816523
1568220816539
1568220816554
1568220816567
1568220816581
1568220816597
1568220816612
1568220816626
1568220816640
1568220816655
1568220816669
1568220816684
1568220816699
1568220816714
1568220816728
1568220816743
1568220816757
1568220816772
1568220816786
1568220816801
1568220816814
1568220816827
