1568220796887
1568220796902
1568220796918
1568220796932
1568220796945
1568220796959
1568220796974
1568220796989
1568220797004
1568220797019
1568220797035
1568220797050
1568220797063
1568220797078
1568220797092
1568220797107
1568220797121
1568220797134
1568220797148
1568220797163
1568220797178
1568220797192
1568220797207
1568220797221
1568220797235
1568220797248
1568220797262
1568220797277
1568220797291
1568220797306
1568220797320
1568220797333
1568220797346
1568220797360
1568220797374
1568220797387
1568220797399
1568220797412
1568220797425
1568220797440
1568220797454
1568220797468
1568220797482
1568220797496
1568220797510
1568220797523
1568220797536
1568220797549
1568220797562
1568220797576
1568220797589
1568220797602
1568220797616
1568220797630
1568220797642
1568220797655
1568220797669
1568220797682
1568220797695
1568220797707
1568220797719
1568220797733
1568220797745
1568220797758
1568220797771
1568220797785
1568220797799
1568220797814
1568220797827
1568220797839
1568220797853
1568220797867
1568220797881
1568220797895
1568220797908
1568220797922
1568220797936
1568220797950
1568220797963
1568220797976
1568220797989
1568220798002
1568220798015
1568220798030
1568220798044
1568220798059
1568220798072
1568220798086
1568220798100
1568220798114
1568220798127
1568220798141
1568220798155
1568220798169
1568220798182
1568220798196
1568220798210
1568220798225
1568220798240
1568220798254
1568220798268
1568220798283
1568220798298
1568220798312
1568220798326
1568220798340
1568220798353
1568220798367
1568220798380
1568220798395
1568220798409
1568220798424
1568220798438
1568220798452
1568220798467
1568220798481
1568220798496
1568220798509
1568220798524
1568220798540
1568220798554
1568220798569
1568220798582
1568220798596
1568220798610
1568220798624
1568220798638
1568220798653
1568220798667
1568220798682
1568220798697
1568220798712
1568220798726
1568220798742
1568220798757
1568220798772
1568220798786
1568220798800
1568220798814
1568220798830
1568220798843
1568220798858
1568220798872
1568220798888
1568220798904
1568220798919
1568220798935
1568220798950
1568220798964
1568220798979
