1568220782641
1568220782653
1568220782667
1568220782679
1568220782692
1568220782705
1568220782717
1568220782728
1568220782741
1568220782753
1568220782766
1568220782778
1568220782791
1568220782805
1568220782818
1568220782831
1568220782844
1568220782857
1568220782870
1568220782883
1568220782895
1568220782909
1568220782921
1568220782935
1568220782948
1568220782961
1568220782974
1568220782987
1568220783001
1568220783013
1568220783025
1568220783038
1568220783051
1568220783064
1568220783076
1568220783089
1568220783102
1568220783115
1568220783128
1568220783141
1568220783154
1568220783167
1568220783179
1568220783192
1568220783205
1568220783218
1568220783230
1568220783242
1568220783255
1568220783268
1568220783281
1568220783294
1568220783306
1568220783319
1568220783332
1568220783345
1568220783358
1568220783371
1568220783384
1568220783397
1568220783410
1568220783424
1568220783438
1568220783451
1568220783463
1568220783476
1568220783489
1568220783502
1568220783515
1568220783528
1568220783542
1568220783554
1568220783567
1568220783581
1568220783594
1568220783608
1568220783622
1568220783635
1568220783648
1568220783662
1568220783674
1568220783687
1568220783700
1568220783714
1568220783727
1568220783741
1568220783754
1568220783767
1568220783781
1568220783794
1568220783807
1568220783820
1568220783833
1568220783847
1568220783860
1568220783874
1568220783887
1568220783901
1568220783915
1568220783929
1568220783943
1568220783956
1568220783970
1568220783984
1568220783998
1568220784011
1568220784024
1568220784038
1568220784051
1568220784065
1568220784079
1568220784092
1568220784106
1568220784120
1568220784133
1568220784147
1568220784161
1568220784175
1568220784188
1568220784201
1568220784215
1568220784229
1568220784242
1568220784256
1568220784269
1568220784283
1568220784296
1568220784310
1568220784324
1568220784339
1568220784352
1568220784365
1568220784379
1568220784394
1568220784407
1568220784420
1568220784432
1568220784445
1568220784458
1568220784471
1568220784484
1568220784498
1568220784511
1568220784526
1568220784540
1568220784555
1568220784569
1568220784583
1568220784597
1568220784610
