1568220816360
1568220816374
1568220816390
1568220816404
1568220816418
1568220816432
1568220816446
1568220816460
1568220816474
1568220816488
1568220816501
1568220816515
1568220816530
1568220816546
1568220816560
1568220816574
1568220816588
1568220816601
1568220816616
1568220816630
1568220816644
1568220816659
1568220816673
1568220816687
1568220816702
1568220816717
1568220816731
1568220816745
1568220816759
1568220816773
1568220816787
1568220816801
1568220816814
1568220816827
1568220816843
1568220816856
1568220816869
1568220816884
1568220816897
1568220816910
1568220816923
1568220816937
1568220816949
1568220816962
1568220816975
1568220816986
1568220817001
1568220817014
1568220817027
1568220817041
1568220817055
1568220817068
1568220817082
1568220817097
1568220817110
1568220817123
1568220817135
1568220817148
1568220817161
1568220817174
1568220817188
1568220817201
1568220817215
1568220817228
1568220817241
1568220817255
1568220817270
1568220817283
1568220817297
1568220817309
1568220817322
1568220817336
1568220817350
1568220817365
1568220817378
1568220817392
1568220817406
1568220817419
1568220817432
1568220817447
1568220817462
1568220817476
1568220817490
1568220817505
1568220817519
1568220817534
1568220817549
1568220817563
1568220817578
1568220817592
1568220817605
1568220817619
1568220817633
1568220817648
1568220817662
1568220817677
1568220817692
1568220817707
1568220817721
1568220817735
1568220817749
1568220817763
1568220817777
1568220817792
1568220817807
1568220817822
1568220817836
1568220817851
1568220817866
1568220817881
1568220817895
1568220817909
1568220817924
1568220817937
1568220817950
1568220817964
1568220817978
1568220817993
1568220818008
1568220818022
1568220818037
1568220818053
1568220818067
1568220818082
1568220818096
1568220818110
1568220818125
1568220818139
1568220818153
1568220818167
1568220818180
1568220818194
1568220818207
1568220818222
1568220818236
1568220818250
1568220818264
1568220818278
1568220818292
1568220818306
1568220818319
1568220818333
1568220818347
1568220818361
1568220818375
1568220818390
1568220818404
1568220818418
1568220818431
1568220818445
