1568996700612
1568996700627
1568996700641
1568996700653
1568996700664
1568996700676
1568996700689
1568996700701
1568996700712
1568996700724
1568996700736
1568996700749
1568996700762
1568996700777
1568996700790
1568996700802
1568996700814
1568996700826
1568996700839
1568996700851
1568996700863
1568996700875
1568996700887
1568996700902
1568996700914
1568996700928
1568996700941
1568996700954
1568996700968
1568996700982
1568996700995
1568996701008
1568996701021
1568996701034
1568996701047
1568996701060
1568996701072
1568996701086
1568996701099
1568996701113
1568996701125
1568996701138
1568996701151
1568996701164
1568996701177
1568996701191
1568996701204
1568996701217
1568996701230
1568996701244
1568996701258
1568996701271
1568996701283
1568996701297
1568996701310
1568996701323
1568996701336
1568996701349
1568996701361
1568996701374
1568996701387
1568996701401
1568996701415
1568996701428
1568996701441
1568996701454
1568996701467
1568996701481
1568996701495
1568996701508
1568996701522
1568996701535
1568996701548
1568996701562
1568996701575
1568996701588
1568996701601
1568996701614
1568996701628
1568996701641
1568996701654
1568996701667
1568996701680
1568996701693
1568996701706
1568996701724
1568996701737
1568996701751
1568996701764
1568996701779
1568996701792
1568996701806
1568996701820
1568996701833
1568996701847
1568996701861
1568996701875
1568996701889
1568996701902
1568996701915
1568996701928
1568996701941
1568996701954
1568996701968
1568996701980
1568996701994
1568996702008
1568996702021
1568996702034
1568996702048
1568996702062
1568996702078
1568996702092
1568996702106
1568996702120
1568996702134
1568996702148
1568996702164
1568996702178
1568996702192
1568996702207
1568996702222
1568996702234
1568996702246
1568996702258
1568996702272
1568996702285
1568996702298
1568996702312
1568996702324
1568996702337
1568996702350
1568996702363
1568996702377
1568996702390
1568996702402
1568996702415
1568996702427
1568996702438
1568996702450
1568996702462
1568996702473
1568996702485
1568996702496
1568996702508
1568996702520
1568996702532
1568996702544
1568996702556
1568996702568
