1568996735491
1568996735504
1568996735519
1568996735531
1568996735543
1568996735556
1568996735570
1568996735583
1568996735596
1568996735608
1568996735620
1568996735634
1568996735647
1568996735662
1568996735675
1568996735689
1568996735703
1568996735717
1568996735730
1568996735744
1568996735757
1568996735771
1568996735784
1568996735796
1568996735809
1568996735823
1568996735837
1568996735850
1568996735862
1568996735874
1568996735886
1568996735898
1568996735911
1568996735923
1568996735935
1568996735948
1568996735964
1568996735979
1568996735992
1568996736004
1568996736016
1568996736028
1568996736040
1568996736052
1568996736064
1568996736077
1568996736089
1568996736101
1568996736113
1568996736126
1568996736138
1568996736151
1568996736164
1568996736177
1568996736189
1568996736202
1568996736216
1568996736228
1568996736241
1568996736252
1568996736264
1568996736277
1568996736290
1568996736303
1568996736317
1568996736330
1568996736343
1568996736355
1568996736368
1568996736381
1568996736394
1568996736407
1568996736420
1568996736434
1568996736447
1568996736460
1568996736473
1568996736496
1568996736510
1568996736536
1568996736550
1568996736563
1568996736576
1568996736589
1568996736602
1568996736616
1568996736630
1568996736643
1568996736657
1568996736670
1568996736683
1568996736697
1568996736711
1568996736726
1568996736740
1568996736754
1568996736767
1568996736782
1568996736796
1568996736810
1568996736823
1568996736836
1568996736850
1568996736863
1568996736878
1568996736891
1568996736904
1568996736919
1568996736932
1568996736946
1568996736959
1568996736973
1568996736987
1568996737001
1568996737015
1568996737028
1568996737042
1568996737055
1568996737067
1568996737080
1568996737094
1568996737107
1568996737121
1568996737133
1568996737145
1568996737158
1568996737169
1568996737183
1568996737195
1568996737208
1568996737220
1568996737234
1568996737248
1568996737264
1568996737277
1568996737292
1568996737304
1568996737319
1568996737331
1568996737344
1568996737357
1568996737371
1568996737383
1568996737397
1568996737410
1568996737425
1568996737437
1568996737449
1568996737462
1568996737476
