1568996695736
1568996695750
1568996695764
1568996695777
1568996695789
1568996695801
1568996695813
1568996695825
1568996695837
1568996695849
1568996695861
1568996695873
1568996695885
1568996695898
1568996695910
1568996695923
1568996695935
1568996695947
1568996695959
1568996695971
1568996695982
1568996695995
1568996696007
1568996696019
1568996696033
1568996696046
1568996696059
1568996696072
1568996696085
1568996696098
1568996696111
1568996696123
1568996696134
1568996696146
1568996696159
1568996696172
1568996696186
1568996696199
1568996696212
1568996696225
1568996696239
1568996696252
1568996696266
1568996696279
1568996696292
1568996696305
1568996696318
1568996696331
1568996696343
1568996696357
1568996696370
1568996696383
1568996696396
1568996696409
1568996696422
1568996696435
1568996696448
1568996696461
1568996696474
1568996696487
1568996696500
1568996696514
1568996696527
1568996696540
1568996696553
1568996696566
1568996696578
1568996696592
1568996696605
1568996696618
1568996696631
1568996696645
1568996696658
1568996696672
1568996696685
1568996696698
1568996696712
1568996696726
1568996696739
1568996696753
1568996696768
1568996696782
1568996696795
1568996696810
1568996696823
1568996696838
1568996696851
1568996696864
1568996696879
1568996696893
1568996696907
1568996696921
1568996696934
1568996696947
1568996696961
1568996696974
1568996696988
1568996697002
1568996697016
1568996697030
1568996697043
1568996697055
1568996697068
1568996697080
1568996697093
1568996697106
1568996697119
1568996697133
1568996697146
1568996697160
1568996697174
1568996697187
1568996697200
1568996697213
1568996697226
1568996697239
1568996697252
1568996697264
1568996697278
1568996697291
1568996697304
1568996697317
1568996697330
1568996697344
1568996697357
1568996697369
1568996697381
1568996697393
1568996697405
1568996697417
1568996697430
1568996697441
1568996697453
1568996697466
1568996697478
1568996697492
1568996697505
1568996697517
1568996697531
1568996697543
1568996697554
1568996697567
1568996697579
1568996697592
1568996697604
1568996697616
1568996697627
1568996697640
1568996697651
1568996697662
