1568996746197
1568996746211
1568996746226
1568996746240
1568996746253
1568996746267
1568996746281
1568996746294
1568996746308
1568996746321
1568996746334
1568996746347
1568996746359
1568996746372
1568996746385
1568996746398
1568996746410
1568996746422
1568996746433
1568996746444
1568996746456
1568996746470
1568996746484
1568996746496
1568996746508
1568996746521
1568996746536
1568996746550
1568996746562
1568996746575
1568996746587
1568996746602
1568996746616
1568996746629
1568996746643
1568996746658
1568996746672
1568996746686
1568996746698
1568996746711
1568996746725
1568996746739
1568996746752
1568996746766
1568996746779
1568996746792
1568996746804
1568996746816
1568996746829
1568996746842
1568996746855
1568996746869
1568996746882
1568996746895
1568996746907
1568996746921
1568996746934
1568996746946
1568996746959
1568996746972
1568996746984
1568996746997
1568996747011
1568996747024
1568996747036
1568996747047
1568996747060
1568996747072
1568996747086
1568996747100
1568996747114
1568996747126
1568996747139
1568996747152
1568996747166
1568996747180
1568996747194
1568996747206
1568996747218
1568996747231
1568996747244
1568996747258
1568996747271
1568996747284
1568996747296
1568996747310
1568996747323
1568996747336
1568996747351
1568996747364
1568996747380
1568996747395
1568996747408
1568996747422
1568996747435
1568996747449
1568996747463
1568996747478
1568996747492
1568996747505
1568996747518
1568996747533
1568996747547
1568996747561
1568996747575
1568996747588
1568996747601
1568996747614
1568996747629
1568996747646
1568996747661
1568996747675
1568996747690
1568996747705
1568996747720
1568996747734
1568996747748
1568996747760
1568996747774
1568996747787
1568996747800
1568996747813
1568996747826
1568996747839
1568996747851
1568996747863
1568996747877
1568996747889
1568996747902
1568996747914
1568996747927
1568996747939
1568996747952
1568996747966
1568996747979
1568996747993
1568996748007
1568996748020
1568996748033
1568996748045
1568996748058
1568996748072
1568996748085
1568996748098
1568996748111
1568996748126
1568996748140
1568996748154
1568996748167
1568996748181
