1568996723001
1568996723015
1568996723031
1568996723044
1568996723057
1568996723069
1568996723082
1568996723096
1568996723109
1568996723122
1568996723135
1568996723148
1568996723161
1568996723176
1568996723189
1568996723203
1568996723216
1568996723229
1568996723242
1568996723255
1568996723268
1568996723281
1568996723294
1568996723306
1568996723321
1568996723336
1568996723350
1568996723363
1568996723377
1568996723390
1568996723404
1568996723417
1568996723431
1568996723444
1568996723457
1568996723469
1568996723482
1568996723495
1568996723508
1568996723520
1568996723533
1568996723546
1568996723559
1568996723572
1568996723584
1568996723596
1568996723607
1568996723620
1568996723633
1568996723646
1568996723658
1568996723670
1568996723683
1568996723696
1568996723709
1568996723721
1568996723732
1568996723745
1568996723757
1568996723769
1568996723782
1568996723795
1568996723807
1568996723820
1568996723832
1568996723844
1568996723856
1568996723869
1568996723881
1568996723894
1568996723906
1568996723919
1568996723931
1568996723943
1568996723955
1568996723968
1568996723981
1568996723995
1568996724008
1568996724021
1568996724033
1568996724047
1568996724060
1568996724074
1568996724090
1568996724105
1568996724120
1568996724135
1568996724148
1568996724164
1568996724180
1568996724195
1568996724209
1568996724224
1568996724237
1568996724250
1568996724264
1568996724279
1568996724293
1568996724306
1568996724319
1568996724333
1568996724347
1568996724361
1568996724374
1568996724388
1568996724401
1568996724415
1568996724428
1568996724443
1568996724456
1568996724470
1568996724484
1568996724497
1568996724509
1568996724522
1568996724537
1568996724550
1568996724563
1568996724575
1568996724587
1568996724599
1568996724612
1568996724625
1568996724637
1568996724649
1568996724662
1568996724674
1568996724688
1568996724701
1568996724715
1568996724728
1568996724742
1568996724755
1568996724768
1568996724781
1568996724794
1568996724807
1568996724820
1568996724833
1568996724846
1568996724859
1568996724871
1568996724884
1568996724897
1568996724911
1568996724923
1568996724936
1568996724948
1568996724961
