1568219091390
1568219091403
1568219091416
1568219091429
1568219091440
1568219091452
1568219091463
1568219091475
1568219091487
1568219091499
1568219091511
1568219091522
1568219091535
1568219091548
1568219091559
1568219091572
1568219091584
1568219091596
1568219091608
1568219091620
1568219091633
1568219091644
1568219091657
1568219091669
1568219091681
1568219091695
1568219091707
1568219091719
1568219091730
1568219091742
1568219091754
1568219091766
1568219091778
1568219091789
1568219091802
1568219091814
1568219091827
1568219091840
1568219091853
1568219091866
1568219091877
1568219091888
1568219091900
1568219091912
1568219091924
1568219091935
1568219091947
1568219091959
1568219091971
1568219091984
1568219091996
1568219092008
1568219092019
1568219092031
1568219092043
1568219092054
1568219092065
1568219092078
1568219092091
1568219092102
1568219092115
1568219092128
1568219092141
1568219092154
1568219092165
1568219092177
1568219092189
1568219092202
1568219092213
1568219092226
1568219092237
1568219092249
1568219092262
1568219092275
1568219092287
1568219092299
1568219092312
1568219092324
1568219092336
1568219092348
1568219092362
1568219092375
1568219092388
1568219092401
1568219092414
1568219092428
1568219092441
1568219092454
1568219092466
1568219092479
1568219092492
1568219092505
1568219092518
1568219092531
1568219092545
1568219092559
1568219092572
1568219092586
1568219092599
1568219092612
1568219092625
1568219092638
1568219092651
1568219092665
1568219092677
1568219092691
1568219092704
1568219092717
1568219092730
1568219092743
1568219092757
1568219092769
1568219092782
1568219092795
1568219092807
1568219092820
1568219092833
1568219092845
1568219092859
1568219092872
1568219092886
1568219092899
1568219092912
1568219092925
1568219092936
1568219092948
1568219092960
1568219092972
1568219092983
1568219092995
1568219093006
1568219093017
1568219093030
1568219093043
1568219093055
1568219093068
1568219093080
1568219093092
1568219093104
1568219093116
1568219093129
1568219093141
1568219093153
1568219093165
1568219093178
1568219093190
1568219093202
1568219093214
1568219093226
1568219093238
