1568219077285
1568219077297
1568219077310
1568219077322
1568219077333
1568219077345
1568219077356
1568219077367
1568219077379
1568219077390
1568219077402
1568219077413
1568219077425
1568219077437
1568219077449
1568219077461
1568219077472
1568219077484
1568219077495
1568219077506
1568219077518
1568219077530
1568219077542
1568219077553
1568219077565
1568219077578
1568219077590
1568219077602
1568219077615
1568219077627
1568219077638
1568219077651
1568219077663
1568219077675
1568219077688
1568219077701
1568219077714
1568219077728
1568219077740
1568219077752
1568219077763
1568219077775
1568219077787
1568219077800
1568219077810
1568219077823
1568219077835
1568219077847
1568219077859
1568219077873
1568219077886
1568219077898
1568219077911
1568219077922
1568219077934
1568219077946
1568219077958
1568219077970
1568219077981
1568219077993
1568219078006
1568219078019
1568219078032
1568219078045
1568219078058
1568219078071
1568219078083
1568219078096
1568219078109
1568219078122
1568219078133
1568219078146
1568219078158
1568219078171
1568219078184
1568219078196
1568219078209
1568219078221
1568219078234
1568219078247
1568219078260
1568219078274
1568219078287
1568219078300
1568219078314
1568219078329
1568219078343
1568219078356
1568219078369
1568219078381
1568219078394
1568219078408
1568219078421
1568219078434
1568219078447
1568219078461
1568219078474
1568219078488
1568219078502
1568219078515
1568219078528
1568219078542
1568219078555
1568219078568
1568219078581
1568219078594
1568219078607
1568219078620
1568219078633
1568219078647
1568219078659
1568219078673
1568219078686
1568219078699
1568219078712
1568219078726
1568219078739
1568219078753
1568219078767
1568219078780
1568219078793
1568219078807
1568219078820
1568219078834
1568219078847
1568219078860
1568219078873
1568219078886
1568219078898
1568219078910
1568219078923
1568219078935
1568219078947
1568219078960
1568219078972
1568219078984
1568219078995
1568219079007
1568219079019
1568219079031
1568219079043
1568219079055
1568219079068
1568219079079
1568219079092
1568219079104
1568219079117
1568219079129
1568219079141
1568219079153
