1568219086741
1568219086754
1568219086767
1568219086779
1568219086790
1568219086802
1568219086813
1568219086825
1568219086836
1568219086849
1568219086860
1568219086872
1568219086884
1568219086896
1568219086907
1568219086919
1568219086930
1568219086942
1568219086953
1568219086964
1568219086975
1568219086986
1568219086998
1568219087010
1568219087023
1568219087037
1568219087049
1568219087061
1568219087072
1568219087085
1568219087097
1568219087109
1568219087121
1568219087132
1568219087144
1568219087157
1568219087170
1568219087183
1568219087196
1568219087208
1568219087221
1568219087234
1568219087247
1568219087258
1568219087269
1568219087282
1568219087294
1568219087306
1568219087319
1568219087332
1568219087343
1568219087355
1568219087368
1568219087380
1568219087392
1568219087404
1568219087415
1568219087428
1568219087440
1568219087452
1568219087465
1568219087478
1568219087491
1568219087504
1568219087516
1568219087528
1568219087539
1568219087552
1568219087564
1568219087576
1568219087589
1568219087601
1568219087613
1568219087625
1568219087638
1568219087650
1568219087662
1568219087675
1568219087688
1568219087700
1568219087714
1568219087728
1568219087741
1568219087754
1568219087767
1568219087780
1568219087793
1568219087806
1568219087819
1568219087832
1568219087845
1568219087858
1568219087871
1568219087885
1568219087898
1568219087912
1568219087926
1568219087939
1568219087953
1568219087967
1568219087979
1568219087993
1568219088005
1568219088018
1568219088030
1568219088043
1568219088056
1568219088069
1568219088082
1568219088096
1568219088109
1568219088123
1568219088136
1568219088150
1568219088162
1568219088176
1568219088188
1568219088202
1568219088214
1568219088227
1568219088240
1568219088254
1568219088267
1568219088280
1568219088292
1568219088304
1568219088316
1568219088328
1568219088340
1568219088353
1568219088364
1568219088377
1568219088390
1568219088403
1568219088415
1568219088427
1568219088439
1568219088452
1568219088463
1568219088476
1568219088489
1568219088501
1568219088513
1568219088525
1568219088538
1568219088551
1568219088564
1568219088576
1568219088588
1568219088600
