1568219067860
1568219067872
1568219067885
1568219067896
1568219067907
1568219067919
1568219067930
1568219067942
1568219067953
1568219067965
1568219067976
1568219067988
1568219068000
1568219068012
1568219068024
1568219068035
1568219068047
1568219068059
1568219068070
1568219068082
1568219068093
1568219068104
1568219068116
1568219068127
1568219068139
1568219068152
1568219068165
1568219068177
1568219068189
1568219068200
1568219068211
1568219068223
1568219068235
1568219068247
1568219068258
1568219068270
1568219068282
1568219068295
1568219068307
1568219068319
1568219068332
1568219068343
1568219068355
1568219068367
1568219068379
1568219068391
1568219068402
1568219068414
1568219068426
1568219068439
1568219068451
1568219068463
1568219068474
1568219068486
1568219068498
1568219068510
1568219068521
1568219068533
1568219068545
1568219068556
1568219068569
1568219068581
1568219068593
1568219068605
1568219068617
1568219068629
1568219068641
1568219068652
1568219068664
1568219068677
1568219068688
1568219068701
1568219068712
1568219068724
1568219068737
1568219068749
1568219068761
1568219068773
1568219068784
1568219068796
1568219068808
1568219068820
1568219068833
1568219068846
1568219068859
1568219068873
1568219068885
1568219068898
1568219068911
1568219068924
1568219068937
1568219068950
1568219068963
1568219068977
1568219068989
1568219069002
1568219069015
1568219069027
1568219069040
1568219069053
1568219069065
1568219069078
1568219069092
1568219069105
1568219069117
1568219069130
1568219069143
1568219069157
1568219069170
1568219069183
1568219069196
1568219069210
1568219069223
1568219069236
1568219069249
1568219069261
1568219069274
1568219069287
1568219069300
1568219069313
1568219069325
1568219069340
1568219069353
1568219069366
1568219069379
1568219069392
1568219069405
1568219069418
1568219069431
1568219069444
1568219069456
1568219069467
1568219069479
1568219069492
1568219069505
1568219069517
1568219069529
1568219069540
1568219069551
1568219069563
1568219069575
1568219069586
1568219069597
1568219069609
1568219069622
1568219069635
1568219069647
1568219069658
1568219069670
1568219069682
