1568219094446
1568219094458
1568219094472
1568219094484
1568219094496
1568219094508
1568219094520
1568219094532
1568219094544
1568219094556
1568219094567
1568219094579
1568219094591
1568219094603
1568219094616
1568219094628
1568219094640
1568219094652
1568219094664
1568219094676
1568219094688
1568219094700
1568219094713
1568219094724
1568219094737
1568219094750
1568219094761
1568219094773
1568219094785
1568219094797
1568219094809
1568219094821
1568219094833
1568219094846
1568219094858
1568219094869
1568219094881
1568219094894
1568219094905
1568219094918
1568219094930
1568219094941
1568219094953
1568219094965
1568219094977
1568219094987
1568219094999
1568219095011
1568219095023
1568219095036
1568219095049
1568219095060
1568219095072
1568219095084
1568219095095
1568219095106
1568219095117
1568219095129
1568219095140
1568219095151
1568219095163
1568219095176
1568219095187
1568219095199
1568219095211
1568219095223
1568219095235
1568219095247
1568219095258
1568219095270
1568219095282
1568219095294
1568219095306
1568219095318
1568219095331
1568219095342
1568219095354
1568219095366
1568219095379
1568219095391
1568219095402
1568219095414
1568219095426
1568219095440
1568219095453
1568219095466
1568219095479
1568219095492
1568219095505
1568219095518
1568219095531
1568219095544
1568219095557
1568219095570
1568219095582
1568219095595
1568219095609
1568219095623
1568219095636
1568219095649
1568219095662
1568219095676
1568219095689
1568219095703
1568219095717
1568219095729
1568219095742
1568219095755
1568219095768
1568219095782
1568219095795
1568219095808
1568219095820
1568219095834
1568219095846
1568219095859
1568219095873
1568219095886
1568219095899
1568219095912
1568219095926
1568219095940
1568219095953
1568219095966
1568219095978
1568219095989
1568219096000
1568219096012
1568219096024
1568219096036
1568219096048
1568219096061
1568219096074
1568219096088
1568219096100
1568219096112
1568219096125
1568219096136
1568219096149
1568219096161
1568219096174
1568219096186
1568219096198
1568219096211
1568219096223
1568219096236
1568219096249
1568219096261
1568219096273
1568219096285
