1568219082070
1568219082083
1568219082096
1568219082107
1568219082119
1568219082130
1568219082142
1568219082154
1568219082165
1568219082177
1568219082188
1568219082200
1568219082211
1568219082224
1568219082235
1568219082247
1568219082259
1568219082270
1568219082282
1568219082294
1568219082305
1568219082317
1568219082328
1568219082341
1568219082354
1568219082367
1568219082380
1568219082392
1568219082404
1568219082415
1568219082427
1568219082439
1568219082451
1568219082463
1568219082474
1568219082486
1568219082499
1568219082512
1568219082524
1568219082536
1568219082548
1568219082560
1568219082572
1568219082584
1568219082597
1568219082610
1568219082622
1568219082634
1568219082645
1568219082658
1568219082670
1568219082683
1568219082695
1568219082707
1568219082719
1568219082730
1568219082743
1568219082755
1568219082767
1568219082780
1568219082793
1568219082806
1568219082818
1568219082829
1568219082841
1568219082854
1568219082866
1568219082879
1568219082891
1568219082902
1568219082914
1568219082926
1568219082939
1568219082952
1568219082965
1568219082977
1568219082989
1568219083000
1568219083013
1568219083026
1568219083039
1568219083052
1568219083065
1568219083077
1568219083091
1568219083104
1568219083117
1568219083131
1568219083143
1568219083157
1568219083170
1568219083183
1568219083196
1568219083209
1568219083222
1568219083235
1568219083249
1568219083263
1568219083276
1568219083289
1568219083302
1568219083315
1568219083328
1568219083343
1568219083355
1568219083369
1568219083381
1568219083395
1568219083409
1568219083422
1568219083435
1568219083448
1568219083461
1568219083474
1568219083487
1568219083500
1568219083512
1568219083526
1568219083539
1568219083552
1568219083566
1568219083579
1568219083592
1568219083606
1568219083618
1568219083630
1568219083642
1568219083655
1568219083667
1568219083679
1568219083691
1568219083704
1568219083716
1568219083729
1568219083741
1568219083754
1568219083766
1568219083779
1568219083791
1568219083803
1568219083815
1568219083827
1568219083840
1568219083852
1568219083865
1568219083877
1568219083890
1568219083901
1568219083913
1568219083926
