1568219061498
1568219061510
1568219061523
1568219061534
1568219061546
1568219061557
1568219061569
1568219061581
1568219061592
1568219061605
1568219061617
1568219061629
1568219061642
1568219061654
1568219061667
1568219061679
1568219061690
1568219061702
1568219061714
1568219061726
1568219061738
1568219061750
1568219061762
1568219061774
1568219061787
1568219061800
1568219061811
1568219061823
1568219061835
1568219061847
1568219061859
1568219061872
1568219061882
1568219061895
1568219061907
1568219061919
1568219061932
1568219061945
1568219061958
1568219061970
1568219061983
1568219061994
1568219062006
1568219062018
1568219062030
1568219062043
1568219062056
1568219062067
1568219062080
1568219062092
1568219062105
1568219062117
1568219062129
1568219062142
1568219062155
1568219062168
1568219062178
1568219062191
1568219062203
1568219062215
1568219062228
1568219062241
1568219062254
1568219062267
1568219062278
1568219062290
1568219062302
1568219062314
1568219062327
1568219062341
1568219062352
1568219062364
1568219062376
1568219062388
1568219062400
1568219062412
1568219062424
1568219062435
1568219062447
1568219062459
1568219062472
1568219062485
1568219062498
1568219062512
1568219062525
1568219062538
1568219062551
1568219062564
1568219062576
1568219062589
1568219062602
1568219062615
1568219062628
1568219062640
1568219062653
1568219062666
1568219062679
1568219062692
1568219062705
1568219062718
1568219062730
1568219062743
1568219062756
1568219062769
1568219062782
1568219062795
1568219062808
1568219062821
1568219062834
1568219062848
1568219062861
1568219062874
1568219062887
1568219062900
1568219062913
1568219062927
1568219062940
1568219062953
1568219062966
1568219062979
1568219062992
1568219063006
1568219063019
1568219063033
1568219063046
1568219063060
1568219063074
1568219063087
1568219063099
1568219063112
1568219063124
1568219063137
1568219063149
1568219063162
1568219063175
1568219063187
1568219063199
1568219063211
1568219063224
1568219063236
1568219063248
1568219063260
1568219063272
1568219063284
1568219063296
1568219063309
1568219063322
1568219063334
1568219063346
1568219063358
