1570551534635
1570551534646
1570551534660
1570551534672
1570551534684
1570551534696
1570551534708
1570551534720
1570551534732
1570551534745
1570551534756
1570551534770
1570551534782
1570551534796
1570551534809
1570551534822
1570551534835
1570551534848
1570551534860
1570551534873
1570551534886
1570551534899
1570551534913
1570551534925
1570551534937
1570551534948
1570551534960
1570551534972
1570551534984
1570551534997
1570551535010
1570551535021
1570551535032
1570551535045
1570551535058
1570551535071
1570551535082
1570551535094
1570551535105
1570551535118
1570551535130
1570551535142
1570551535152
1570551535164
1570551535176
1570551535188
1570551535199
1570551535210
1570551535222
1570551535234
1570551535247
1570551535260
1570551535273
1570551535285
1570551535296
1570551535308
1570551535319
1570551535330
1570551535341
1570551535353
1570551535365
1570551535376
1570551535388
1570551535400
1570551535412
1570551535425
1570551535436
1570551535447
1570551535458
1570551535470
1570551535481
1570551535493
1570551535505
1570551535517
1570551535528
1570551535540
1570551535552
1570551535564
1570551535576
1570551535588
1570551535598
1570551535610
1570551535622
1570551535634
1570551535645
1570551535658
1570551535671
1570551535683
1570551535695
1570551535707
1570551535720
1570551535733
1570551535746
1570551535758
1570551535770
1570551535782
1570551535795
1570551535809
1570551535822
1570551535835
1570551535848
1570551535861
1570551535873
1570551535885
1570551535898
1570551535910
1570551535923
1570551535935
1570551535948
1570551535961
1570551535973
1570551535985
1570551535999
1570551536011
1570551536024
1570551536037
1570551536049
1570551536062
1570551536075
1570551536089
1570551536101
1570551536115
1570551536128
1570551536141
1570551536154
1570551536167
1570551536179
1570551536191
1570551536203
1570551536215
1570551536228
1570551536241
1570551536255
1570551536269
1570551536281
1570551536294
1570551536307
1570551536319
1570551536332
1570551536345
1570551536358
1570551536371
1570551536383
1570551536394
1570551536407
1570551536419
1570551536431
1570551536443
1570551536454
1570551536466
