1570551495051
1570551495062
1570551495075
1570551495086
1570551495097
1570551495108
1570551495118
1570551495130
1570551495141
1570551495151
1570551495162
1570551495174
1570551495186
1570551495198
1570551495209
1570551495221
1570551495232
1570551495244
1570551495255
1570551495267
1570551495278
1570551495289
1570551495301
1570551495313
1570551495325
1570551495336
1570551495348
1570551495360
1570551495371
1570551495383
1570551495394
1570551495406
1570551495416
1570551495427
1570551495439
1570551495451
1570551495462
1570551495474
1570551495486
1570551495498
1570551495510
1570551495520
1570551495532
1570551495544
1570551495554
1570551495565
1570551495577
1570551495588
1570551495599
1570551495612
1570551495624
1570551495636
1570551495647
1570551495658
1570551495670
1570551495681
1570551495692
1570551495704
1570551495715
1570551495727
1570551495739
1570551495751
1570551495763
1570551495774
1570551495785
1570551495796
1570551495808
1570551495821
1570551495832
1570551495843
1570551495855
1570551495866
1570551495878
1570551495890
1570551495902
1570551495913
1570551495925
1570551495936
1570551495947
1570551495959
1570551495970
1570551495981
1570551495993
1570551496005
1570551496017
1570551496029
1570551496042
1570551496054
1570551496066
1570551496078
1570551496090
1570551496102
1570551496114
1570551496125
1570551496137
1570551496149
1570551496161
1570551496174
1570551496187
1570551496200
1570551496212
1570551496223
1570551496235
1570551496248
1570551496260
1570551496272
1570551496283
1570551496295
1570551496307
1570551496321
1570551496334
1570551496347
1570551496359
1570551496370
1570551496382
1570551496394
1570551496407
1570551496419
1570551496432
1570551496445
1570551496457
1570551496470
1570551496482
1570551496495
1570551496507
1570551496520
1570551496532
1570551496544
1570551496557
1570551496569
1570551496581
1570551496593
1570551496606
1570551496619
1570551496632
1570551496644
1570551496656
1570551496669
1570551496681
1570551496694
1570551496705
1570551496716
1570551496727
1570551496738
1570551496750
1570551496761
1570551496772
1570551496783
1570551496794
1570551496805
