1570551493443
1570551493454
1570551493467
1570551493478
1570551493488
1570551493499
1570551493510
1570551493521
1570551493531
1570551493542
1570551493552
1570551493563
1570551493574
1570551493585
1570551493597
1570551493610
1570551493621
1570551493631
1570551493643
1570551493654
1570551493665
1570551493676
1570551493687
1570551493697
1570551493709
1570551493721
1570551493732
1570551493743
1570551493755
1570551493766
1570551493777
1570551493788
1570551493800
1570551493810
1570551493822
1570551493833
1570551493845
1570551493856
1570551493868
1570551493880
1570551493890
1570551493901
1570551493913
1570551493924
1570551493935
1570551493947
1570551493959
1570551493971
1570551493981
1570551493993
1570551494005
1570551494017
1570551494028
1570551494039
1570551494050
1570551494062
1570551494072
1570551494084
1570551494094
1570551494105
1570551494117
1570551494129
1570551494140
1570551494151
1570551494162
1570551494175
1570551494185
1570551494197
1570551494208
1570551494219
1570551494230
1570551494242
1570551494254
1570551494266
1570551494277
1570551494289
1570551494301
1570551494313
1570551494323
1570551494335
1570551494346
1570551494357
1570551494368
1570551494379
1570551494391
1570551494402
1570551494414
1570551494426
1570551494438
1570551494451
1570551494462
1570551494473
1570551494485
1570551494496
1570551494507
1570551494519
1570551494531
1570551494544
1570551494556
1570551494568
1570551494580
1570551494592
1570551494603
1570551494615
1570551494627
1570551494638
1570551494650
1570551494662
1570551494675
1570551494687
1570551494700
1570551494711
1570551494723
1570551494735
1570551494747
1570551494760
1570551494771
1570551494783
1570551494795
1570551494807
1570551494820
1570551494833
1570551494846
1570551494858
1570551494870
1570551494882
1570551494894
1570551494906
1570551494918
1570551494930
1570551494942
1570551494954
1570551494966
1570551494979
1570551494992
1570551495004
1570551495017
1570551495029
1570551495041
1570551495052
1570551495062
1570551495073
1570551495084
1570551495095
1570551495106
1570551495117
1570551495128
1570551495139
1570551495150
1570551495161
