1570551523649
1570551523662
1570551523676
1570551523689
1570551523700
1570551523712
1570551523724
1570551523736
1570551523748
1570551523761
1570551523773
1570551523785
1570551523798
1570551523810
1570551523822
1570551523835
1570551523847
1570551523860
1570551523872
1570551523884
1570551523896
1570551523907
1570551523919
1570551523931
1570551523943
1570551523956
1570551523967
1570551523979
1570551523991
1570551524006
1570551524018
1570551524030
1570551524043
1570551524055
1570551524066
1570551524079
1570551524092
1570551524105
1570551524118
1570551524131
1570551524144
1570551524156
1570551524168
1570551524181
1570551524194
1570551524205
1570551524217
1570551524228
1570551524240
1570551524251
1570551524263
1570551524275
1570551524287
1570551524300
1570551524312
1570551524323
1570551524335
1570551524348
1570551524359
1570551524372
1570551524385
1570551524397
1570551524408
1570551524420
1570551524432
1570551524444
1570551524454
1570551524466
1570551524477
1570551524489
1570551524500
1570551524512
1570551524523
1570551524536
1570551524547
1570551524559
1570551524570
1570551524582
1570551524593
1570551524605
1570551524618
1570551524630
1570551524642
1570551524654
1570551524666
1570551524678
1570551524690
1570551524703
1570551524715
1570551524728
1570551524740
1570551524754
1570551524766
1570551524779
1570551524792
1570551524804
1570551524816
1570551524829
1570551524842
1570551524855
1570551524868
1570551524881
1570551524894
1570551524907
1570551524919
1570551524932
1570551524944
1570551524957
1570551524968
1570551524982
1570551524996
1570551525010
1570551525023
1570551525036
1570551525049
1570551525062
1570551525075
1570551525087
1570551525099
1570551525111
1570551525124
1570551525137
1570551525150
1570551525163
1570551525175
1570551525188
1570551525201
1570551525214
1570551525226
1570551525238
1570551525250
1570551525262
1570551525274
1570551525288
1570551525301
1570551525313
1570551525324
1570551525336
1570551525348
1570551525361
1570551525374
1570551525386
1570551525397
1570551525410
1570551525422
1570551525434
1570551525446
1570551525459
1570551525471
1570551525482
