1570551514066
1570551514078
1570551514091
1570551514103
1570551514114
1570551514126
1570551514137
1570551514148
1570551514159
1570551514170
1570551514182
1570551514194
1570551514206
1570551514217
1570551514229
1570551514242
1570551514253
1570551514266
1570551514277
1570551514289
1570551514301
1570551514314
1570551514325
1570551514336
1570551514348
1570551514361
1570551514373
1570551514385
1570551514397
1570551514408
1570551514420
1570551514432
1570551514443
1570551514454
1570551514466
1570551514479
1570551514492
1570551514505
1570551514518
1570551514529
1570551514540
1570551514552
1570551514564
1570551514576
1570551514586
1570551514599
1570551514611
1570551514623
1570551514634
1570551514645
1570551514657
1570551514670
1570551514682
1570551514694
1570551514704
1570551514716
1570551514728
1570551514740
1570551514751
1570551514763
1570551514775
1570551514787
1570551514799
1570551514811
1570551514822
1570551514835
1570551514847
1570551514859
1570551514871
1570551514881
1570551514894
1570551514906
1570551514918
1570551514929
1570551514941
1570551514953
1570551514965
1570551514977
1570551514988
1570551515000
1570551515012
1570551515025
1570551515038
1570551515051
1570551515063
1570551515076
1570551515089
1570551515101
1570551515114
1570551515125
1570551515137
1570551515149
1570551515162
1570551515174
1570551515186
1570551515198
1570551515211
1570551515224
1570551515237
1570551515250
1570551515262
1570551515275
1570551515287
1570551515300
1570551515312
1570551515324
1570551515336
1570551515348
1570551515360
1570551515373
1570551515385
1570551515398
1570551515411
1570551515424
1570551515436
1570551515449
1570551515462
1570551515475
1570551515487
1570551515500
1570551515513
1570551515526
1570551515539
1570551515551
1570551515564
1570551515576
1570551515589
1570551515601
1570551515613
1570551515625
1570551515637
1570551515649
1570551515661
1570551515673
1570551515684
1570551515697
1570551515708
1570551515721
1570551515733
1570551515744
1570551515756
1570551515767
1570551515779
1570551515791
1570551515803
1570551515815
1570551515828
1570551515840
1570551515853
1570551515865
