1570551529951
1570551529962
1570551529976
1570551529987
1570551529999
1570551530011
1570551530022
1570551530034
1570551530046
1570551530058
1570551530069
1570551530081
1570551530093
1570551530106
1570551530118
1570551530130
1570551530142
1570551530155
1570551530167
1570551530178
1570551530190
1570551530203
1570551530215
1570551530226
1570551530237
1570551530250
1570551530261
1570551530273
1570551530283
1570551530296
1570551530308
1570551530320
1570551530330
1570551530342
1570551530353
1570551530364
1570551530375
1570551530387
1570551530399
1570551530411
1570551530422
1570551530434
1570551530447
1570551530459
1570551530470
1570551530480
1570551530492
1570551530504
1570551530516
1570551530529
1570551530540
1570551530552
1570551530563
1570551530574
1570551530585
1570551530597
1570551530609
1570551530620
1570551530631
1570551530643
1570551530655
1570551530667
1570551530678
1570551530690
1570551530702
1570551530714
1570551530724
1570551530736
1570551530748
1570551530760
1570551530770
1570551530782
1570551530793
1570551530807
1570551530820
1570551530832
1570551530842
1570551530854
1570551530866
1570551530877
1570551530888
1570551530899
1570551530911
1570551530925
1570551530938
1570551530951
1570551530964
1570551530976
1570551530987
1570551530999
1570551531013
1570551531026
1570551531039
1570551531051
1570551531064
1570551531076
1570551531089
1570551531103
1570551531116
1570551531130
1570551531142
1570551531155
1570551531167
1570551531179
1570551531191
1570551531203
1570551531215
1570551531227
1570551531239
1570551531252
1570551531265
1570551531278
1570551531291
1570551531303
1570551531315
1570551531327
1570551531339
1570551531351
1570551531363
1570551531375
1570551531387
1570551531400
1570551531412
1570551531425
1570551531437
1570551531450
1570551531463
1570551531475
1570551531486
1570551531499
1570551531511
1570551531523
1570551531536
1570551531549
1570551531561
1570551531572
1570551531584
1570551531596
1570551531609
1570551531622
1570551531635
1570551531647
1570551531660
1570551531672
1570551531685
1570551531698
1570551531710
1570551531723
1570551531735
1570551531747
