1570551526795
1570551526808
1570551526821
1570551526835
1570551526847
1570551526859
1570551526871
1570551526883
1570551526894
1570551526907
1570551526919
1570551526931
1570551526943
1570551526955
1570551526966
1570551526979
1570551526991
1570551527003
1570551527015
1570551527026
1570551527038
1570551527051
1570551527064
1570551527076
1570551527088
1570551527099
1570551527111
1570551527124
1570551527135
1570551527146
1570551527157
1570551527169
1570551527181
1570551527191
1570551527202
1570551527213
1570551527224
1570551527236
1570551527248
1570551527260
1570551527270
1570551527281
1570551527293
1570551527303
1570551527315
1570551527327
1570551527337
1570551527348
1570551527359
1570551527371
1570551527382
1570551527394
1570551527406
1570551527418
1570551527428
1570551527440
1570551527452
1570551527463
1570551527474
1570551527486
1570551527497
1570551527510
1570551527520
1570551527532
1570551527545
1570551527556
1570551527568
1570551527579
1570551527590
1570551527602
1570551527612
1570551527624
1570551527636
1570551527648
1570551527661
1570551527671
1570551527683
1570551527695
1570551527707
1570551527717
1570551527729
1570551527740
1570551527751
1570551527763
1570551527775
1570551527788
1570551527801
1570551527813
1570551527825
1570551527838
1570551527851
1570551527863
1570551527874
1570551527886
1570551527899
1570551527912
1570551527925
1570551527938
1570551527951
1570551527964
1570551527977
1570551527990
1570551528002
1570551528015
1570551528026
1570551528039
1570551528051
1570551528063
1570551528076
1570551528088
1570551528101
1570551528136
1570551528150
1570551528167
1570551528180
1570551528193
1570551528216
1570551528228
1570551528241
1570551528253
1570551528265
1570551528279
1570551528291
1570551528303
1570551528315
1570551528327
1570551528340
1570551528353
1570551528364
1570551528377
1570551528388
1570551528400
1570551528412
1570551528426
1570551528438
1570551528450
1570551528462
1570551528475
1570551528488
1570551528500
1570551528512
1570551528524
1570551528536
1570551528549
1570551528561
1570551528575
1570551528588
1570551528601
1570551528614
1570551528626
