1570551510937
1570551510951
1570551510964
1570551510976
1570551510987
1570551510999
1570551511011
1570551511023
1570551511034
1570551511045
1570551511057
1570551511068
1570551511079
1570551511092
1570551511103
1570551511115
1570551511126
1570551511139
1570551511151
1570551511163
1570551511175
1570551511185
1570551511197
1570551511209
1570551511221
1570551511233
1570551511243
1570551511255
1570551511267
1570551511278
1570551511289
1570551511300
1570551511313
1570551511325
1570551511336
1570551511348
1570551511360
1570551511373
1570551511385
1570551511397
1570551511408
1570551511420
1570551511432
1570551511442
1570551511453
1570551511465
1570551511476
1570551511487
1570551511499
1570551511512
1570551511524
1570551511536
1570551511546
1570551511558
1570551511571
1570551511583
1570551511594
1570551511605
1570551511618
1570551511630
1570551511642
1570551511655
1570551511665
1570551511678
1570551511689
1570551511702
1570551511714
1570551511724
1570551511737
1570551511749
1570551511762
1570551511774
1570551511785
1570551511797
1570551511810
1570551511822
1570551511834
1570551511846
1570551511857
1570551511868
1570551511880
1570551511892
1570551511904
1570551511917
1570551511930
1570551511943
1570551511955
1570551511967
1570551511979
1570551511992
1570551512004
1570551512016
1570551512029
1570551512041
1570551512052
1570551512064
1570551512076
1570551512089
1570551512101
1570551512113
1570551512125
1570551512137
1570551512149
1570551512162
1570551512174
1570551512185
1570551512197
1570551512209
1570551512221
1570551512235
1570551512247
1570551512260
1570551512272
1570551512283
1570551512295
1570551512307
1570551512319
1570551512332
1570551512344
1570551512355
1570551512367
1570551512380
1570551512394
1570551512406
1570551512418
1570551512431
1570551512443
1570551512455
1570551512466
1570551512479
1570551512492
1570551512504
1570551512515
1570551512527
1570551512538
1570551512550
1570551512561
1570551512572
1570551512583
1570551512595
1570551512606
1570551512617
1570551512629
1570551512641
1570551512652
1570551512665
1570551512677
1570551512689
1570551512701
1570551512713
