1568710541208
1568710541224
1568710541238
1568710541254
1568710541267
1568710541280
1568710541293
1568710541307
1568710541320
1568710541334
1568710541346
1568710541361
1568710541375
1568710541388
1568710541403
1568710541417
1568710541429
1568710541441
1568710541453
1568710541466
1568710541481
1568710541496
1568710541511
1568710541525
1568710541538
1568710541552
1568710541565
1568710541579
1568710541594
1568710541608
1568710541621
1568710541635
1568710541647
1568710541661
1568710541675
1568710541689
1568710541707
1568710541723
1568710541737
1568710541749
1568710541761
1568710541776
1568710541791
1568710541804
1568710541818
1568710541831
1568710541845
1568710541859
1568710541871
1568710541883
1568710541896
1568710541909
1568710541924
1568710541937
1568710541949
1568710541961
1568710541974
1568710541986
1568710541999
1568710542015
1568710542031
1568710542046
1568710542059
1568710542073
1568710542086
1568710542099
1568710542112
1568710542126
1568710542142
1568710542156
1568710542169
1568710542184
1568710542197
1568710542210
1568710542225
1568710542241
1568710542255
1568710542269
1568710542283
1568710542298
1568710542312
1568710542327
1568710542341
1568710542356
1568710542370
1568710542385
1568710542399
1568710542413
1568710542428
1568710542445
1568710542460
1568710542479
1568710542493
1568710542507
1568710542523
1568710542537
1568710542552
1568710542568
1568710542581
1568710542596
1568710542612
1568710542628
1568710542642
1568710542657
1568710542672
1568710542688
1568710542702
1568710542718
1568710542735
1568710542751
1568710542767
1568710542783
1568710542800
1568710542816
1568710542831
1568710542845
1568710542860
1568710542875
1568710542890
1568710542905
1568710542920
1568710542934
1568710542947
1568710542961
1568710542976
1568710542990
1568710543006
1568710543019
1568710543034
1568710543049
1568710543063
1568710543078
1568710543091
1568710543106
1568710543119
1568710543133
1568710543145
1568710543157
1568710543170
1568710543184
1568710543197
1568710543210
1568710543222
1568710543236
1568710543249
1568710543263
1568710543276
1568710543290
1568710543307
1568710543323
