1568710537794
1568710537809
1568710537826
1568710537841
1568710537855
1568710537869
1568710537883
1568710537898
1568710537914
1568710537929
1568710537943
1568710537957
1568710537973
1568710537988
1568710538002
1568710538017
1568710538032
1568710538047
1568710538062
1568710538078
1568710538092
1568710538106
1568710538119
1568710538133
1568710538146
1568710538159
1568710538173
1568710538191
1568710538206
1568710538220
1568710538232
1568710538244
1568710538257
1568710538270
1568710538285
1568710538297
1568710538312
1568710538327
1568710538340
1568710538353
1568710538364
1568710538377
1568710538389
1568710538404
1568710538418
1568710538432
1568710538446
1568710538458
1568710538471
1568710538486
1568710538501
1568710538515
1568710538528
1568710538541
1568710538557
1568710538571
1568710538585
1568710538597
1568710538609
1568710538620
1568710538632
1568710538645
1568710538657
1568710538670
1568710538683
1568710538696
1568710538710
1568710538725
1568710538739
1568710538751
1568710538764
1568710538776
1568710538789
1568710538804
1568710538818
1568710538832
1568710538846
1568710538860
1568710538875
1568710538889
1568710538902
1568710538915
1568710538928
1568710538941
1568710538954
1568710538970
1568710538984
1568710538997
1568710539013
1568710539027
1568710539041
1568710539054
1568710539067
1568710539081
1568710539096
1568710539110
1568710539125
1568710539140
1568710539155
1568710539169
1568710539183
1568710539198
1568710539212
1568710539225
1568710539239
1568710539253
1568710539268
1568710539281
1568710539296
1568710539309
1568710539323
1568710539336
1568710539350
1568710539364
1568710539378
1568710539391
1568710539405
1568710539420
1568710539434
1568710539448
1568710539461
1568710539478
1568710539493
1568710539507
1568710539520
1568710539533
1568710539546
1568710539560
1568710539573
1568710539587
1568710539600
1568710539613
1568710539628
1568710539643
1568710539659
1568710539674
1568710539688
1568710539702
1568710539716
1568710539730
1568710539743
1568710539757
1568710539771
1568710539785
1568710539799
1568710539813
1568710539827
1568710539840
1568710539853
1568710539865
