1568710519381
1568710519395
1568710519409
1568710519423
1568710519438
1568710519452
1568710519465
1568710519478
1568710519490
1568710519503
1568710519516
1568710519530
1568710519544
1568710519558
1568710519572
1568710519586
1568710519599
1568710519612
1568710519625
1568710519638
1568710519652
1568710519666
1568710519680
1568710519693
1568710519706
1568710519723
1568710519738
1568710519752
1568710519765
1568710519778
1568710519791
1568710519803
1568710519815
1568710519828
1568710519841
1568710519855
1568710519868
1568710519881
1568710519894
1568710519907
1568710519921
1568710519935
1568710519948
1568710519961
1568710519973
1568710519986
1568710519999
1568710520012
1568710520025
1568710520039
1568710520052
1568710520064
1568710520076
1568710520088
1568710520100
1568710520113
1568710520125
1568710520138
1568710520152
1568710520164
1568710520177
1568710520190
1568710520203
1568710520217
1568710520229
1568710520242
1568710520255
1568710520268
1568710520283
1568710520297
1568710520310
1568710520324
1568710520337
1568710520352
1568710520366
1568710520380
1568710520394
1568710520408
1568710520421
1568710520435
1568710520448
1568710520462
1568710520475
1568710520488
1568710520501
1568710520515
1568710520530
1568710520543
1568710520557
1568710520572
1568710520586
1568710520600
1568710520614
1568710520627
1568710520640
1568710520653
1568710520667
1568710520682
1568710520695
1568710520710
1568710520724
1568710520740
1568710520754
1568710520767
1568710520780
1568710520794
1568710520808
1568710520822
1568710520836
1568710520851
1568710520865
1568710520879
1568710520890
1568710520903
1568710520915
1568710520929
1568710520942
1568710520956
1568710520971
1568710520984
1568710520996
1568710521011
1568710521026
1568710521040
1568710521053
1568710521067
1568710521082
1568710521095
1568710521107
1568710521119
1568710521131
1568710521145
1568710521159
1568710521175
1568710521188
1568710521201
1568710521214
1568710521227
1568710521241
1568710521255
1568710521268
1568710521282
1568710521295
1568710521309
1568710521322
1568710521335
1568710521350
1568710521365
1568710521380
1568710521393
