1568710548305
1568710548320
1568710548335
1568710548348
1568710548360
1568710548372
1568710548384
1568710548397
1568710548409
1568710548424
1568710548439
1568710548453
1568710548467
1568710548481
1568710548495
1568710548509
1568710548522
1568710548536
1568710548550
1568710548564
1568710548577
1568710548592
1568710548606
1568710548619
1568710548632
1568710548646
1568710548659
1568710548677
1568710548693
1568710548710
1568710548724
1568710548736
1568710548749
1568710548763
1568710548776
1568710548791
1568710548808
1568710548823
1568710548839
1568710548855
1568710548871
1568710548887
1568710548900
1568710548914
1568710548930
1568710548946
1568710548959
1568710548973
1568710548985
1568710548999
1568710549013
1568710549028
1568710549041
1568710549054
1568710549067
1568710549079
1568710549092
1568710549106
1568710549119
1568710549133
1568710549146
1568710549160
1568710549175
1568710549191
1568710549206
1568710549220
1568710549234
1568710549248
1568710549262
1568710549277
1568710549290
1568710549304
1568710549317
1568710549332
1568710549346
1568710549361
1568710549376
1568710549389
1568710549402
1568710549416
1568710549429
1568710549442
1568710549458
1568710549472
1568710549488
1568710549503
1568710549517
1568710549531
1568710549545
1568710549559
1568710549574
1568710549589
1568710549604
1568710549618
1568710549632
1568710549646
1568710549659
1568710549673
1568710549688
1568710549703
1568710549717
1568710549731
1568710549745
1568710549761
1568710549777
1568710549792
1568710549806
1568710549821
1568710549836
1568710549853
1568710549868
1568710549885
1568710549901
1568710549915
1568710549929
1568710549945
1568710549961
1568710549976
1568710549990
1568710550003
1568710550017
1568710550032
1568710550046
1568710550060
1568710550075
1568710550089
1568710550102
1568710550115
1568710550130
1568710550146
1568710550160
1568710550174
1568710550188
1568710550205
1568710550220
1568710550235
1568710550248
1568710550262
1568710550274
1568710550289
1568710550304
1568710550317
1568710550332
1568710550347
1568710550360
1568710550377
1568710550393
1568710550407
1568710550421
1568710550435
