1568710561855
1568710561868
1568710561884
1568710561898
1568710561912
1568710561925
1568710561938
1568710561952
1568710561965
1568710561978
1568710561992
1568710562006
1568710562019
1568710562033
1568710562046
1568710562059
1568710562073
1568710562087
1568710562101
1568710562115
1568710562129
1568710562143
1568710562158
1568710562171
1568710562184
1568710562198
1568710562210
1568710562223
1568710562235
1568710562248
1568710562260
1568710562274
1568710562286
1568710562300
1568710562314
1568710562328
1568710562342
1568710562356
1568710562371
1568710562385
1568710562397
1568710562409
1568710562421
1568710562434
1568710562446
1568710562459
1568710562472
1568710562485
1568710562498
1568710562511
1568710562524
1568710562535
1568710562548
1568710562562
1568710562575
1568710562588
1568710562600
1568710562616
1568710562631
1568710562645
1568710562659
1568710562672
1568710562684
1568710562697
1568710562711
1568710562725
1568710562738
1568710562750
1568710562762
1568710562774
1568710562788
1568710562803
1568710562817
1568710562830
1568710562843
1568710562856
1568710562869
1568710562883
1568710562896
1568710562909
1568710562922
1568710562935
1568710562948
1568710562961
1568710562975
1568710562990
1568710563004
1568710563018
1568710563032
1568710563047
1568710563062
1568710563078
1568710563093
1568710563106
1568710563119
1568710563132
1568710563146
1568710563163
1568710563177
1568710563192
1568710563205
1568710563218
1568710563234
1568710563249
1568710563263
1568710563277
1568710563291
1568710563306
1568710563321
1568710563337
1568710563351
1568710563365
1568710563378
1568710563390
1568710563446
1568710563493
1568710563527
1568710563551
1568710563572
1568710563591
1568710563607
1568710563623
1568710563638
1568710563651
1568710563663
1568710563677
1568710563692
1568710563706
1568710563721
1568710563736
1568710563751
1568710563767
1568710563781
1568710563797
1568710563811
1568710563824
1568710563838
1568710563851
1568710563864
1568710563877
1568710563891
1568710563903
1568710563917
1568710563930
1568710563944
1568710563958
1568710563973
1568710563987
1568710564003
1568710564018
