1568710527646
1568710527664
1568710527680
1568710527695
1568710527709
1568710527723
1568710527737
1568710527751
1568710527765
1568710527779
1568710527793
1568710527806
1568710527820
1568710527833
1568710527846
1568710527859
1568710527872
1568710527885
1568710527899
1568710527914
1568710527928
1568710527942
1568710527956
1568710527971
1568710527985
1568710527999
1568710528012
1568710528028
1568710528041
1568710528054
1568710528067
1568710528080
1568710528092
1568710528103
1568710528115
1568710528128
1568710528140
1568710528155
1568710528168
1568710528183
1568710528197
1568710528210
1568710528222
1568710528233
1568710528244
1568710528258
1568710528272
1568710528285
1568710528297
1568710528310
1568710528323
1568710528335
1568710528348
1568710528361
1568710528373
1568710528386
1568710528399
1568710528413
1568710528426
1568710528440
1568710528453
1568710528471
1568710528486
1568710528500
1568710528515
1568710528528
1568710528540
1568710528553
1568710528565
1568710528578
1568710528591
1568710528605
1568710528618
1568710528632
1568710528646
1568710528659
1568710528672
1568710528685
1568710528699
1568710528712
1568710528725
1568710528739
1568710528753
1568710528766
1568710528780
1568710528794
1568710528808
1568710528823
1568710528838
1568710528853
1568710528867
1568710528880
1568710528895
1568710528909
1568710528923
1568710528936
1568710528949
1568710528965
1568710528980
1568710528995
1568710529008
1568710529021
1568710529035
1568710529050
1568710529063
1568710529077
1568710529089
1568710529103
1568710529117
1568710529131
1568710529145
1568710529158
1568710529171
1568710529185
1568710529199
1568710529214
1568710529227
1568710529241
1568710529254
1568710529268
1568710529282
1568710529296
1568710529309
1568710529325
1568710529340
1568710529355
1568710529369
1568710529384
1568710529398
1568710529413
1568710529428
1568710529442
1568710529455
1568710529468
1568710529483
1568710529496
1568710529511
1568710529525
1568710529539
1568710529553
1568710529567
1568710529580
1568710529595
1568710529610
1568710529624
1568710529638
1568710529651
1568710529664
1568710529677
1568710529691
