1568710536113
1568710536129
1568710536144
1568710536159
1568710536174
1568710536187
1568710536202
1568710536216
1568710536229
1568710536242
1568710536254
1568710536266
1568710536278
1568710536292
1568710536306
1568710536319
1568710536333
1568710536347
1568710536360
1568710536373
1568710536386
1568710536401
1568710536415
1568710536428
1568710536441
1568710536455
1568710536468
1568710536482
1568710536494
1568710536507
1568710536521
1568710536536
1568710536550
1568710536563
1568710536575
1568710536590
1568710536605
1568710536619
1568710536632
1568710536644
1568710536656
1568710536669
1568710536680
1568710536692
1568710536706
1568710536720
1568710536734
1568710536747
1568710536762
1568710536776
1568710536789
1568710536803
1568710536816
1568710536830
1568710536844
1568710536857
1568710536869
1568710536881
1568710536893
1568710536906
1568710536917
1568710536930
1568710536944
1568710536960
1568710536975
1568710536988
1568710537000
1568710537013
1568710537027
1568710537043
1568710537056
1568710537068
1568710537082
1568710537097
1568710537111
1568710537123
1568710537137
1568710537151
1568710537165
1568710537179
1568710537191
1568710537204
1568710537217
1568710537231
1568710537245
1568710537259
1568710537272
1568710537286
1568710537299
1568710537314
1568710537328
1568710537342
1568710537355
1568710537368
1568710537382
1568710537395
1568710537410
1568710537426
1568710537440
1568710537454
1568710537468
1568710537481
1568710537494
1568710537508
1568710537521
1568710537534
1568710537549
1568710537564
1568710537578
1568710537593
1568710537607
1568710537622
1568710537636
1568710537649
1568710537663
1568710537677
1568710537692
1568710537707
1568710537721
1568710537734
1568710537748
1568710537762
1568710537779
1568710537793
1568710537807
1568710537821
1568710537836
1568710537851
1568710537865
1568710537880
1568710537894
1568710537912
1568710537927
1568710537942
1568710537958
1568710537973
1568710537987
1568710538002
1568710538016
1568710538031
1568710538045
1568710538061
1568710538076
1568710538091
1568710538104
1568710538119
1568710538133
1568710538146
1568710538159
1568710538173
