1568997292351
1568997292364
1568997292379
1568997292392
1568997292404
1568997292417
1568997292429
1568997292442
1568997292454
1568997292467
1568997292480
1568997292492
1568997292506
1568997292519
1568997292532
1568997292546
1568997292558
1568997292571
1568997292584
1568997292596
1568997292609
1568997292622
1568997292634
1568997292647
1568997292661
1568997292674
1568997292688
1568997292701
1568997292714
1568997292726
1568997292740
1568997292753
1568997292767
1568997292780
1568997292793
1568997292807
1568997292821
1568997292835
1568997292848
1568997292862
1568997292875
1568997292888
1568997292901
1568997292915
1568997292929
1568997292942
1568997292956
1568997292970
1568997292984
1568997292999
1568997293013
1568997293028
1568997293041
1568997293055
1568997293069
1568997293082
1568997293096
1568997293110
1568997293123
1568997293136
1568997293150
1568997293164
1568997293177
1568997293193
1568997293207
1568997293220
1568997293233
1568997293247
1568997293260
1568997293274
1568997293287
1568997293301
1568997293314
1568997293328
1568997293342
1568997293356
1568997293368
1568997293383
1568997293396
1568997293410
1568997293424
1568997293437
1568997293451
1568997293464
1568997293478
1568997293493
1568997293507
1568997293520
1568997293533
1568997293546
1568997293560
1568997293574
1568997293588
1568997293601
1568997293615
1568997293629
1568997293643
1568997293658
1568997293671
1568997293684
1568997293699
1568997293712
1568997293726
1568997293740
1568997293754
1568997293768
1568997293782
1568997293796
1568997293811
1568997293826
1568997293840
1568997293854
1568997293868
1568997293881
1568997293895
1568997293909
1568997293921
1568997293935
1568997293949
1568997293963
1568997293977
1568997293992
1568997294007
1568997294020
1568997294033
1568997294046
1568997294059
1568997294072
1568997294084
1568997294097
1568997294110
1568997294122
1568997294136
1568997294150
1568997294163
1568997294176
1568997294189
1568997294202
1568997294215
1568997294228
1568997294241
1568997294254
1568997294266
1568997294279
1568997294292
1568997294306
1568997294318
1568997294331
1568997294344
1568997294357
