1568997265465
1568997265479
1568997265495
1568997265509
1568997265522
1568997265535
1568997265549
1568997265562
1568997265576
1568997265589
1568997265602
1568997265615
1568997265629
1568997265642
1568997265655
1568997265669
1568997265683
1568997265696
1568997265709
1568997265722
1568997265735
1568997265748
1568997265761
1568997265774
1568997265787
1568997265801
1568997265814
1568997265831
1568997265846
1568997265860
1568997265875
1568997265889
1568997265903
1568997265918
1568997265932
1568997265946
1568997265961
1568997265979
1568997265993
1568997266010
1568997266024
1568997266040
1568997266055
1568997266070
1568997266084
1568997266100
1568997266115
1568997266129
1568997266144
1568997266159
1568997266174
1568997266189
1568997266203
1568997266218
1568997266232
1568997266247
1568997266261
1568997266276
1568997266290
1568997266306
1568997266321
1568997266336
1568997266352
1568997266367
1568997266381
1568997266396
1568997266411
1568997266426
1568997266440
1568997266454
1568997266467
1568997266482
1568997266496
1568997266512
1568997266526
1568997266541
1568997266555
1568997266569
1568997266583
1568997266597
1568997266611
1568997266625
1568997266639
1568997266653
1568997266668
1568997266684
1568997266698
1568997266713
1568997266727
1568997266742
1568997266756
1568997266770
1568997266784
1568997266798
1568997266812
1568997266826
1568997266841
1568997266855
1568997266870
1568997266884
1568997266898
1568997266912
1568997266926
1568997266940
1568997266954
1568997266968
1568997266981
1568997266995
1568997267009
1568997267023
1568997267037
1568997267051
1568997267065
1568997267080
1568997267093
1568997267108
1568997267121
1568997267136
1568997267150
1568997267163
1568997267177
1568997267191
1568997267205
1568997267219
1568997267232
1568997267245
1568997267259
1568997267273
1568997267287
1568997267300
1568997267313
1568997267326
1568997267340
1568997267354
1568997267367
1568997267381
1568997267394
1568997267407
1568997267420
1568997267434
1568997267447
1568997267459
1568997267472
1568997267485
1568997267499
1568997267513
1568997267525
1568997267539
1568997267551
1568997267564
