1568997267163
1568997267176
1568997267190
1568997267204
1568997267216
1568997267229
1568997267242
1568997267254
1568997267267
1568997267279
1568997267292
1568997267305
1568997267318
1568997267333
1568997267345
1568997267359
1568997267373
1568997267386
1568997267399
1568997267411
1568997267424
1568997267438
1568997267451
1568997267464
1568997267477
1568997267490
1568997267503
1568997267516
1568997267529
1568997267542
1568997267555
1568997267568
1568997267585
1568997267599
1568997267614
1568997267628
1568997267643
1568997267658
1568997267672
1568997267687
1568997267702
1568997267717
1568997267732
1568997267747
1568997267762
1568997267776
1568997267791
1568997267806
1568997267821
1568997267836
1568997267852
1568997267867
1568997267882
1568997267898
1568997267912
1568997267926
1568997267940
1568997267954
1568997267969
1568997267984
1568997267999
1568997268014
1568997268030
1568997268044
1568997268058
1568997268072
1568997268086
1568997268101
1568997268116
1568997268131
1568997268146
1568997268161
1568997268175
1568997268189
1568997268203
1568997268217
1568997268232
1568997268246
1568997268260
1568997268274
1568997268288
1568997268302
1568997268316
1568997268331
1568997268345
1568997268360
1568997268375
1568997268390
1568997268404
1568997268418
1568997268433
1568997268448
1568997268463
1568997268476
1568997268490
1568997268505
1568997268519
1568997268535
1568997268550
1568997268564
1568997268578
1568997268593
1568997268607
1568997268622
1568997268637
1568997268651
1568997268665
1568997268679
1568997268694
1568997268708
1568997268723
1568997268738
1568997268753
1568997268767
1568997268782
1568997268796
1568997268810
1568997268825
1568997268838
1568997268852
1568997268865
1568997268878
1568997268891
1568997268904
1568997268916
1568997268928
1568997268941
1568997268954
1568997268967
1568997268981
1568997268994
1568997269007
1568997269021
1568997269035
1568997269048
1568997269062
1568997269075
1568997269089
1568997269102
1568997269115
1568997269128
1568997269142
1568997269155
1568997269168
1568997269182
1568997269196
1568997269210
1568997269222
1568997269236
1568997269250
