1568997307246
1568997307260
1568997307274
1568997307287
1568997307300
1568997307313
1568997307326
1568997307338
1568997307351
1568997307364
1568997307376
1568997307389
1568997307402
1568997307416
1568997307429
1568997307442
1568997307455
1568997307468
1568997307481
1568997307493
1568997307506
1568997307519
1568997307532
1568997307545
1568997307558
1568997307572
1568997307584
1568997307597
1568997307610
1568997307623
1568997307636
1568997307649
1568997307661
1568997307674
1568997307687
1568997307701
1568997307715
1568997307731
1568997307744
1568997307758
1568997307771
1568997307785
1568997307799
1568997307812
1568997307826
1568997307839
1568997307853
1568997307867
1568997307881
1568997307897
1568997307912
1568997307926
1568997307940
1568997307954
1568997307967
1568997307981
1568997307994
1568997308009
1568997308023
1568997308037
1568997308051
1568997308065
1568997308079
1568997308094
1568997308108
1568997308122
1568997308135
1568997308151
1568997308164
1568997308177
1568997308190
1568997308204
1568997308218
1568997308232
1568997308247
1568997308261
1568997308274
1568997308287
1568997308299
1568997308312
1568997308324
1568997308337
1568997308350
1568997308361
1568997308375
1568997308389
1568997308401
1568997308413
1568997308426
1568997308439
1568997308452
1568997308465
1568997308478
1568997308491
1568997308504
1568997308517
1568997308530
1568997308544
1568997308557
1568997308570
1568997308583
1568997308596
1568997308609
1568997308622
1568997308635
1568997308648
1568997308661
1568997308673
1568997308687
1568997308700
1568997308713
1568997308726
1568997308739
1568997308752
1568997308765
1568997308778
1568997308790
1568997308803
1568997308815
1568997308827
1568997308841
1568997308854
1568997308866
1568997308879
1568997308891
1568997308904
1568997308917
1568997308930
1568997308942
1568997308955
1568997308968
1568997308980
1568997308993
1568997309006
1568997309019
1568997309032
1568997309045
1568997309058
1568997309070
1568997309083
1568997309095
1568997309108
1568997309120
1568997309134
1568997309147
1568997309160
1568997309173
1568997309186
1568997309199
1568997309211
