1568997262095
1568997262107
1568997262121
1568997262135
1568997262150
1568997262165
1568997262178
1568997262191
1568997262203
1568997262216
1568997262229
1568997262242
1568997262255
1568997262268
1568997262282
1568997262295
1568997262307
1568997262319
1568997262331
1568997262344
1568997262357
1568997262370
1568997262383
1568997262396
1568997262408
1568997262422
1568997262436
1568997262450
1568997262462
1568997262475
1568997262487
1568997262500
1568997262513
1568997262526
1568997262539
1568997262552
1568997262565
1568997262579
1568997262592
1568997262606
1568997262618
1568997262631
1568997262644
1568997262657
1568997262670
1568997262683
1568997262696
1568997262709
1568997262722
1568997262736
1568997262750
1568997262763
1568997262776
1568997262790
1568997262806
1568997262820
1568997262834
1568997262848
1568997262862
1568997262875
1568997262889
1568997262904
1568997262919
1568997262932
1568997262947
1568997262960
1568997262974
1568997262987
1568997263000
1568997263013
1568997263027
1568997263040
1568997263054
1568997263069
1568997263083
1568997263097
1568997263110
1568997263124
1568997263139
1568997263152
1568997263164
1568997263178
1568997263191
1568997263204
1568997263218
1568997263233
1568997263247
1568997263262
1568997263276
1568997263290
1568997263305
1568997263318
1568997263332
1568997263346
1568997263360
1568997263374
1568997263388
1568997263404
1568997263418
1568997263433
1568997263447
1568997263461
1568997263475
1568997263489
1568997263502
1568997263515
1568997263529
1568997263543
1568997263557
1568997263572
1568997263586
1568997263600
1568997263613
1568997263626
1568997263639
1568997263654
1568997263667
1568997263682
1568997263697
1568997263711
1568997263725
1568997263741
1568997263754
1568997263768
1568997263780
1568997263794
1568997263806
1568997263819
1568997263832
1568997263845
1568997263859
1568997263872
1568997263885
1568997263900
1568997263913
1568997263926
1568997263939
1568997263952
1568997263965
1568997263978
1568997263992
1568997264005
1568997264018
1568997264030
1568997264044
1568997264058
1568997264072
1568997264085
1568997264098
1568997264111
