1568997253984
1568997253996
1568997254009
1568997254020
1568997254031
1568997254042
1568997254053
1568997254065
1568997254075
1568997254087
1568997254097
1568997254108
1568997254120
1568997254131
1568997254143
1568997254156
1568997254167
1568997254178
1568997254189
1568997254202
1568997254213
1568997254224
1568997254236
1568997254249
1568997254262
1568997254275
1568997254287
1568997254300
1568997254313
1568997254324
1568997254335
1568997254347
1568997254359
1568997254372
1568997254383
1568997254395
1568997254407
1568997254421
1568997254433
1568997254446
1568997254458
1568997254470
1568997254482
1568997254494
1568997254506
1568997254519
1568997254531
1568997254543
1568997254556
1568997254569
1568997254580
1568997254592
1568997254605
1568997254617
1568997254630
1568997254642
1568997254655
1568997254668
1568997254678
1568997254690
1568997254704
1568997254717
1568997254729
1568997254742
1568997254754
1568997254767
1568997254779
1568997254790
1568997254802
1568997254813
1568997254825
1568997254836
1568997254849
1568997254862
1568997254874
1568997254886
1568997254899
1568997254912
1568997254923
1568997254934
1568997254947
1568997254959
1568997254972
1568997254984
1568997254997
1568997255011
1568997255023
1568997255037
1568997255049
1568997255062
1568997255075
1568997255087
1568997255099
1568997255111
1568997255125
1568997255138
1568997255151
1568997255166
1568997255179
1568997255192
1568997255205
1568997255219
1568997255232
1568997255245
1568997255258
1568997255270
1568997255282
1568997255295
1568997255309
1568997255323
1568997255336
1568997255349
1568997255362
1568997255375
1568997255388
1568997255401
1568997255414
1568997255427
1568997255440
1568997255453
1568997255466
1568997255480
1568997255493
1568997255507
1568997255519
1568997255533
1568997255546
1568997255559
1568997255572
1568997255584
1568997255596
1568997255607
1568997255620
1568997255633
1568997255646
1568997255658
1568997255670
1568997255682
1568997255694
1568997255707
1568997255718
1568997255730
1568997255741
1568997255754
1568997255765
1568997255778
1568997255789
1568997255801
1568997255813
1568997255825
