1568391910947
1568391910959
1568391910974
1568391910985
1568391910997
1568391911009
1568391911020
1568391911032
1568391911043
1568391911056
1568391911067
1568391911079
1568391911091
1568391911103
1568391911115
1568391911127
1568391911139
1568391911151
1568391911162
1568391911174
1568391911185
1568391911197
1568391911209
1568391911223
1568391911236
1568391911249
1568391911262
1568391911275
1568391911287
1568391911301
1568391911314
1568391911327
1568391911340
1568391911353
1568391911364
1568391911376
1568391911389
1568391911403
1568391911415
1568391911428
1568391911441
1568391911453
1568391911466
1568391911479
1568391911491
1568391911504
1568391911517
1568391911530
1568391911544
1568391911557
1568391911570
1568391911583
1568391911595
1568391911608
1568391911621
1568391911634
1568391911646
1568391911659
1568391911672
1568391911684
1568391911697
1568391911710
1568391911724
1568391911737
1568391911749
1568391911762
1568391911775
1568391911787
1568391911800
1568391911812
1568391911824
1568391911836
1568391911849
1568391911863
1568391911875
1568391911888
1568391911901
1568391911915
1568391911927
1568391911940
1568391911953
1568391911966
1568391911978
1568391911993
1568391912006
1568391912020
1568391912033
1568391912045
1568391912060
1568391912074
1568391912087
1568391912101
1568391912116
1568391912131
1568391912146
1568391912158
1568391912171
1568391912185
1568391912198
1568391912211
1568391912225
1568391912238
1568391912251
1568391912264
1568391912277
1568391912291
1568391912304
1568391912317
1568391912330
1568391912344
1568391912357
1568391912371
1568391912384
1568391912396
1568391912409
1568391912422
1568391912435
1568391912448
1568391912461
1568391912475
1568391912488
1568391912502
1568391912514
1568391912528
1568391912541
1568391912554
1568391912566
1568391912579
1568391912591
1568391912604
1568391912617
1568391912629
1568391912641
1568391912654
1568391912666
1568391912679
1568391912691
1568391912703
1568391912715
1568391912728
1568391912740
1568391912751
1568391912763
1568391912776
1568391912788
1568391912800
1568391912812
1568391912824
1568391912836
1568391912849
