1568391947384
1568391947398
1568391947413
1568391947425
1568391947438
1568391947451
1568391947464
1568391947476
1568391947488
1568391947500
1568391947513
1568391947525
1568391947538
1568391947552
1568391947566
1568391947580
1568391947593
1568391947606
1568391947618
1568391947630
1568391947642
1568391947654
1568391947666
1568391947678
1568391947690
1568391947703
1568391947715
1568391947729
1568391947741
1568391947752
1568391947764
1568391947776
1568391947789
1568391947801
1568391947813
1568391947827
1568391947840
1568391947854
1568391947867
1568391947880
1568391947893
1568391947905
1568391947917
1568391947928
1568391947941
1568391947953
1568391947966
1568391947978
1568391947992
1568391948006
1568391948018
1568391948031
1568391948044
1568391948056
1568391948068
1568391948080
1568391948092
1568391948104
1568391948116
1568391948129
1568391948142
1568391948154
1568391948166
1568391948178
1568391948191
1568391948203
1568391948216
1568391948228
1568391948241
1568391948254
1568391948267
1568391948278
1568391948290
1568391948304
1568391948316
1568391948329
1568391948341
1568391948355
1568391948368
1568391948381
1568391948394
1568391948407
1568391948420
1568391948434
1568391948447
1568391948461
1568391948474
1568391948487
1568391948500
1568391948513
1568391948526
1568391948540
1568391948552
1568391948565
1568391948578
1568391948591
1568391948605
1568391948619
1568391948632
1568391948645
1568391948658
1568391948671
1568391948684
1568391948698
1568391948711
1568391948724
1568391948737
1568391948750
1568391948763
1568391948777
1568391948790
1568391948803
1568391948816
1568391948828
1568391948841
1568391948854
1568391948867
1568391948880
1568391948892
1568391948905
1568391948918
1568391948931
1568391948944
1568391948958
1568391948970
1568391948981
1568391948993
1568391949005
1568391949017
1568391949030
1568391949042
1568391949055
1568391949068
1568391949082
1568391949095
1568391949108
1568391949121
1568391949134
1568391949146
1568391949158
1568391949169
1568391949181
1568391949194
1568391949206
1568391949218
1568391949231
1568391949242
1568391949255
1568391949267
1568391949278
