1568391955447
1568391955464
1568391955479
1568391955493
1568391955508
1568391955522
1568391955538
1568391955555
1568391955570
1568391955584
1568391955598
1568391955612
1568391955628
1568391955645
1568391955660
1568391955673
1568391955689
1568391955703
1568391955716
1568391955730
1568391955744
1568391955759
1568391955773
1568391955788
1568391955802
1568391955816
1568391955830
1568391955847
1568391955860
1568391955873
1568391955887
1568391955901
1568391955914
1568391955927
1568391955941
1568391955956
1568391955971
1568391955987
1568391956003
1568391956018
1568391956031
1568391956046
1568391956059
1568391956073
1568391956089
1568391956103
1568391956117
1568391956133
1568391956148
1568391956164
1568391956180
1568391956196
1568391956210
1568391956226
1568391956243
1568391956257
1568391956270
1568391956286
1568391956301
1568391956316
1568391956331
1568391956345
1568391956359
1568391956373
1568391956387
1568391956401
1568391956416
1568391956429
1568391956444
1568391956459
1568391956473
1568391956489
1568391956504
1568391956520
1568391956537
1568391956552
1568391956566
1568391956580
1568391956595
1568391956610
1568391956625
1568391956642
1568391956657
1568391956672
1568391956688
1568391956703
1568391956720
1568391956736
1568391956752
1568391956767
1568391956781
1568391956797
1568391956812
1568391956827
1568391956842
1568391956859
1568391956873
1568391956894
1568391956909
1568391956927
1568391956947
1568391956964
1568391956978
1568391956994
1568391957007
1568391957021
1568391957034
1568391957048
1568391957061
1568391957075
1568391957088
1568391957102
1568391957116
1568391957130
1568391957143
1568391957156
1568391957169
1568391957181
1568391957194
1568391957208
1568391957225
1568391957248
1568391957264
1568391957283
1568391957302
1568391957316
1568391957345
1568391957359
1568391957373
1568391957392
1568391957418
1568391957432
1568391957446
1568391957461
1568391957477
1568391957505
1568391957518
1568391957531
1568391957542
1568391957557
1568391957572
1568391957584
1568391957596
1568391957609
1568391957622
1568391957635
1568391957648
1568391957660
1568391957672
1568391957684
