1568391958713
1568391958728
1568391958743
1568391958758
1568391958772
1568391958786
1568391958799
1568391958813
1568391958826
1568391958840
1568391958853
1568391958868
1568391958883
1568391958898
1568391958911
1568391958924
1568391958936
1568391958948
1568391958960
1568391958973
1568391958986
1568391958999
1568391959012
1568391959024
1568391959037
1568391959050
1568391959064
1568391959078
1568391959090
1568391959102
1568391959115
1568391959128
1568391959141
1568391959154
1568391959169
1568391959182
1568391959195
1568391959208
1568391959221
1568391959234
1568391959247
1568391959261
1568391959273
1568391959287
1568391959300
1568391959313
1568391959326
1568391959339
1568391959353
1568391959366
1568391959379
1568391959392
1568391959404
1568391959415
1568391959428
1568391959441
1568391959454
1568391959466
1568391959479
1568391959492
1568391959505
1568391959519
1568391959531
1568391959544
1568391959557
1568391959570
1568391959583
1568391959596
1568391959609
1568391959623
1568391959636
1568391959649
1568391959662
1568391959675
1568391959689
1568391959702
1568391959714
1568391959728
1568391959742
1568391959755
1568391959768
1568391959781
1568391959793
1568391959808
1568391959821
1568391959834
1568391959847
1568391959861
1568391959874
1568391959888
1568391959902
1568391959916
1568391959929
1568391959943
1568391959955
1568391959968
1568391959981
1568391959995
1568391960010
1568391960024
1568391960037
1568391960050
1568391960064
1568391960078
1568391960091
1568391960104
1568391960118
1568391960132
1568391960145
1568391960159
1568391960173
1568391960186
1568391960199
1568391960211
1568391960225
1568391960239
1568391960252
1568391960265
1568391960279
1568391960291
1568391960305
1568391960320
1568391960332
1568391960345
1568391960357
1568391960370
1568391960383
1568391960396
1568391960409
1568391960422
1568391960436
1568391960450
1568391960464
1568391960477
1568391960490
1568391960504
1568391960517
1568391960529
1568391960541
1568391960555
1568391960569
1568391960582
1568391960595
1568391960609
1568391960622
1568391960636
1568391960649
1568391960662
1568391960675
1568391960688
