1568391926738
1568391926750
1568391926763
1568391926775
1568391926786
1568391926797
1568391926809
1568391926820
1568391926832
1568391926844
1568391926856
1568391926868
1568391926880
1568391926893
1568391926906
1568391926918
1568391926929
1568391926941
1568391926953
1568391926965
1568391926977
1568391926989
1568391927001
1568391927013
1568391927025
1568391927038
1568391927050
1568391927063
1568391927076
1568391927089
1568391927101
1568391927112
1568391927124
1568391927136
1568391927149
1568391927160
1568391927172
1568391927185
1568391927197
1568391927210
1568391927222
1568391927235
1568391927247
1568391927258
1568391927270
1568391927282
1568391927294
1568391927306
1568391927318
1568391927330
1568391927342
1568391927355
1568391927367
1568391927380
1568391927393
1568391927405
1568391927416
1568391927428
1568391927440
1568391927452
1568391927465
1568391927478
1568391927491
1568391927504
1568391927515
1568391927526
1568391927538
1568391927551
1568391927563
1568391927574
1568391927586
1568391927598
1568391927610
1568391927623
1568391927636
1568391927648
1568391927660
1568391927673
1568391927686
1568391927698
1568391927712
1568391927725
1568391927738
1568391927751
1568391927763
1568391927776
1568391927790
1568391927803
1568391927815
1568391927828
1568391927841
1568391927853
1568391927866
1568391927879
1568391927892
1568391927906
1568391927919
1568391927933
1568391927947
1568391927960
1568391927974
1568391927987
1568391928000
1568391928014
1568391928027
1568391928040
1568391928053
1568391928066
1568391928079
1568391928094
1568391928107
1568391928121
1568391928133
1568391928146
1568391928159
1568391928172
1568391928185
1568391928199
1568391928211
1568391928224
1568391928238
1568391928252
1568391928266
1568391928279
1568391928292
1568391928304
1568391928316
1568391928329
1568391928341
1568391928354
1568391928366
1568391928379
1568391928391
1568391928404
1568391928416
1568391928428
1568391928440
1568391928452
1568391928464
1568391928477
1568391928489
1568391928502
1568391928514
1568391928526
1568391928539
1568391928553
1568391928565
1568391928577
1568391928589
1568391928601
