1568391915718
1568391915731
1568391915746
1568391915758
1568391915770
1568391915782
1568391915794
1568391915807
1568391915819
1568391915832
1568391915845
1568391915856
1568391915869
1568391915882
1568391915895
1568391915907
1568391915919
1568391915932
1568391915944
1568391915957
1568391915968
1568391915980
1568391915992
1568391916004
1568391916016
1568391916029
1568391916044
1568391916057
1568391916069
1568391916081
1568391916094
1568391916106
1568391916118
1568391916131
1568391916143
1568391916156
1568391916169
1568391916183
1568391916195
1568391916209
1568391916222
1568391916234
1568391916245
1568391916257
1568391916269
1568391916281
1568391916294
1568391916306
1568391916318
1568391916330
1568391916343
1568391916355
1568391916367
1568391916380
1568391916393
1568391916404
1568391916416
1568391916428
1568391916441
1568391916453
1568391916466
1568391916479
1568391916491
1568391916504
1568391916515
1568391916527
1568391916540
1568391916552
1568391916564
1568391916577
1568391916590
1568391916601
1568391916613
1568391916626
1568391916639
1568391916651
1568391916664
1568391916676
1568391916689
1568391916703
1568391916716
1568391916729
1568391916742
1568391916755
1568391916768
1568391916783
1568391916795
1568391916809
1568391916822
1568391916835
1568391916848
1568391916861
1568391916874
1568391916888
1568391916901
1568391916913
1568391916927
1568391916941
1568391916954
1568391916967
1568391916980
1568391916994
1568391917006
1568391917019
1568391917032
1568391917045
1568391917058
1568391917071
1568391917085
1568391917099
1568391917112
1568391917126
1568391917139
1568391917153
1568391917165
1568391917178
1568391917191
1568391917204
1568391917217
1568391917229
1568391917243
1568391917257
1568391917271
1568391917284
1568391917296
1568391917309
1568391917321
1568391917333
1568391917346
1568391917358
1568391917369
1568391917381
1568391917394
1568391917407
1568391917419
1568391917431
1568391917443
1568391917454
1568391917466
1568391917477
1568391917489
1568391917500
1568391917512
1568391917524
1568391917536
1568391917548
1568391917560
1568391917572
1568391917583
1568391917595
