1568391914144
1568391914156
1568391914170
1568391914182
1568391914194
1568391914206
1568391914218
1568391914230
1568391914242
1568391914254
1568391914265
1568391914277
1568391914290
1568391914302
1568391914314
1568391914326
1568391914337
1568391914349
1568391914361
1568391914372
1568391914384
1568391914396
1568391914407
1568391914419
1568391914432
1568391914446
1568391914458
1568391914469
1568391914482
1568391914494
1568391914506
1568391914519
1568391914532
1568391914545
1568391914557
1568391914570
1568391914582
1568391914595
1568391914606
1568391914619
1568391914631
1568391914643
1568391914655
1568391914667
1568391914678
1568391914692
1568391914704
1568391914716
1568391914729
1568391914742
1568391914755
1568391914767
1568391914778
1568391914790
1568391914802
1568391914815
1568391914828
1568391914840
1568391914852
1568391914863
1568391914876
1568391914888
1568391914901
1568391914913
1568391914926
1568391914939
1568391914952
1568391914963
1568391914975
1568391914988
1568391915000
1568391915012
1568391915025
1568391915038
1568391915052
1568391915064
1568391915076
1568391915088
1568391915100
1568391915114
1568391915127
1568391915141
1568391915153
1568391915165
1568391915178
1568391915196
1568391915209
1568391915222
1568391915236
1568391915249
1568391915262
1568391915275
1568391915288
1568391915302
1568391915315
1568391915328
1568391915341
1568391915355
1568391915369
1568391915382
1568391915395
1568391915409
1568391915421
1568391915435
1568391915448
1568391915461
1568391915474
1568391915487
1568391915501
1568391915515
1568391915529
1568391915543
1568391915555
1568391915569
1568391915582
1568391915595
1568391915608
1568391915620
1568391915633
1568391915646
1568391915659
1568391915674
1568391915686
1568391915699
1568391915712
1568391915725
1568391915738
1568391915751
1568391915763
1568391915775
1568391915788
1568391915800
1568391915813
1568391915826
1568391915839
1568391915852
1568391915863
1568391915875
1568391915888
1568391915901
1568391915914
1568391915926
1568391915939
1568391915952
1568391915964
1568391915977
1568391915990
1568391916004
1568391916015
1568391916027
