1568391957094
1568391957109
1568391957125
1568391957139
1568391957152
1568391957165
1568391957176
1568391957189
1568391957201
1568391957216
1568391957236
1568391957256
1568391957270
1568391957295
1568391957310
1568391957341
1568391957355
1568391957369
1568391957388
1568391957402
1568391957427
1568391957440
1568391957453
1568391957471
1568391957485
1568391957513
1568391957525
1568391957538
1568391957550
1568391957567
1568391957579
1568391957591
1568391957603
1568391957616
1568391957628
1568391957640
1568391957653
1568391957666
1568391957678
1568391957690
1568391957703
1568391957716
1568391957730
1568391957743
1568391957757
1568391957770
1568391957782
1568391957795
1568391957809
1568391957822
1568391957835
1568391957848
1568391957861
1568391957874
1568391957887
1568391957901
1568391957914
1568391957927
1568391957939
1568391957952
1568391957965
1568391957980
1568391957994
1568391958006
1568391958019
1568391958032
1568391958045
1568391958057
1568391958071
1568391958084
1568391958096
1568391958109
1568391958123
1568391958137
1568391958150
1568391958163
1568391958175
1568391958188
1568391958201
1568391958214
1568391958227
1568391958240
1568391958254
1568391958267
1568391958281
1568391958295
1568391958309
1568391958323
1568391958336
1568391958348
1568391958361
1568391958375
1568391958388
1568391958401
1568391958415
1568391958428
1568391958441
1568391958454
1568391958468
1568391958481
1568391958494
1568391958507
1568391958520
1568391958533
1568391958545
1568391958559
1568391958572
1568391958585
1568391958598
1568391958612
1568391958625
1568391958640
1568391958654
1568391958670
1568391958685
1568391958699
1568391958712
1568391958726
1568391958740
1568391958754
1568391958768
1568391958783
1568391958797
1568391958811
1568391958825
1568391958839
1568391958852
1568391958866
1568391958880
1568391958893
1568391958907
1568391958920
1568391958933
1568391958947
1568391958959
1568391958972
1568391958985
1568391958997
1568391959010
1568391959022
1568391959034
1568391959048
1568391959061
1568391959073
1568391959087
1568391959099
1568391959111
1568391959124
1568391959137
1568391959150
