1568993019324
1568993019337
1568993019352
1568993019364
1568993019378
1568993019391
1568993019403
1568993019416
1568993019428
1568993019440
1568993019453
1568993019466
1568993019478
1568993019491
1568993019504
1568993019517
1568993019530
1568993019543
1568993019555
1568993019569
1568993019581
1568993019594
1568993019607
1568993019619
1568993019632
1568993019646
1568993019659
1568993019672
1568993019685
1568993019698
1568993019710
1568993019722
1568993019734
1568993019747
1568993019759
1568993019772
1568993019785
1568993019799
1568993019811
1568993019824
1568993019836
1568993019849
1568993019862
1568993019875
1568993019888
1568993019901
1568993019914
1568993019927
1568993019940
1568993019954
1568993019967
1568993019981
1568993019994
1568993020007
1568993020021
1568993020034
1568993020047
1568993020062
1568993020075
1568993020089
1568993020102
1568993020116
1568993020130
1568993020143
1568993020156
1568993020170
1568993020183
1568993020197
1568993020210
1568993020223
1568993020236
1568993020250
1568993020263
1568993020278
1568993020292
1568993020306
1568993020320
1568993020334
1568993020349
1568993020364
1568993020378
1568993020392
1568993020406
1568993020421
1568993020435
1568993020450
1568993020464
1568993020479
1568993020493
1568993020508
1568993020522
1568993020536
1568993020550
1568993020565
1568993020579
1568993020593
1568993020607
1568993020621
1568993020635
1568993020649
1568993020663
1568993020677
1568993020692
1568993020706
1568993020720
1568993020734
1568993020748
1568993020762
1568993020775
1568993020790
1568993020804
1568993020818
1568993020832
1568993020845
1568993020858
1568993020871
1568993020883
1568993020897
1568993020909
1568993020923
1568993020937
1568993020952
1568993020965
1568993020978
1568993020990
1568993021004
1568993021018
1568993021032
1568993021045
1568993021058
1568993021070
1568993021083
1568993021095
1568993021107
1568993021120
1568993021133
1568993021144
1568993021157
1568993021169
1568993021181
1568993021194
1568993021207
1568993021220
1568993021233
1568993021245
1568993021259
1568993021272
1568993021285
1568993021297
1568993021311
