1568993030170
1568993030183
1568993030200
1568993030215
1568993030229
1568993030243
1568993030256
1568993030269
1568993030282
1568993030295
1568993030307
1568993030319
1568993030332
1568993030346
1568993030359
1568993030372
1568993030384
1568993030398
1568993030412
1568993030426
1568993030439
1568993030452
1568993030464
1568993030476
1568993030488
1568993030503
1568993030517
1568993030530
1568993030542
1568993030556
1568993030571
1568993030585
1568993030599
1568993030612
1568993030625
1568993030640
1568993030653
1568993030668
1568993030682
1568993030695
1568993030709
1568993030723
1568993030736
1568993030753
1568993030766
1568993030779
1568993030793
1568993030807
1568993030821
1568993030834
1568993030847
1568993030860
1568993030873
1568993030887
1568993030899
1568993030912
1568993030925
1568993030938
1568993030950
1568993030964
1568993030977
1568993030992
1568993031006
1568993031021
1568993031033
1568993031047
1568993031060
1568993031076
1568993031089
1568993031103
1568993031116
1568993031130
1568993031143
1568993031159
1568993031175
1568993031189
1568993031203
1568993031218
1568993031232
1568993031246
1568993031260
1568993031274
1568993031288
1568993031302
1568993031317
1568993031333
1568993031348
1568993031363
1568993031377
1568993031391
1568993031407
1568993031422
1568993031436
1568993031451
1568993031465
1568993031480
1568993031495
1568993031511
1568993031525
1568993031540
1568993031555
1568993031571
1568993031586
1568993031601
1568993031616
1568993031632
1568993031648
1568993031664
1568993031678
1568993031694
1568993031708
1568993031724
1568993031739
1568993031753
1568993031767
1568993031782
1568993031795
1568993031811
1568993031826
1568993031841
1568993031855
1568993031870
1568993031883
1568993031896
1568993031910
1568993031924
1568993031938
1568993031951
1568993031964
1568993031979
1568993031991
1568993032006
1568993032021
1568993032035
1568993032049
1568993032063
1568993032077
1568993032090
1568993032103
1568993032119
1568993032134
1568993032148
1568993032161
1568993032174
1568993032187
1568993032201
1568993032217
1568993032232
1568993032246
1568993032261
