1568993072195
1568993072212
1568993072228
1568993072242
1568993072257
1568993072273
1568993072288
1568993072303
1568993072317
1568993072331
1568993072345
1568993072360
1568993072375
1568993072390
1568993072405
1568993072419
1568993072432
1568993072444
1568993072456
1568993072468
1568993072481
1568993072493
1568993072506
1568993072521
1568993072534
1568993072549
1568993072564
1568993072580
1568993072595
1568993072610
1568993072625
1568993072641
1568993072655
1568993072697
1568993072732
1568993072761
1568993072783
1568993072805
1568993072822
1568993072839
1568993072853
1568993072867
1568993072880
1568993072893
1568993072906
1568993072923
1568993072937
1568993072952
1568993072970
1568993072988
1568993073003
1568993073017
1568993073030
1568993073043
1568993073056
1568993073070
1568993073084
1568993073097
1568993073109
1568993073122
1568993073134
1568993073148
1568993073162
1568993073176
1568993073190
1568993073204
1568993073218
1568993073234
1568993073247
1568993073262
1568993073276
1568993073290
1568993073306
1568993073321
1568993073336
1568993073350
1568993073364
1568993073379
1568993073393
1568993073410
1568993073425
1568993073439
1568993073453
1568993073468
1568993073483
1568993073498
1568993073514
1568993073530
1568993073543
1568993073557
1568993073571
1568993073584
1568993073597
1568993073612
1568993073626
1568993073640
1568993073655
1568993073671
1568993073686
1568993073700
1568993073714
1568993073729
1568993073743
1568993073757
1568993073770
1568993073784
1568993073799
1568993073813
1568993073828
1568993073843
1568993073857
1568993073872
1568993073886
1568993073899
1568993073915
1568993073932
1568993073948
1568993073962
1568993073976
1568993073992
1568993074009
1568993074025
1568993074041
1568993074056
1568993074070
1568993074085
1568993074100
1568993074115
1568993074129
1568993074143
1568993074156
1568993074168
1568993074180
1568993074193
1568993074205
1568993074221
1568993074236
1568993074250
1568993074264
1568993074277
1568993074289
1568993074301
1568993074313
1568993074326
1568993074340
1568993074421
1568993074464
1568993074497
1568993074516
1568993074534
