1568993056044
1568993056062
1568993056080
1568993056094
1568993056109
1568993056124
1568993056139
1568993056153
1568993056167
1568993056181
1568993056195
1568993056211
1568993056225
1568993056243
1568993056258
1568993056272
1568993056286
1568993056301
1568993056317
1568993056332
1568993056345
1568993056359
1568993056373
1568993056389
1568993056405
1568993056420
1568993056433
1568993056446
1568993056459
1568993056476
1568993056491
1568993056506
1568993056520
1568993056535
1568993056550
1568993056566
1568993056581
1568993056595
1568993056610
1568993056623
1568993056642
1568993056661
1568993056677
1568993056695
1568993056711
1568993056726
1568993056743
1568993056760
1568993056775
1568993056792
1568993056808
1568993056825
1568993056838
1568993056852
1568993056865
1568993056879
1568993056892
1568993056909
1568993056927
1568993056944
1568993056958
1568993056973
1568993056986
1568993056999
1568993057017
1568993057035
1568993057050
1568993057064
1568993057078
1568993057091
1568993057104
1568993057120
1568993057135
1568993057149
1568993057163
1568993057193
1568993057254
1568993057292
1568993057321
1568993057344
1568993057363
1568993057380
1568993057396
1568993057410
1568993057425
1568993057439
1568993057453
1568993057468
1568993057482
1568993057498
1568993057514
1568993057529
1568993057544
1568993057559
1568993057574
1568993057589
1568993057603
1568993057619
1568993057633
1568993057649
1568993057665
1568993057680
1568993057695
1568993057710
1568993057724
1568993057739
1568993057754
1568993057769
1568993057782
1568993057797
1568993057813
1568993057829
1568993057845
1568993057860
1568993057876
1568993057889
1568993057903
1568993057918
1568993057931
1568993057945
1568993057959
1568993057975
1568993057990
1568993058004
1568993058020
1568993058036
1568993058051
1568993058066
1568993058081
1568993058096
1568993058110
1568993058123
1568993058138
1568993058152
1568993058164
1568993058178
1568993058194
1568993058209
1568993058223
1568993058236
1568993058251
1568993058267
1568993058282
1568993058297
1568993058311
1568993058326
1568993058339
1568993058354
1568993058371
1568993058386
