1568993046074
1568993046093
1568993046111
1568993046131
1568993046147
1568993046164
1568993046185
1568993046201
1568993046215
1568993046230
1568993046246
1568993046261
1568993046275
1568993046291
1568993046306
1568993046321
1568993046335
1568993046350
1568993046365
1568993046379
1568993046393
1568993046407
1568993046422
1568993046435
1568993046447
1568993046460
1568993046472
1568993046487
1568993046502
1568993046516
1568993046531
1568993046547
1568993046563
1568993046577
1568993046593
1568993046608
1568993046622
1568993046640
1568993046654
1568993046668
1568993046682
1568993046701
1568993046719
1568993046734
1568993046749
1568993046765
1568993046778
1568993046793
1568993046809
1568993046827
1568993046841
1568993046858
1568993046871
1568993046885
1568993046900
1568993046917
1568993046931
1568993046944
1568993046958
1568993046973
1568993046989
1568993047005
1568993047023
1568993047039
1568993047052
1568993047066
1568993047082
1568993047097
1568993047113
1568993047128
1568993047143
1568993047158
1568993047173
1568993047189
1568993047205
1568993047220
1568993047236
1568993047251
1568993047267
1568993047283
1568993047297
1568993047312
1568993047328
1568993047343
1568993047357
1568993047374
1568993047389
1568993047403
1568993047418
1568993047434
1568993047450
1568993047464
1568993047480
1568993047496
1568993047510
1568993047525
1568993047540
1568993047556
1568993047572
1568993047587
1568993047602
1568993047616
1568993047632
1568993047648
1568993047662
1568993047674
1568993047689
1568993047705
1568993047719
1568993047735
1568993047749
1568993047765
1568993047779
1568993047793
1568993047805
1568993047817
1568993047830
1568993047843
1568993047854
1568993047866
1568993047878
1568993047896
1568993047911
1568993047926
1568993047939
1568993047954
1568993047969
1568993047982
1568993047996
1568993048008
1568993048021
1568993048033
1568993048047
1568993048060
1568993048076
1568993048091
1568993048107
1568993048123
1568993048137
1568993048152
1568993048167
1568993048187
1568993048202
1568993048220
1568993048239
1568993048255
1568993048272
1568993048287
1568993048302
1568993048318
