1568993031707
1568993031722
1568993031738
1568993031752
1568993031766
1568993031780
1568993031793
1568993031807
1568993031822
1568993031837
1568993031850
1568993031863
1568993031876
1568993031889
1568993031903
1568993031917
1568993031931
1568993031944
1568993031956
1568993031969
1568993031984
1568993031997
1568993032011
1568993032025
1568993032038
1568993032053
1568993032067
1568993032080
1568993032093
1568993032108
1568993032123
1568993032138
1568993032151
1568993032164
1568993032176
1568993032188
1568993032202
1568993032218
1568993032233
1568993032247
1568993032261
1568993032279
1568993032294
1568993032308
1568993032322
1568993032336
1568993032349
1568993032365
1568993032381
1568993032397
1568993032411
1568993032425
1568993032439
1568993032529
1568993032574
1568993032609
1568993032630
1568993032649
1568993032667
1568993032682
1568993032696
1568993032710
1568993032723
1568993032736
1568993032750
1568993032763
1568993032776
1568993032791
1568993032805
1568993032819
1568993032832
1568993032846
1568993032860
1568993032875
1568993032889
1568993032902
1568993032915
1568993032931
1568993032945
1568993032961
1568993032975
1568993032990
1568993033005
1568993033019
1568993033033
1568993033048
1568993033063
1568993033079
1568993033093
1568993033107
1568993033121
1568993033137
1568993033152
1568993033167
1568993033181
1568993033195
1568993033210
1568993033226
1568993033240
1568993033256
1568993033271
1568993033286
1568993033300
1568993033314
1568993033328
1568993033342
1568993033356
1568993033370
1568993033384
1568993033398
1568993033411
1568993033425
1568993033438
1568993033451
1568993033465
1568993033480
1568993033493
1568993033507
1568993033520
1568993033533
1568993033548
1568993033563
1568993033577
1568993033591
1568993033605
1568993033619
1568993033633
1568993033648
1568993033662
1568993033677
1568993033691
1568993033705
1568993033719
1568993033735
1568993033751
1568993033765
1568993033780
1568993033794
1568993033808
1568993033822
1568993033836
1568993033851
1568993033865
1568993033879
1568993033892
1568993033906
1568993033922
1568993033937
1568993033952
1568993033967
