1568993064924
1568993064937
1568993064952
1568993064966
1568993064980
1568993064996
1568993065011
1568993065026
1568993065039
1568993065052
1568993065065
1568993065078
1568993065093
1568993065108
1568993065122
1568993065135
1568993065150
1568993065164
1568993065177
1568993065191
1568993065206
1568993065223
1568993065237
1568993065251
1568993065264
1568993065278
1568993065292
1568993065307
1568993065320
1568993065333
1568993065345
1568993065360
1568993065373
1568993065387
1568993065402
1568993065414
1568993065427
1568993065443
1568993065457
1568993065471
1568993065486
1568993065503
1568993065522
1568993065537
1568993065552
1568993065565
1568993065582
1568993065597
1568993065612
1568993065629
1568993065644
1568993065659
1568993065672
1568993065686
1568993065701
1568993065718
1568993065735
1568993065752
1568993065767
1568993065781
1568993065796
1568993065811
1568993065825
1568993065839
1568993065854
1568993065868
1568993065883
1568993065898
1568993065914
1568993065929
1568993065944
1568993065958
1568993065972
1568993065987
1568993066001
1568993066014
1568993066027
1568993066042
1568993066057
1568993066074
1568993066092
1568993066110
1568993066128
1568993066146
1568993066163
1568993066183
1568993066201
1568993066219
1568993066235
1568993066251
1568993066266
1568993066282
1568993066297
1568993066313
1568993066328
1568993066344
1568993066360
1568993066376
1568993066391
1568993066405
1568993066419
1568993066432
1568993066448
1568993066463
1568993066477
1568993066492
1568993066505
1568993066520
1568993066537
1568993066554
1568993066569
1568993066584
1568993066598
1568993066613
1568993066629
1568993066645
1568993066659
1568993066675
1568993066689
1568993066703
1568993066718
1568993066734
1568993066748
1568993066761
1568993066775
1568993066789
1568993066802
1568993066814
1568993066828
1568993066841
1568993066855
1568993066871
1568993066886
1568993066902
1568993066920
1568993066936
1568993066951
1568993066966
1568993066982
1568993066996
1568993067010
1568993067022
1568993067035
1568993067048
1568993067064
1568993067081
1568993067097
1568993067112
1568993067126
1568993067139
