1568993041189
1568993041202
1568993041219
1568993041233
1568993041247
1568993041262
1568993041276
1568993041290
1568993041304
1568993041318
1568993041332
1568993041346
1568993041360
1568993041375
1568993041389
1568993041402
1568993041415
1568993041427
1568993041441
1568993041456
1568993041472
1568993041486
1568993041501
1568993041515
1568993041530
1568993041546
1568993041563
1568993041579
1568993041593
1568993041606
1568993041618
1568993041630
1568993041642
1568993041657
1568993041672
1568993041686
1568993041701
1568993041715
1568993041729
1568993041744
1568993041757
1568993041772
1568993041787
1568993041802
1568993041816
1568993041830
1568993041842
1568993041855
1568993041873
1568993041891
1568993041905
1568993041919
1568993041932
1568993041949
1568993041963
1568993041977
1568993041990
1568993042004
1568993042018
1568993042032
1568993042049
1568993042064
1568993042077
1568993042090
1568993042104
1568993042118
1568993042134
1568993042148
1568993042163
1568993042176
1568993042190
1568993042260
1568993042301
1568993042334
1568993042357
1568993042378
1568993042395
1568993042411
1568993042427
1568993042442
1568993042456
1568993042470
1568993042484
1568993042499
1568993042514
1568993042531
1568993042547
1568993042561
1568993042578
1568993042594
1568993042609
1568993042626
1568993042641
1568993042655
1568993042669
1568993042684
1568993042699
1568993042715
1568993042731
1568993042746
1568993042760
1568993042777
1568993042792
1568993042809
1568993042824
1568993042840
1568993042854
1568993042869
1568993042884
1568993042899
1568993042915
1568993042931
1568993042945
1568993042960
1568993042974
1568993042986
1568993043001
1568993043015
1568993043029
1568993043044
1568993043059
1568993043074
1568993043088
1568993043102
1568993043116
1568993043130
1568993043144
1568993043158
1568993043172
1568993043185
1568993043197
1568993043209
1568993043222
1568993043238
1568993043255
1568993043270
1568993043284
1568993043298
1568993043312
1568993043327
1568993043341
1568993043355
1568993043369
1568993043384
1568993043399
1568993043416
1568993043431
1568993043445
1568993043458
1568993043471
