1568993025444
1568993025458
1568993025475
1568993025491
1568993025505
1568993025520
1568993025535
1568993025550
1568993025565
1568993025579
1568993025593
1568993025605
1568993025617
1568993025631
1568993025644
1568993025657
1568993025671
1568993025686
1568993025700
1568993025715
1568993025729
1568993025743
1568993025756
1568993025771
1568993025785
1568993025800
1568993025817
1568993025833
1568993025847
1568993025863
1568993025878
1568993025892
1568993025904
1568993025917
1568993025931
1568993025946
1568993025961
1568993025976
1568993025990
1568993026005
1568993026019
1568993026032
1568993026046
1568993026061
1568993026076
1568993026092
1568993026107
1568993026121
1568993026135
1568993026151
1568993026168
1568993026183
1568993026196
1568993026209
1568993026222
1568993026235
1568993026248
1568993026263
1568993026276
1568993026292
1568993026306
1568993026321
1568993026334
1568993026348
1568993026362
1568993026375
1568993026388
1568993026402
1568993026420
1568993026435
1568993026449
1568993026462
1568993026519
1568993026572
1568993026606
1568993026634
1568993026655
1568993026673
1568993026689
1568993026704
1568993026719
1568993026733
1568993026746
1568993026761
1568993026775
1568993026792
1568993026807
1568993026823
1568993026837
1568993026851
1568993026865
1568993026879
1568993026893
1568993026909
1568993026923
1568993026938
1568993026952
1568993026967
1568993026981
1568993026997
1568993027012
1568993027027
1568993027040
1568993027054
1568993027069
1568993027085
1568993027098
1568993027112
1568993027126
1568993027142
1568993027157
1568993027172
1568993027185
1568993027199
1568993027212
1568993027226
1568993027240
1568993027253
1568993027266
1568993027281
1568993027297
1568993027312
1568993027326
1568993027339
1568993027353
1568993027366
1568993027380
1568993027393
1568993027408
1568993027422
1568993027436
1568993027450
1568993027464
1568993027479
1568993027496
1568993027511
1568993027526
1568993027545
1568993027558
1568993027574
1568993027587
1568993027600
1568993027613
1568993027626
1568993027640
1568993027656
1568993027670
1568993027685
1568993027699
1568993027712
