1568993050992
1568993051008
1568993051025
1568993051041
1568993051056
1568993051072
1568993051087
1568993051101
1568993051114
1568993051129
1568993051143
1568993051158
1568993051173
1568993051188
1568993051202
1568993051217
1568993051233
1568993051248
1568993051261
1568993051274
1568993051287
1568993051299
1568993051313
1568993051328
1568993051343
1568993051359
1568993051372
1568993051385
1568993051398
1568993051411
1568993051425
1568993051440
1568993051454
1568993051471
1568993051485
1568993051499
1568993051515
1568993051530
1568993051544
1568993051557
1568993051569
1568993051583
1568993051597
1568993051641
1568993051703
1568993051737
1568993051764
1568993051782
1568993051804
1568993051823
1568993051839
1568993051854
1568993051867
1568993051880
1568993051893
1568993051906
1568993051918
1568993051932
1568993051947
1568993051963
1568993051978
1568993051992
1568993052005
1568993052019
1568993052035
1568993052051
1568993052064
1568993052078
1568993052092
1568993052107
1568993052122
1568993052138
1568993052153
1568993052168
1568993052183
1568993052199
1568993052213
1568993052228
1568993052245
1568993052260
1568993052276
1568993052290
1568993052305
1568993052320
1568993052335
1568993052351
1568993052366
1568993052382
1568993052397
1568993052413
1568993052428
1568993052441
1568993052456
1568993052471
1568993052486
1568993052500
1568993052515
1568993052531
1568993052547
1568993052563
1568993052577
1568993052591
1568993052606
1568993052623
1568993052638
1568993052653
1568993052668
1568993052683
1568993052696
1568993052752
1568993052809
1568993052846
1568993052868
1568993052891
1568993052907
1568993052924
1568993052938
1568993052951
1568993052965
1568993052981
1568993052995
1568993053010
1568993053023
1568993053037
1568993053053
1568993053068
1568993053081
1568993053094
1568993053107
1568993053119
1568993053132
1568993053144
1568993053156
1568993053169
1568993053182
1568993053197
1568993053211
1568993053227
1568993053242
1568993053258
1568993053272
1568993053287
1568993053301
1568993053315
1568993053330
1568993053345
1568993053360
1568993053373
1568993053386
1568993053399
