1568993059580
1568993059593
1568993059608
1568993059624
1568993059637
1568993059651
1568993059664
1568993059679
1568993059693
1568993059707
1568993059721
1568993059735
1568993059750
1568993059765
1568993059778
1568993059792
1568993059807
1568993059823
1568993059836
1568993059851
1568993059865
1568993059879
1568993059894
1568993059908
1568993059922
1568993059937
1568993059950
1568993059964
1568993059979
1568993059994
1568993060007
1568993060020
1568993060033
1568993060048
1568993060062
1568993060076
1568993060141
1568993060195
1568993060228
1568993060254
1568993060272
1568993060291
1568993060306
1568993060321
1568993060334
1568993060347
1568993060360
1568993060373
1568993060389
1568993060406
1568993060423
1568993060438
1568993060452
1568993060466
1568993060479
1568993060492
1568993060505
1568993060518
1568993060531
1568993060545
1568993060560
1568993060576
1568993060591
1568993060608
1568993060623
1568993060637
1568993060651
1568993060665
1568993060681
1568993060695
1568993060708
1568993060723
1568993060738
1568993060753
1568993060768
1568993060784
1568993060798
1568993060815
1568993060831
1568993060846
1568993060861
1568993060876
1568993060891
1568993060906
1568993060921
1568993060936
1568993060950
1568993060965
1568993060980
1568993060995
1568993061009
1568993061024
1568993061040
1568993061055
1568993061070
1568993061084
1568993061098
1568993061115
1568993061131
1568993061148
1568993061164
1568993061179
1568993061194
1568993061209
1568993061223
1568993061238
1568993061252
1568993061266
1568993061283
1568993061299
1568993061314
1568993061329
1568993061344
1568993061360
1568993061376
1568993061391
1568993061407
1568993061425
1568993061440
1568993061456
1568993061472
1568993061489
1568993061503
1568993061519
1568993061534
1568993061550
1568993061564
1568993061579
1568993061594
1568993061608
1568993061622
1568993061636
1568993061650
1568993061666
1568993061681
1568993061696
1568993061709
1568993061722
1568993061735
1568993061748
1568993061761
1568993061775
1568993061790
1568993061806
1568993061820
1568993061836
1568993061851
1568993061866
1568993061880
1568993061895
