1568911118796
1568911118809
1568911118824
1568911118838
1568911118851
1568911118864
1568911118876
1568911118888
1568911118901
1568911118913
1568911118925
1568911118939
1568911118952
1568911118965
1568911118977
1568911118989
1568911119001
1568911119014
1568911119026
1568911119038
1568911119051
1568911119064
1568911119077
1568911119090
1568911119103
1568911119118
1568911119130
1568911119143
1568911119156
1568911119168
1568911119181
1568911119194
1568911119207
1568911119219
1568911119232
1568911119245
1568911119257
1568911119272
1568911119286
1568911119300
1568911119313
1568911119326
1568911119339
1568911119352
1568911119365
1568911119377
1568911119390
1568911119404
1568911119417
1568911119430
1568911119444
1568911119457
1568911119469
1568911119482
1568911119495
1568911119507
1568911119519
1568911119531
1568911119544
1568911119557
1568911119570
1568911119584
1568911119598
1568911119611
1568911119624
1568911119637
1568911119649
1568911119662
1568911119675
1568911119688
1568911119700
1568911119713
1568911119727
1568911119741
1568911119754
1568911119767
1568911119780
1568911119793
1568911119805
1568911119818
1568911119831
1568911119844
1568911119857
1568911119869
1568911119881
1568911119894
1568911119906
1568911119919
1568911119932
1568911119945
1568911119958
1568911119971
1568911119984
1568911119997
1568911120010
1568911120023
1568911120036
1568911120050
1568911120063
1568911120076
1568911120089
1568911120102
1568911120116
1568911120129
1568911120141
1568911120155
1568911120168
1568911120181
1568911120194
1568911120208
1568911120221
1568911120235
1568911120249
1568911120262
1568911120274
1568911120287
1568911120300
1568911120313
1568911120326
1568911120339
1568911120352
1568911120367
1568911120380
1568911120393
1568911120406
1568911120418
1568911120430
1568911120441
1568911120453
1568911120466
1568911120478
1568911120491
1568911120504
1568911120517
1568911120530
1568911120543
1568911120556
1568911120567
1568911120579
1568911120591
1568911120603
1568911120616
1568911120629
1568911120642
1568911120654
1568911120668
1568911120682
1568911120695
1568911120709
1568911120722
