1568911120419
1568911120432
1568911120445
1568911120457
1568911120469
1568911120482
1568911120495
1568911120508
1568911120520
1568911120534
1568911120546
1568911120558
1568911120571
1568911120584
1568911120596
1568911120609
1568911120622
1568911120635
1568911120647
1568911120659
1568911120672
1568911120686
1568911120699
1568911120712
1568911120726
1568911120742
1568911120756
1568911120769
1568911120781
1568911120794
1568911120807
1568911120819
1568911120831
1568911120843
1568911120854
1568911120867
1568911120879
1568911120892
1568911120904
1568911120917
1568911120930
1568911120942
1568911120953
1568911120966
1568911120979
1568911120991
1568911121003
1568911121016
1568911121029
1568911121042
1568911121054
1568911121066
1568911121077
1568911121089
1568911121101
1568911121114
1568911121124
1568911121137
1568911121149
1568911121161
1568911121173
1568911121186
1568911121198
1568911121210
1568911121222
1568911121234
1568911121247
1568911121259
1568911121271
1568911121282
1568911121294
1568911121307
1568911121319
1568911121332
1568911121345
1568911121357
1568911121369
1568911121381
1568911121394
1568911121407
1568911121419
1568911121431
1568911121444
1568911121457
1568911121470
1568911121484
1568911121499
1568911121513
1568911121525
1568911121537
1568911121550
1568911121563
1568911121576
1568911121589
1568911121602
1568911121615
1568911121629
1568911121643
1568911121657
1568911121670
1568911121684
1568911121697
1568911121710
1568911121722
1568911121735
1568911121749
1568911121762
1568911121775
1568911121788
1568911121802
1568911121816
1568911121830
1568911121843
1568911121856
1568911121868
1568911121881
1568911121894
1568911121907
1568911121920
1568911121934
1568911121948
1568911121962
1568911121975
1568911121987
1568911122000
1568911122013
1568911122026
1568911122039
1568911122051
1568911122063
1568911122074
1568911122087
1568911122100
1568911122116
1568911122130
1568911122145
1568911122158
1568911122171
1568911122184
1568911122196
1568911122209
1568911122222
1568911122235
1568911122247
1568911122260
1568911122275
1568911122290
1568911122304
1568911122318
1568911122331
