1568911122046
1568911122058
1568911122072
1568911122084
1568911122097
1568911122110
1568911122123
1568911122137
1568911122150
1568911122162
1568911122176
1568911122188
1568911122202
1568911122215
1568911122229
1568911122241
1568911122253
1568911122265
1568911122279
1568911122293
1568911122306
1568911122319
1568911122331
1568911122346
1568911122359
1568911122373
1568911122386
1568911122400
1568911122413
1568911122426
1568911122439
1568911122452
1568911122465
1568911122478
1568911122491
1568911122504
1568911122517
1568911122531
1568911122545
1568911122560
1568911122573
1568911122584
1568911122597
1568911122610
1568911122624
1568911122637
1568911122650
1568911122665
1568911122677
1568911122691
1568911122703
1568911122716
1568911122729
1568911122743
1568911122756
1568911122769
1568911122781
1568911122795
1568911122808
1568911122824
1568911122838
1568911122851
1568911122866
1568911122879
1568911122892
1568911122906
1568911122919
1568911122932
1568911122945
1568911122958
1568911122970
1568911122983
1568911122996
1568911123011
1568911123023
1568911123037
1568911123050
1568911123062
1568911123075
1568911123089
1568911123103
1568911123117
1568911123130
1568911123144
1568911123156
1568911123170
1568911123184
1568911123196
1568911123209
1568911123222
1568911123235
1568911123249
1568911123262
1568911123275
1568911123288
1568911123301
1568911123314
1568911123328
1568911123341
1568911123354
1568911123368
1568911123380
1568911123393
1568911123406
1568911123419
1568911123432
1568911123445
1568911123459
1568911123474
1568911123488
1568911123501
1568911123514
1568911123527
1568911123540
1568911123553
1568911123566
1568911123580
1568911123594
1568911123608
1568911123622
1568911123636
1568911123651
1568911123664
1568911123678
1568911123692
1568911123707
1568911123720
1568911123733
1568911123745
1568911123759
1568911123772
1568911123784
1568911123797
1568911123810
1568911123822
1568911123835
1568911123847
1568911123859
1568911123871
1568911123883
1568911123894
1568911123906
1568911123918
1568911123931
1568911123943
1568911123957
1568911123969
1568911123981
1568911123993
1568911124006
