1568911135021
1568911135035
1568911135049
1568911135064
1568911135077
1568911135090
1568911135103
1568911135117
1568911135130
1568911135143
1568911135155
1568911135167
1568911135179
1568911135191
1568911135204
1568911135219
1568911135232
1568911135246
1568911135259
1568911135271
1568911135283
1568911135296
1568911135310
1568911135324
1568911135338
1568911135351
1568911135365
1568911135378
1568911135391
1568911135404
1568911135416
1568911135429
1568911135440
1568911135453
1568911135466
1568911135479
1568911135491
1568911135505
1568911135517
1568911135530
1568911135543
1568911135556
1568911135569
1568911135581
1568911135594
1568911135607
1568911135622
1568911135636
1568911135650
1568911135663
1568911135676
1568911135689
1568911135702
1568911135715
1568911135728
1568911135741
1568911135754
1568911135767
1568911135779
1568911135792
1568911135805
1568911135819
1568911135833
1568911135845
1568911135858
1568911135870
1568911135881
1568911135894
1568911135906
1568911135918
1568911135930
1568911135943
1568911135955
1568911135967
1568911135979
1568911135992
1568911136005
1568911136018
1568911136031
1568911136045
1568911136057
1568911136070
1568911136085
1568911136098
1568911136111
1568911136125
1568911136138
1568911136152
1568911136166
1568911136181
1568911136196
1568911136210
1568911136223
1568911136237
1568911136251
1568911136265
1568911136281
1568911136298
1568911136313
1568911136328
1568911136343
1568911136358
1568911136373
1568911136390
1568911136405
1568911136419
1568911136435
1568911136451
1568911136466
1568911136482
1568911136497
1568911136512
1568911136527
1568911136541
1568911136556
1568911136572
1568911136587
1568911136601
1568911136616
1568911136633
1568911136648
1568911136664
1568911136680
1568911136695
1568911136709
1568911136722
1568911136735
1568911136750
1568911136764
1568911136778
1568911136792
1568911136806
1568911136820
1568911136834
1568911136846
1568911136859
1568911136872
1568911136886
1568911136900
1568911136913
1568911136926
1568911136941
1568911136955
1568911136969
1568911136983
1568911136997
1568911137011
1568911137026
1568911137043
1568911137057
