1568911156012
1568911156025
1568911156040
1568911156054
1568911156068
1568911156083
1568911156095
1568911156108
1568911156121
1568911156134
1568911156146
1568911156159
1568911156175
1568911156190
1568911156204
1568911156216
1568911156230
1568911156243
1568911156255
1568911156267
1568911156280
1568911156294
1568911156307
1568911156319
1568911156344
1568911156396
1568911156439
1568911156463
1568911156484
1568911156499
1568911156516
1568911156534
1568911156546
1568911156557
1568911156568
1568911156582
1568911156595
1568911156609
1568911156621
1568911156634
1568911156647
1568911156660
1568911156672
1568911156684
1568911156698
1568911156712
1568911156724
1568911156735
1568911156748
1568911156761
1568911156773
1568911156786
1568911156799
1568911156812
1568911156824
1568911156836
1568911156847
1568911156860
1568911156872
1568911156885
1568911156898
1568911156911
1568911156924
1568911156937
1568911156950
1568911156966
1568911156978
1568911156991
1568911157003
1568911157016
1568911157030
1568911157045
1568911157058
1568911157072
1568911157088
1568911157102
1568911157116
1568911157129
1568911157143
1568911157157
1568911157171
1568911157185
1568911157200
1568911157214
1568911157227
1568911157242
1568911157257
1568911157272
1568911157287
1568911157301
1568911157315
1568911157329
1568911157341
1568911157356
1568911157371
1568911157385
1568911157400
1568911157415
1568911157430
1568911157445
1568911157461
1568911157476
1568911157490
1568911157504
1568911157517
1568911157531
1568911157545
1568911157559
1568911157573
1568911157587
1568911157601
1568911157614
1568911157627
1568911157639
1568911157652
1568911157665
1568911157678
1568911157691
1568911157705
1568911157719
1568911157732
1568911157747
1568911157761
1568911157775
1568911157787
1568911157801
1568911157813
1568911157826
1568911157840
1568911157854
1568911157868
1568911157882
1568911157894
1568911157908
1568911157920
1568911157932
1568911157946
1568911157961
1568911157976
1568911157989
1568911158001
1568911158014
1568911158027
1568911158038
1568911158051
1568911158063
1568911158075
1568911158090
1568911158103
1568911158117
