1568911138361
1568911138379
1568911138396
1568911138409
1568911138421
1568911138434
1568911138446
1568911138460
1568911138474
1568911138488
1568911138501
1568911138514
1568911138529
1568911138543
1568911138557
1568911138571
1568911138584
1568911138597
1568911138610
1568911138622
1568911138634
1568911138646
1568911138658
1568911138670
1568911138684
1568911138699
1568911138713
1568911138726
1568911138741
1568911138754
1568911138767
1568911138779
1568911138791
1568911138802
1568911138814
1568911138827
1568911138841
1568911138854
1568911138866
1568911138879
1568911138891
1568911138904
1568911138915
1568911138927
1568911138939
1568911138951
1568911138963
1568911138976
1568911138988
1568911139002
1568911139014
1568911139026
1568911139038
1568911139051
1568911139064
1568911139076
1568911139089
1568911139102
1568911139114
1568911139124
1568911139138
1568911139151
1568911139164
1568911139177
1568911139191
1568911139204
1568911139217
1568911139229
1568911139241
1568911139254
1568911139266
1568911139279
1568911139292
1568911139306
1568911139319
1568911139333
1568911139347
1568911139361
1568911139374
1568911139387
1568911139400
1568911139414
1568911139428
1568911139443
1568911139457
1568911139470
1568911139484
1568911139497
1568911139511
1568911139524
1568911139539
1568911139553
1568911139566
1568911139580
1568911139595
1568911139610
1568911139624
1568911139638
1568911139652
1568911139665
1568911139678
1568911139693
1568911139707
1568911139721
1568911139734
1568911139749
1568911139762
1568911139775
1568911139788
1568911139802
1568911139815
1568911139828
1568911139841
1568911139853
1568911139867
1568911139880
1568911139893
1568911139907
1568911139920
1568911139933
1568911139946
1568911139959
1568911139973
1568911139986
1568911139999
1568911140012
1568911140025
1568911140038
1568911140050
1568911140063
1568911140075
1568911140088
1568911140102
1568911140116
1568911140130
1568911140143
1568911140156
1568911140169
1568911140183
1568911140196
1568911140209
1568911140221
1568911140232
1568911140243
1568911140255
1568911140269
1568911140282
1568911140296
1568911140308
1568911140320
