1568648764151
1568648764164
1568648764178
1568648764190
1568648764203
1568648764215
1568648764226
1568648764239
1568648764252
1568648764265
1568648764277
1568648764289
1568648764301
1568648764314
1568648764326
1568648764338
1568648764350
1568648764363
1568648764375
1568648764387
1568648764398
1568648764410
1568648764427
1568648764440
1568648764453
1568648764466
1568648764479
1568648764491
1568648764503
1568648764516
1568648764528
1568648764541
1568648764553
1568648764567
1568648764579
1568648764592
1568648764606
1568648764620
1568648764633
1568648764646
1568648764659
1568648764672
1568648764684
1568648764697
1568648764710
1568648764721
1568648764733
1568648764746
1568648764759
1568648764772
1568648764786
1568648764800
1568648764812
1568648764825
1568648764838
1568648764851
1568648764864
1568648764877
1568648764890
1568648764903
1568648764916
1568648764930
1568648764944
1568648764957
1568648764970
1568648764982
1568648764994
1568648765007
1568648765021
1568648765034
1568648765047
1568648765060
1568648765074
1568648765087
1568648765100
1568648765113
1568648765126
1568648765139
1568648765151
1568648765164
1568648765177
1568648765189
1568648765201
1568648765215
1568648765227
1568648765240
1568648765252
1568648765266
1568648765279
1568648765292
1568648765305
1568648765319
1568648765331
1568648765345
1568648765357
1568648765370
1568648765383
1568648765397
1568648765410
1568648765424
1568648765436
1568648765450
1568648765463
1568648765477
1568648765489
1568648765503
1568648765515
1568648765528
1568648765541
1568648765554
1568648765568
1568648765582
1568648765594
1568648765607
1568648765621
1568648765634
1568648765647
1568648765660
1568648765673
1568648765687
1568648765701
1568648765716
1568648765731
1568648765744
1568648765757
1568648765769
1568648765783
1568648765796
1568648765808
1568648765821
1568648765836
1568648765849
1568648765863
1568648765876
1568648765889
1568648765903
1568648765916
1568648765928
1568648765940
1568648765951
1568648765963
1568648765975
1568648765987
1568648766001
1568648766016
1568648766031
1568648766045
1568648766059
1568648766073
1568648766088
