1568648756115
1568648756127
1568648756140
1568648756152
1568648756163
1568648756175
1568648756187
1568648756199
1568648756210
1568648756220
1568648756232
1568648756244
1568648756257
1568648756270
1568648756282
1568648756295
1568648756307
1568648756320
1568648756332
1568648756344
1568648756356
1568648756368
1568648756382
1568648756394
1568648756405
1568648756417
1568648756429
1568648756442
1568648756454
1568648756465
1568648756476
1568648756488
1568648756500
1568648756511
1568648756522
1568648756534
1568648756547
1568648756559
1568648756571
1568648756582
1568648756594
1568648756606
1568648756618
1568648756630
1568648756641
1568648756654
1568648756667
1568648756679
1568648756691
1568648756705
1568648756718
1568648756731
1568648756743
1568648756754
1568648756766
1568648756779
1568648756791
1568648756803
1568648756816
1568648756829
1568648756841
1568648756853
1568648756865
1568648756877
1568648756890
1568648756902
1568648756914
1568648756925
1568648756937
1568648756949
1568648756961
1568648756974
1568648756987
1568648757000
1568648757011
1568648757023
1568648757036
1568648757049
1568648757062
1568648757074
1568648757087
1568648757101
1568648757114
1568648757127
1568648757140
1568648757154
1568648757167
1568648757180
1568648757193
1568648757206
1568648757218
1568648757231
1568648757244
1568648757257
1568648757270
1568648757283
1568648757297
1568648757311
1568648757325
1568648757338
1568648757351
1568648757364
1568648757377
1568648757390
1568648757403
1568648757416
1568648757429
1568648757442
1568648757455
1568648757469
1568648757482
1568648757496
1568648757509
1568648757522
1568648757535
1568648757548
1568648757561
1568648757574
1568648757587
1568648757601
1568648757614
1568648757628
1568648757641
1568648757654
1568648757667
1568648757680
1568648757693
1568648757706
1568648757718
1568648757730
1568648757742
1568648757753
1568648757768
1568648757781
1568648757794
1568648757808
1568648757821
1568648757833
1568648757848
1568648757861
1568648757873
1568648757886
1568648757898
1568648757910
1568648757922
1568648757936
1568648757949
1568648757963
1568648757975
1568648757987
