1568648759328
1568648759339
1568648759352
1568648759363
1568648759375
1568648759386
1568648759399
1568648759411
1568648759423
1568648759435
1568648759447
1568648759460
1568648759473
1568648759486
1568648759499
1568648759512
1568648759524
1568648759536
1568648759548
1568648759560
1568648759572
1568648759586
1568648759599
1568648759612
1568648759625
1568648759638
1568648759650
1568648759664
1568648759675
1568648759687
1568648759700
1568648759713
1568648759725
1568648759738
1568648759750
1568648759763
1568648759775
1568648759789
1568648759800
1568648759812
1568648759825
1568648759838
1568648759852
1568648759864
1568648759877
1568648759890
1568648759902
1568648759915
1568648759928
1568648759941
1568648759953
1568648759967
1568648759979
1568648759990
1568648760003
1568648760016
1568648760028
1568648760041
1568648760053
1568648760066
1568648760078
1568648760092
1568648760105
1568648760118
1568648760129
1568648760141
1568648760154
1568648760166
1568648760179
1568648760192
1568648760204
1568648760216
1568648760228
1568648760242
1568648760253
1568648760265
1568648760277
1568648760290
1568648760302
1568648760315
1568648760328
1568648760341
1568648760353
1568648760366
1568648760378
1568648760392
1568648760404
1568648760418
1568648760431
1568648760443
1568648760455
1568648760468
1568648760481
1568648760494
1568648760507
1568648760520
1568648760533
1568648760546
1568648760559
1568648760571
1568648760584
1568648760596
1568648760608
1568648760620
1568648760633
1568648760646
1568648760659
1568648760672
1568648760685
1568648760699
1568648760712
1568648760725
1568648760738
1568648760751
1568648760764
1568648760777
1568648760790
1568648760803
1568648760816
1568648760828
1568648760842
1568648760855
1568648760869
1568648760882
1568648760895
1568648760909
1568648760920
1568648760932
1568648760945
1568648760956
1568648760969
1568648760981
1568648760994
1568648761007
1568648761019
1568648761032
1568648761044
1568648761056
1568648761069
1568648761082
1568648761093
1568648761107
1568648761120
1568648761132
1568648761145
1568648761159
1568648761172
1568648761185
1568648761197
1568648761209
