1568648785556
1568648785570
1568648785586
1568648785599
1568648785613
1568648785626
1568648785639
1568648785653
1568648785666
1568648785679
1568648785692
1568648785705
1568648785720
1568648785733
1568648785745
1568648785757
1568648785770
1568648785783
1568648785796
1568648785808
1568648785821
1568648785833
1568648785846
1568648785859
1568648785872
1568648785886
1568648785899
1568648785915
1568648785928
1568648785940
1568648785952
1568648785963
1568648785975
1568648785987
1568648785999
1568648786011
1568648786026
1568648786039
1568648786053
1568648786066
1568648786079
1568648786092
1568648786105
1568648786117
1568648786128
1568648786140
1568648786152
1568648786165
1568648786177
1568648786191
1568648786204
1568648786217
1568648786228
1568648786240
1568648786252
1568648786264
1568648786277
1568648786289
1568648786302
1568648786312
1568648786324
1568648786337
1568648786349
1568648786361
1568648786374
1568648786385
1568648786397
1568648786409
1568648786422
1568648786435
1568648786446
1568648786461
1568648786475
1568648786489
1568648786502
1568648786514
1568648786526
1568648786540
1568648786553
1568648786566
1568648786579
1568648786592
1568648786604
1568648786618
1568648786631
1568648786645
1568648786658
1568648786671
1568648786685
1568648786698
1568648786711
1568648786725
1568648786738
1568648786752
1568648786766
1568648786779
1568648786793
1568648786807
1568648786819
1568648786832
1568648786845
1568648786858
1568648786871
1568648786886
1568648786899
1568648786912
1568648786925
1568648786940
1568648786956
1568648786971
1568648786985
1568648786998
1568648787011
1568648787023
1568648787037
1568648787050
1568648787061
1568648787074
1568648787087
1568648787101
1568648787115
1568648787130
1568648787145
1568648787158
1568648787172
1568648787185
1568648787198
1568648787211
1568648787223
1568648787235
1568648787247
1568648787259
1568648787272
1568648787285
1568648787299
1568648787313
1568648787327
1568648787341
1568648787355
1568648787369
1568648787383
1568648787396
1568648787409
1568648787422
1568648787436
1568648787449
1568648787462
1568648787475
1568648787489
1568648787503
