1568650471499
1568650471512
1568650471528
1568650471542
1568650471555
1568650471569
1568650471583
1568650471596
1568650471609
1568650471624
1568650471637
1568650471651
1568650471665
1568650471681
1568650471696
1568650471709
1568650471721
1568650471734
1568650471747
1568650471759
1568650471773
1568650471787
1568650471800
1568650471813
1568650471826
1568650471840
1568650471853
1568650471866
1568650471880
1568650471894
1568650471908
1568650471921
1568650471935
1568650471951
1568650471965
1568650471978
1568650471990
1568650472004
1568650472017
1568650472033
1568650472047
1568650472060
1568650472073
1568650472085
1568650472096
1568650472109
1568650472121
1568650472134
1568650472147
1568650472160
1568650472173
1568650472186
1568650472198
1568650472211
1568650472224
1568650472237
1568650472249
1568650472262
1568650472274
1568650472286
1568650472299
1568650472312
1568650472325
1568650472337
1568650472350
1568650472363
1568650472376
1568650472388
1568650472400
1568650472412
1568650472424
1568650472437
1568650472450
1568650472464
1568650472477
1568650472491
1568650472504
1568650472518
1568650472532
1568650472545
1568650472559
1568650472573
1568650472586
1568650472600
1568650472613
1568650472628
1568650472642
1568650472656
1568650472668
1568650472681
1568650472694
1568650472708
1568650472722
1568650472736
1568650472749
1568650472763
1568650472777
1568650472791
1568650472805
1568650472819
1568650472833
1568650472847
1568650472860
1568650472873
1568650472886
1568650472901
1568650472914
1568650472928
1568650472942
1568650472956
1568650472970
1568650472984
1568650472997
1568650473010
1568650473023
1568650473037
1568650473050
1568650473065
1568650473078
1568650473091
1568650473103
1568650473116
1568650473130
1568650473144
1568650473157
1568650473170
1568650473183
1568650473197
1568650473211
1568650473223
1568650473236
1568650473249
1568650473263
1568650473276
1568650473290
1568650473302
1568650473315
1568650473328
1568650473342
1568650473356
1568650473369
1568650473382
1568650473396
1568650473409
1568650473422
1568650473436
1568650473448
1568650473461
1568650473472
1568650473485
