1568650439427
1568650439441
1568650439454
1568650439467
1568650439479
1568650439491
1568650439503
1568650439516
1568650439528
1568650439541
1568650439554
1568650439568
1568650439580
1568650439594
1568650439607
1568650439620
1568650439633
1568650439646
1568650439659
1568650439671
1568650439684
1568650439696
1568650439708
1568650439721
1568650439733
1568650439746
1568650439759
1568650439772
1568650439785
1568650439797
1568650439810
1568650439823
1568650439836
1568650439850
1568650439863
1568650439875
1568650439889
1568650439902
1568650439915
1568650439926
1568650439939
1568650439952
1568650439967
1568650439981
1568650439993
1568650440008
1568650440022
1568650440035
1568650440048
1568650440063
1568650440076
1568650440089
1568650440102
1568650440116
1568650440129
1568650440142
1568650440155
1568650440169
1568650440182
1568650440195
1568650440209
1568650440223
1568650440235
1568650440249
1568650440262
1568650440275
1568650440287
1568650440300
1568650440313
1568650440325
1568650440338
1568650440350
1568650440363
1568650440377
1568650440390
1568650440405
1568650440419
1568650440432
1568650440444
1568650440458
1568650440472
1568650440484
1568650440496
1568650440511
1568650440525
1568650440538
1568650440552
1568650440567
1568650440581
1568650440594
1568650440608
1568650440622
1568650440635
1568650440649
1568650440662
1568650440676
1568650440689
1568650440703
1568650440717
1568650440730
1568650440744
1568650440758
1568650440772
1568650440786
1568650440800
1568650440814
1568650440828
1568650440841
1568650440854
1568650440870
1568650440883
1568650440897
1568650440911
1568650440925
1568650440939
1568650440952
1568650440965
1568650440978
1568650440990
1568650441002
1568650441015
1568650441028
1568650441041
1568650441053
1568650441067
1568650441078
1568650441090
1568650441102
1568650441115
1568650441127
1568650441139
1568650441153
1568650441166
1568650441179
1568650441192
1568650441205
1568650441217
1568650441229
1568650441241
1568650441254
1568650441266
1568650441278
1568650441290
1568650441302
1568650441315
1568650441329
1568650441341
1568650441354
1568650441370
1568650441382
