1568650453174
1568650453187
1568650453203
1568650453216
1568650453230
1568650453243
1568650453255
1568650453267
1568650453279
1568650453292
1568650453304
1568650453316
1568650453328
1568650453341
1568650453354
1568650453367
1568650453379
1568650453393
1568650453407
1568650453420
1568650453432
1568650453445
1568650453457
1568650453469
1568650453481
1568650453494
1568650453507
1568650453519
1568650453531
1568650453544
1568650453556
1568650453568
1568650453581
1568650453594
1568650453606
1568650453620
1568650453633
1568650453647
1568650453660
1568650453674
1568650453686
1568650453699
1568650453711
1568650453724
1568650453736
1568650453748
1568650453760
1568650453773
1568650453786
1568650453800
1568650453812
1568650453825
1568650453838
1568650453851
1568650453864
1568650453877
1568650453890
1568650453903
1568650453916
1568650453929
1568650453942
1568650453956
1568650453969
1568650453982
1568650453995
1568650454008
1568650454021
1568650454034
1568650454046
1568650454059
1568650454071
1568650454083
1568650454095
1568650454109
1568650454123
1568650454136
1568650454148
1568650454163
1568650454176
1568650454189
1568650454201
1568650454216
1568650454228
1568650454241
1568650454255
1568650454269
1568650454282
1568650454296
1568650454309
1568650454322
1568650454336
1568650454350
1568650454364
1568650454378
1568650454391
1568650454405
1568650454418
1568650454432
1568650454445
1568650454459
1568650454473
1568650454485
1568650454498
1568650454512
1568650454525
1568650454539
1568650454552
1568650454565
1568650454579
1568650454594
1568650454608
1568650454622
1568650454635
1568650454648
1568650454661
1568650454675
1568650454687
1568650454699
1568650454711
1568650454724
1568650454736
1568650454750
1568650454763
1568650454777
1568650454791
1568650454804
1568650454816
1568650454829
1568650454840
1568650454853
1568650454865
1568650454877
1568650454891
1568650454904
1568650454917
1568650454930
1568650454942
1568650454954
1568650454966
1568650454979
1568650454993
1568650455006
1568650455019
1568650455032
1568650455045
1568650455059
1568650455072
1568650455084
1568650455097
1568650455109
