1568650444032
1568650444045
1568650444058
1568650444070
1568650444083
1568650444096
1568650444109
1568650444121
1568650444134
1568650444147
1568650444159
1568650444173
1568650444186
1568650444201
1568650444216
1568650444229
1568650444241
1568650444254
1568650444266
1568650444278
1568650444290
1568650444303
1568650444314
1568650444326
1568650444337
1568650444350
1568650444362
1568650444374
1568650444387
1568650444399
1568650444412
1568650444425
1568650444438
1568650444451
1568650444467
1568650444478
1568650444491
1568650444504
1568650444517
1568650444531
1568650444543
1568650444556
1568650444569
1568650444583
1568650444596
1568650444609
1568650444622
1568650444635
1568650444648
1568650444662
1568650444675
1568650444688
1568650444701
1568650444714
1568650444727
1568650444740
1568650444754
1568650444767
1568650444779
1568650444793
1568650444805
1568650444819
1568650444833
1568650444846
1568650444859
1568650444873
1568650444886
1568650444899
1568650444912
1568650444925
1568650444938
1568650444954
1568650444967
1568650444981
1568650444994
1568650445006
1568650445020
1568650445034
1568650445046
1568650445060
1568650445073
1568650445085
1568650445098
1568650445112
1568650445126
1568650445140
1568650445152
1568650445166
1568650445179
1568650445193
1568650445207
1568650445221
1568650445234
1568650445247
1568650445260
1568650445274
1568650445288
1568650445302
1568650445314
1568650445327
1568650445339
1568650445353
1568650445366
1568650445379
1568650445392
1568650445405
1568650445418
1568650445432
1568650445445
1568650445460
1568650445473
1568650445488
1568650445501
1568650445515
1568650445529
1568650445543
1568650445557
1568650445570
1568650445583
1568650445596
1568650445608
1568650445620
1568650445632
1568650445644
1568650445657
1568650445670
1568650445682
1568650445696
1568650445707
1568650445720
1568650445733
1568650445746
1568650445758
1568650445773
1568650445786
1568650445800
1568650445813
1568650445827
1568650445839
1568650445854
1568650445867
1568650445882
1568650445895
1568650445907
1568650445920
1568650445934
1568650445947
1568650445959
1568650445972
1568650445985
