1568650460734
1568650460747
1568650460764
1568650460777
1568650460790
1568650460803
1568650460815
1568650460827
1568650460838
1568650460850
1568650460862
1568650460875
1568650460887
1568650460901
1568650460915
1568650460929
1568650460941
1568650460955
1568650460967
1568650460980
1568650460991
1568650461003
1568650461015
1568650461027
1568650461039
1568650461052
1568650461065
1568650461079
1568650461092
1568650461106
1568650461120
1568650461134
1568650461147
1568650461160
1568650461172
1568650461183
1568650461195
1568650461208
1568650461221
1568650461233
1568650461246
1568650461259
1568650461271
1568650461283
1568650461294
1568650461306
1568650461319
1568650461331
1568650461344
1568650461358
1568650461370
1568650461383
1568650461396
1568650461409
1568650461420
1568650461432
1568650461445
1568650461457
1568650461470
1568650461484
1568650461496
1568650461510
1568650461522
1568650461535
1568650461548
1568650461560
1568650461573
1568650461585
1568650461597
1568650461609
1568650461622
1568650461634
1568650461648
1568650461661
1568650461674
1568650461687
1568650461700
1568650461713
1568650461726
1568650461739
1568650461753
1568650461768
1568650461781
1568650461795
1568650461808
1568650461823
1568650461836
1568650461850
1568650461862
1568650461876
1568650461889
1568650461903
1568650461917
1568650461933
1568650461947
1568650461960
1568650461974
1568650461988
1568650462003
1568650462017
1568650462030
1568650462043
1568650462058
1568650462072
1568650462086
1568650462099
1568650462113
1568650462128
1568650462142
1568650462157
1568650462170
1568650462184
1568650462197
1568650462210
1568650462225
1568650462239
1568650462252
1568650462264
1568650462277
1568650462292
1568650462305
1568650462319
1568650462331
1568650462345
1568650462357
1568650462370
1568650462383
1568650462397
1568650462410
1568650462424
1568650462438
1568650462453
1568650462467
1568650462481
1568650462494
1568650462507
1568650462521
1568650462534
1568650462547
1568650462561
1568650462574
1568650462587
1568650462599
1568650462611
1568650462623
1568650462635
1568650462648
1568650462661
1568650462674
1568650462686
