1568648295753
1568648295766
1568648295779
1568648295792
1568648295804
1568648295816
1568648295826
1568648295838
1568648295850
1568648295862
1568648295873
1568648295885
1568648295897
1568648295910
1568648295922
1568648295934
1568648295944
1568648295956
1568648295968
1568648295979
1568648295990
1568648296002
1568648296014
1568648296026
1568648296038
1568648296050
1568648296062
1568648296075
1568648296087
1568648296098
1568648296109
1568648296121
1568648296133
1568648296145
1568648296157
1568648296168
1568648296180
1568648296193
1568648296205
1568648296217
1568648296230
1568648296241
1568648296253
1568648296265
1568648296278
1568648296290
1568648296300
1568648296312
1568648296324
1568648296337
1568648296349
1568648296361
1568648296372
1568648296384
1568648296397
1568648296409
1568648296420
1568648296431
1568648296443
1568648296454
1568648296466
1568648296478
1568648296490
1568648296502
1568648296514
1568648296527
1568648296537
1568648296549
1568648296561
1568648296573
1568648296585
1568648296596
1568648296608
1568648296621
1568648296633
1568648296645
1568648296656
1568648296668
1568648296679
1568648296691
1568648296703
1568648296714
1568648296726
1568648296738
1568648296751
1568648296764
1568648296777
1568648296789
1568648296802
1568648296814
1568648296828
1568648296841
1568648296853
1568648296866
1568648296878
1568648296891
1568648296905
1568648296918
1568648296931
1568648296944
1568648296957
1568648296970
1568648296982
1568648296995
1568648297008
1568648297021
1568648297034
1568648297047
1568648297060
1568648297074
1568648297089
1568648297103
1568648297117
1568648297131
1568648297145
1568648297159
1568648297173
1568648297188
1568648297202
1568648297216
1568648297230
1568648297245
1568648297258
1568648297272
1568648297285
1568648297297
1568648297308
1568648297320
1568648297332
1568648297344
1568648297356
1568648297368
1568648297381
1568648297395
1568648297407
1568648297419
1568648297431
1568648297443
1568648297454
1568648297466
1568648297478
1568648297490
1568648297502
1568648297514
1568648297526
1568648297538
1568648297549
1568648297561
1568648297574
1568648297586
