1568648345913
1568648345927
1568648345942
1568648345956
1568648345970
1568648345983
1568648345998
1568648346011
1568648346025
1568648346039
1568648346053
1568648346066
1568648346080
1568648346093
1568648346106
1568648346120
1568648346133
1568648346146
1568648346158
1568648346171
1568648346184
1568648346197
1568648346209
1568648346222
1568648346237
1568648346251
1568648346263
1568648346276
1568648346289
1568648346302
1568648346312
1568648346324
1568648346336
1568648346348
1568648346358
1568648346370
1568648346383
1568648346396
1568648346409
1568648346422
1568648346434
1568648346446
1568648346458
1568648346470
1568648346482
1568648346494
1568648346505
1568648346516
1568648346528
1568648346541
1568648346553
1568648346568
1568648346580
1568648346593
1568648346605
1568648346618
1568648346628
1568648346640
1568648346653
1568648346666
1568648346679
1568648346692
1568648346704
1568648346718
1568648346730
1568648346743
1568648346755
1568648346766
1568648346778
1568648346790
1568648346802
1568648346814
1568648346826
1568648346838
1568648346850
1568648346863
1568648346875
1568648346887
1568648346900
1568648346912
1568648346925
1568648346938
1568648346950
1568648346963
1568648346976
1568648346989
1568648347002
1568648347015
1568648347028
1568648347041
1568648347054
1568648347067
1568648347080
1568648347094
1568648347107
1568648347119
1568648347134
1568648347149
1568648347162
1568648347175
1568648347187
1568648347201
1568648347215
1568648347227
1568648347240
1568648347254
1568648347267
1568648347281
1568648347295
1568648347311
1568648347325
1568648347338
1568648347351
1568648347365
1568648347378
1568648347391
1568648347404
1568648347417
1568648347429
1568648347444
1568648347457
1568648347471
1568648347483
1568648347497
1568648347511
1568648347526
1568648347540
1568648347553
1568648347565
1568648347578
1568648347591
1568648347605
1568648347619
1568648347634
1568648347647
1568648347661
1568648347675
1568648347689
1568648347702
1568648347716
1568648347728
1568648347740
1568648347752
1568648347764
1568648347779
1568648347794
1568648347806
1568648347820
1568648347834
1568648347848
