1568648320169
1568648320182
1568648320197
1568648320210
1568648320223
1568648320237
1568648320248
1568648320260
1568648320272
1568648320286
1568648320298
1568648320311
1568648320324
1568648320338
1568648320351
1568648320363
1568648320377
1568648320393
1568648320406
1568648320418
1568648320431
1568648320442
1568648320455
1568648320468
1568648320481
1568648320494
1568648320506
1568648320518
1568648320530
1568648320542
1568648320554
1568648320566
1568648320578
1568648320591
1568648320602
1568648320614
1568648320627
1568648320640
1568648320653
1568648320665
1568648320677
1568648320689
1568648320700
1568648320713
1568648320725
1568648320737
1568648320750
1568648320763
1568648320775
1568648320789
1568648320802
1568648320816
1568648320827
1568648320838
1568648320851
1568648320863
1568648320875
1568648320887
1568648320898
1568648320912
1568648320925
1568648320937
1568648320949
1568648320962
1568648320974
1568648320986
1568648320999
1568648321012
1568648321025
1568648321037
1568648321049
1568648321063
1568648321075
1568648321089
1568648321106
1568648321120
1568648321135
1568648321150
1568648321164
1568648321177
1568648321191
1568648321205
1568648321218
1568648321232
1568648321245
1568648321259
1568648321273
1568648321288
1568648321302
1568648321316
1568648321330
1568648321346
1568648321361
1568648321375
1568648321388
1568648321403
1568648321417
1568648321433
1568648321446
1568648321459
1568648321473
1568648321488
1568648321501
1568648321514
1568648321527
1568648321540
1568648321553
1568648321565
1568648321578
1568648321591
1568648321603
1568648321616
1568648321630
1568648321643
1568648321655
1568648321668
1568648321681
1568648321694
1568648321707
1568648321719
1568648321731
1568648321743
1568648321754
1568648321767
1568648321779
1568648321791
1568648321802
1568648321815
1568648321828
1568648321841
1568648321853
1568648321867
1568648321881
1568648321894
1568648321906
1568648321919
1568648321931
1568648321942
1568648321954
1568648321967
1568648321979
1568648321992
1568648322005
1568648322017
1568648322030
1568648322044
1568648322056
1568648322068
1568648322080
1568648322093
