1568648314014
1568648314026
1568648314040
1568648314052
1568648314064
1568648314077
1568648314089
1568648314101
1568648314112
1568648314123
1568648314135
1568648314147
1568648314160
1568648314173
1568648314186
1568648314198
1568648314210
1568648314222
1568648314233
1568648314245
1568648314256
1568648314268
1568648314279
1568648314290
1568648314302
1568648314315
1568648314328
1568648314339
1568648314351
1568648314362
1568648314373
1568648314386
1568648314397
1568648314409
1568648314422
1568648314434
1568648314447
1568648314460
1568648314474
1568648314486
1568648314498
1568648314510
1568648314522
1568648314535
1568648314547
1568648314560
1568648314573
1568648314585
1568648314598
1568648314612
1568648314624
1568648314637
1568648314648
1568648314660
1568648314673
1568648314685
1568648314697
1568648314709
1568648314720
1568648314733
1568648314746
1568648314759
1568648314772
1568648314786
1568648314799
1568648314812
1568648314824
1568648314837
1568648314850
1568648314863
1568648314875
1568648314888
1568648314901
1568648314915
1568648314929
1568648314942
1568648314954
1568648314967
1568648314980
1568648314993
1568648315006
1568648315018
1568648315031
1568648315043
1568648315056
1568648315070
1568648315083
1568648315095
1568648315108
1568648315120
1568648315133
1568648315146
1568648315160
1568648315174
1568648315186
1568648315199
1568648315213
1568648315226
1568648315239
1568648315252
1568648315266
1568648315279
1568648315292
1568648315305
1568648315318
1568648315332
1568648315345
1568648315358
1568648315371
1568648315385
1568648315398
1568648315411
1568648315424
1568648315437
1568648315450
1568648315463
1568648315475
1568648315488
1568648315501
1568648315514
1568648315527
1568648315540
1568648315551
1568648315563
1568648315574
1568648315586
1568648315599
1568648315613
1568648315625
1568648315639
1568648315652
1568648315665
1568648315678
1568648315690
1568648315703
1568648315717
1568648315730
1568648315743
1568648315755
1568648315767
1568648315778
1568648315791
1568648315802
1568648315814
1568648315827
1568648315842
1568648315855
1568648315869
1568648315882
1568648315895
