1568648324892
1568648324904
1568648324917
1568648324929
1568648324942
1568648324954
1568648324966
1568648324978
1568648324992
1568648325005
1568648325018
1568648325031
1568648325044
1568648325058
1568648325072
1568648325086
1568648325099
1568648325112
1568648325125
1568648325138
1568648325149
1568648325161
1568648325173
1568648325186
1568648325198
1568648325212
1568648325227
1568648325241
1568648325254
1568648325267
1568648325278
1568648325290
1568648325302
1568648325313
1568648325325
1568648325337
1568648325350
1568648325363
1568648325376
1568648325389
1568648325401
1568648325413
1568648325424
1568648325436
1568648325448
1568648325461
1568648325473
1568648325486
1568648325499
1568648325512
1568648325524
1568648325536
1568648325549
1568648325562
1568648325574
1568648325586
1568648325598
1568648325609
1568648325621
1568648325633
1568648325645
1568648325658
1568648325670
1568648325681
1568648325693
1568648325705
1568648325717
1568648325730
1568648325742
1568648325753
1568648325765
1568648325778
1568648325790
1568648325804
1568648325817
1568648325829
1568648325843
1568648325855
1568648325870
1568648325883
1568648325895
1568648325908
1568648325920
1568648325933
1568648325946
1568648325960
1568648325973
1568648325987
1568648326000
1568648326013
1568648326026
1568648326039
1568648326052
1568648326065
1568648326078
1568648326092
1568648326106
1568648326120
1568648326133
1568648326146
1568648326160
1568648326173
1568648326186
1568648326200
1568648326213
1568648326227
1568648326240
1568648326252
1568648326266
1568648326280
1568648326294
1568648326307
1568648326321
1568648326333
1568648326345
1568648326358
1568648326371
1568648326385
1568648326400
1568648326413
1568648326426
1568648326441
1568648326455
1568648326467
1568648326484
1568648326498
1568648326511
1568648326524
1568648326539
1568648326552
1568648326565
1568648326580
1568648326594
1568648326608
1568648326623
1568648326638
1568648326651
1568648326665
1568648326681
1568648326695
1568648326708
1568648326722
1568648326737
1568648326750
1568648326764
1568648326778
1568648326791
1568648326803
1568648326816
1568648326829
