1568648318620
1568648318632
1568648318647
1568648318660
1568648318672
1568648318685
1568648318697
1568648318709
1568648318720
1568648318731
1568648318742
1568648318754
1568648318766
1568648318779
1568648318793
1568648318805
1568648318817
1568648318829
1568648318841
1568648318853
1568648318865
1568648318877
1568648318890
1568648318903
1568648318917
1568648318931
1568648318944
1568648318957
1568648318970
1568648318984
1568648318996
1568648319009
1568648319022
1568648319035
1568648319047
1568648319060
1568648319074
1568648319087
1568648319100
1568648319113
1568648319125
1568648319138
1568648319149
1568648319161
1568648319173
1568648319185
1568648319198
1568648319210
1568648319224
1568648319237
1568648319251
1568648319264
1568648319277
1568648319290
1568648319303
1568648319316
1568648319329
1568648319342
1568648319355
1568648319368
1568648319381
1568648319395
1568648319409
1568648319423
1568648319436
1568648319449
1568648319462
1568648319475
1568648319488
1568648319501
1568648319514
1568648319527
1568648319540
1568648319553
1568648319566
1568648319580
1568648319592
1568648319605
1568648319618
1568648319631
1568648319644
1568648319657
1568648319671
1568648319684
1568648319697
1568648319711
1568648319723
1568648319737
1568648319750
1568648319763
1568648319777
1568648319790
1568648319803
1568648319816
1568648319829
1568648319842
1568648319856
1568648319870
1568648319884
1568648319897
1568648319910
1568648319923
1568648319935
1568648319948
1568648319961
1568648319974
1568648319986
1568648319999
1568648320013
1568648320027
1568648320040
1568648320054
1568648320067
1568648320081
1568648320094
1568648320107
1568648320120
1568648320133
1568648320147
1568648320160
1568648320172
1568648320186
1568648320199
1568648320212
1568648320225
1568648320238
1568648320250
1568648320262
1568648320275
1568648320289
1568648320301
1568648320315
1568648320329
1568648320342
1568648320355
1568648320368
1568648320383
1568648320398
1568648320411
1568648320424
1568648320436
1568648320448
1568648320461
1568648320474
1568648320487
1568648320500
1568648320512
1568648320524
1568648320536
1568648320547
