1568221692112
1568221692125
1568221692140
1568221692155
1568221692168
1568221692181
1568221692193
1568221692206
1568221692219
1568221692232
1568221692245
1568221692257
1568221692270
1568221692284
1568221692297
1568221692310
1568221692323
1568221692336
1568221692349
1568221692362
1568221692375
1568221692388
1568221692401
1568221692414
1568221692427
1568221692441
1568221692455
1568221692468
1568221692481
1568221692494
1568221692507
1568221692520
1568221692534
1568221692548
1568221692562
1568221692576
1568221692590
1568221692605
1568221692618
1568221692633
1568221692646
1568221692660
1568221692673
1568221692688
1568221692702
1568221692715
1568221692729
1568221692744
1568221692758
1568221692773
1568221692787
1568221692803
1568221692817
1568221692831
1568221692845
1568221692858
1568221692872
1568221692886
1568221692900
1568221692914
1568221692928
1568221692943
1568221692957
1568221692972
1568221692985
1568221693001
1568221693015
1568221693030
1568221693043
1568221693057
1568221693073
1568221693088
1568221693101
1568221693116
1568221693131
1568221693146
1568221693161
1568221693175
1568221693189
1568221693203
1568221693217
1568221693231
1568221693245
1568221693259
1568221693273
1568221693288
1568221693303
1568221693317
1568221693331
1568221693346
1568221693361
1568221693376
1568221693390
1568221693405
1568221693419
1568221693434
1568221693448
1568221693463
1568221693477
1568221693492
1568221693505
1568221693519
1568221693533
1568221693548
1568221693562
1568221693576
1568221693590
1568221693604
1568221693617
1568221693632
1568221693646
1568221693661
1568221693675
1568221693689
1568221693704
1568221693717
1568221693732
1568221693745
1568221693760
1568221693773
1568221693786
1568221693799
1568221693812
1568221693825
1568221693838
1568221693850
1568221693863
1568221693875
1568221693888
1568221693901
1568221693914
1568221693928
1568221693940
1568221693954
1568221693967
1568221693980
1568221693993
1568221694005
1568221694018
1568221694031
1568221694043
1568221694057
1568221694070
1568221694083
1568221694096
1568221694109
1568221694122
1568221694135
1568221694148
1568221694161
