1568221644990
1568221645004
1568221645018
1568221645030
1568221645043
1568221645056
1568221645068
1568221645080
1568221645092
1568221645104
1568221645117
1568221645129
1568221645141
1568221645154
1568221645168
1568221645181
1568221645193
1568221645206
1568221645218
1568221645231
1568221645244
1568221645256
1568221645268
1568221645281
1568221645294
1568221645308
1568221645320
1568221645333
1568221645345
1568221645358
1568221645370
1568221645382
1568221645394
1568221645407
1568221645420
1568221645432
1568221645444
1568221645458
1568221645471
1568221645484
1568221645497
1568221645510
1568221645522
1568221645536
1568221645549
1568221645562
1568221645574
1568221645587
1568221645600
1568221645614
1568221645627
1568221645640
1568221645654
1568221645668
1568221645681
1568221645694
1568221645708
1568221645721
1568221645734
1568221645748
1568221645761
1568221645775
1568221645788
1568221645802
1568221645815
1568221645827
1568221645840
1568221645853
1568221645866
1568221645878
1568221645891
1568221645904
1568221645918
1568221645932
1568221645946
1568221645961
1568221645975
1568221645989
1568221646003
1568221646017
1568221646032
1568221646046
1568221646060
1568221646074
1568221646087
1568221646102
1568221646117
1568221646133
1568221646147
1568221646163
1568221646178
1568221646194
1568221646210
1568221646226
1568221646246
1568221646261
1568221646276
1568221646294
1568221646310
1568221646325
1568221646340
1568221646356
1568221646372
1568221646389
1568221646404
1568221646421
1568221646438
1568221646454
1568221646469
1568221646490
1568221646505
1568221646518
1568221646532
1568221646545
1568221646558
1568221646570
1568221646583
1568221646596
1568221646608
1568221646621
1568221646634
1568221646647
1568221646660
1568221646672
1568221646684
1568221646697
1568221646710
1568221646722
1568221646735
1568221646748
1568221646762
1568221646774
1568221646787
1568221646802
1568221646816
1568221646829
1568221646842
1568221646855
1568221646867
1568221646880
1568221646893
1568221646907
1568221646920
1568221646933
1568221646946
1568221646959
1568221646972
1568221646985
1568221646997
1568221647010
