1568221669523
1568221669537
1568221669553
1568221669567
1568221669580
1568221669595
1568221669608
1568221669621
1568221669634
1568221669648
1568221669662
1568221669676
1568221669689
1568221669703
1568221669716
1568221669729
1568221669743
1568221669756
1568221669769
1568221669782
1568221669795
1568221669809
1568221669822
1568221669835
1568221669848
1568221669862
1568221669876
1568221669889
1568221669902
1568221669915
1568221669928
1568221669941
1568221669954
1568221669967
1568221669980
1568221669992
1568221670005
1568221670020
1568221670032
1568221670048
1568221670062
1568221670075
1568221670089
1568221670102
1568221670116
1568221670129
1568221670143
1568221670156
1568221670170
1568221670185
1568221670199
1568221670212
1568221670227
1568221670242
1568221670255
1568221670268
1568221670282
1568221670295
1568221670308
1568221670321
1568221670335
1568221670350
1568221670364
1568221670378
1568221670391
1568221670405
1568221670419
1568221670433
1568221670446
1568221670459
1568221670473
1568221670487
1568221670501
1568221670516
1568221670531
1568221670544
1568221670559
1568221670573
1568221670587
1568221670601
1568221670615
1568221670629
1568221670643
1568221670657
1568221670670
1568221670686
1568221670700
1568221670715
1568221670729
1568221670744
1568221670757
1568221670772
1568221670785
1568221670800
1568221670814
1568221670829
1568221670843
1568221670859
1568221670873
1568221670888
1568221670903
1568221670918
1568221670932
1568221670947
1568221670962
1568221670976
1568221670991
1568221671007
1568221671020
1568221671036
1568221671051
1568221671066
1568221671080
1568221671095
1568221671109
1568221671124
1568221671138
1568221671152
1568221671165
1568221671179
1568221671193
1568221671207
1568221671221
1568221671235
1568221671249
1568221671263
1568221671276
1568221671290
1568221671303
1568221671317
1568221671330
1568221671344
1568221671358
1568221671372
1568221671386
1568221671400
1568221671413
1568221671428
1568221671441
1568221671455
1568221671468
1568221671483
1568221671496
1568221671510
1568221671524
1568221671538
1568221671552
1568221671566
1568221671581
1568221671595
