1568996655018
1568996655030
1568996655044
1568996655056
1568996655069
1568996655081
1568996655093
1568996655106
1568996655118
1568996655130
1568996655142
1568996655154
1568996655167
1568996655181
1568996655194
1568996655207
1568996655218
1568996655230
1568996655242
1568996655256
1568996655270
1568996655282
1568996655293
1568996655305
1568996655317
1568996655330
1568996655343
1568996655355
1568996655366
1568996655377
1568996655390
1568996655403
1568996655415
1568996655428
1568996655440
1568996655450
1568996655462
1568996655475
1568996655488
1568996655500
1568996655510
1568996655522
1568996655535
1568996655548
1568996655560
1568996655572
1568996655582
1568996655594
1568996655606
1568996655620
1568996655632
1568996655645
1568996655658
1568996655670
1568996655683
1568996655694
1568996655706
1568996655718
1568996655731
1568996655742
1568996655755
1568996655767
1568996655779
1568996655792
1568996655804
1568996655816
1568996655829
1568996655841
1568996655852
1568996655864
1568996655876
1568996655888
1568996655901
1568996655914
1568996655924
1568996655936
1568996655948
1568996655961
1568996655973
1568996655985
1568996655997
1568996656010
1568996656023
1568996656035
1568996656048
1568996656063
1568996656074
1568996656087
1568996656099
1568996656113
1568996656126
1568996656138
1568996656151
1568996656163
1568996656176
1568996656189
1568996656201
1568996656213
1568996656226
1568996656239
1568996656252
1568996656265
1568996656278
1568996656292
1568996656304
1568996656316
1568996656329
1568996656342
1568996656355
1568996656369
1568996656381
1568996656395
1568996656409
1568996656422
1568996656436
1568996656451
1568996656465
1568996656477
1568996656491
1568996656503
1568996656518
1568996656531
1568996656544
1568996656557
1568996656570
1568996656582
1568996656594
1568996656607
1568996656620
1568996656631
1568996656643
1568996656656
1568996656669
1568996656682
1568996656695
1568996656708
1568996656721
1568996656733
1568996656745
1568996656757
1568996656770
1568996656782
1568996656794
1568996656806
1568996656818
1568996656832
1568996656844
1568996656857
1568996656869
1568996656881
