1568996658217
1568996658230
1568996658246
1568996658260
1568996658272
1568996658284
1568996658296
1568996658309
1568996658321
1568996658333
1568996658346
1568996658358
1568996658370
1568996658384
1568996658398
1568996658411
1568996658424
1568996658437
1568996658449
1568996658462
1568996658475
1568996658487
1568996658499
1568996658511
1568996658522
1568996658536
1568996658550
1568996658565
1568996658579
1568996658591
1568996658605
1568996658620
1568996658634
1568996658647
1568996658659
1568996658671
1568996658684
1568996658697
1568996658710
1568996658724
1568996658738
1568996658751
1568996658765
1568996658779
1568996658791
1568996658804
1568996658818
1568996658833
1568996658846
1568996658859
1568996658871
1568996658883
1568996658896
1568996658908
1568996658921
1568996658935
1568996658949
1568996658961
1568996658974
1568996658986
1568996658999
1568996659013
1568996659026
1568996659039
1568996659050
1568996659062
1568996659075
1568996659088
1568996659101
1568996659113
1568996659125
1568996659138
1568996659150
1568996659163
1568996659175
1568996659187
1568996659199
1568996659212
1568996659225
1568996659238
1568996659250
1568996659261
1568996659272
1568996659284
1568996659296
1568996659308
1568996659321
1568996659333
1568996659345
1568996659357
1568996659369
1568996659381
1568996659394
1568996659406
1568996659418
1568996659430
1568996659442
1568996659455
1568996659467
1568996659479
1568996659491
1568996659503
1568996659514
1568996659526
1568996659538
1568996659550
1568996659561
1568996659573
1568996659585
1568996659598
1568996659610
1568996659623
1568996659634
1568996659646
1568996659658
1568996659670
1568996659682
1568996659693
1568996659705
1568996659717
1568996659729
1568996659742
1568996659754
1568996659766
1568996659778
1568996659790
1568996659802
1568996659814
1568996659825
1568996659837
1568996659848
1568996659859
1568996659871
1568996659883
1568996659894
1568996659906
1568996659918
1568996659929
1568996659941
1568996659953
1568996659964
1568996659975
1568996659986
1568996659998
1568996660010
1568996660023
1568996660035
1568996660047
1568996660059
1568996660071
