1568996635243
1568996635256
1568996635271
1568996635283
1568996635295
1568996635308
1568996635321
1568996635334
1568996635347
1568996635361
1568996635375
1568996635387
1568996635399
1568996635412
1568996635425
1568996635438
1568996635450
1568996635461
1568996635473
1568996635485
1568996635496
1568996635508
1568996635522
1568996635535
1568996635549
1568996635561
1568996635574
1568996635586
1568996635599
1568996635610
1568996635622
1568996635635
1568996635647
1568996635660
1568996635672
1568996635685
1568996635698
1568996635711
1568996635724
1568996635736
1568996635748
1568996635760
1568996635772
1568996635785
1568996635797
1568996635809
1568996635820
1568996635832
1568996635844
1568996635857
1568996635870
1568996635882
1568996635894
1568996635906
1568996635917
1568996635930
1568996635942
1568996635954
1568996635967
1568996635978
1568996635990
1568996636003
1568996636015
1568996636028
1568996636040
1568996636053
1568996636065
1568996636077
1568996636088
1568996636101
1568996636114
1568996636128
1568996636141
1568996636154
1568996636166
1568996636180
1568996636193
1568996636207
1568996636219
1568996636232
1568996636244
1568996636257
1568996636269
1568996636282
1568996636294
1568996636307
1568996636319
1568996636330
1568996636343
1568996636355
1568996636368
1568996636380
1568996636394
1568996636406
1568996636417
1568996636429
1568996636442
1568996636455
1568996636468
1568996636481
1568996636494
1568996636506
1568996636519
1568996636531
1568996636543
1568996636555
1568996636568
1568996636581
1568996636593
1568996636607
1568996636619
1568996636631
1568996636644
1568996636656
1568996636668
1568996636679
1568996636693
1568996636706
1568996636718
1568996636731
1568996636744
1568996636758
1568996636770
1568996636783
1568996636795
1568996636808
1568996636820
1568996636832
1568996636844
1568996636856
1568996636868
1568996636881
1568996636894
1568996636907
1568996636919
1568996636931
1568996636943
1568996636956
1568996636970
1568996636983
1568996636995
1568996637008
1568996637020
1568996637033
1568996637047
1568996637061
1568996637075
1568996637088
1568996637101
1568996637113
