1568996653254
1568996653267
1568996653281
1568996653293
1568996653305
1568996653317
1568996653330
1568996653342
1568996653355
1568996653369
1568996653386
1568996653400
1568996653412
1568996653424
1568996653436
1568996653450
1568996653462
1568996653475
1568996653496
1568996653508
1568996653519
1568996653531
1568996653546
1568996653558
1568996653570
1568996653581
1568996653593
1568996653605
1568996653616
1568996653627
1568996653639
1568996653651
1568996653662
1568996653673
1568996653685
1568996653697
1568996653710
1568996653725
1568996653738
1568996653750
1568996653763
1568996653773
1568996653784
1568996653796
1568996653807
1568996653818
1568996653830
1568996653841
1568996653852
1568996653864
1568996653876
1568996653889
1568996653900
1568996653911
1568996653923
1568996653936
1568996653948
1568996653960
1568996653971
1568996653983
1568996653995
1568996654007
1568996654019
1568996654031
1568996654042
1568996654054
1568996654065
1568996654077
1568996654088
1568996654100
1568996654112
1568996654124
1568996654134
1568996654148
1568996654160
1568996654173
1568996654185
1568996654197
1568996654241
1568996654296
1568996654329
1568996654354
1568996654376
1568996654393
1568996654409
1568996654425
1568996654439
1568996654452
1568996654465
1568996654477
1568996654490
1568996654503
1568996654515
1568996654528
1568996654541
1568996654554
1568996654566
1568996654580
1568996654593
1568996654606
1568996654620
1568996654632
1568996654645
1568996654658
1568996654671
1568996654684
1568996654697
1568996654710
1568996654723
1568996654737
1568996654750
1568996654762
1568996654775
1568996654789
1568996654801
1568996654814
1568996654826
1568996654838
1568996654851
1568996654863
1568996654876
1568996654890
1568996654903
1568996654916
1568996654929
1568996654943
1568996654956
1568996654969
1568996654981
1568996654994
1568996655007
1568996655020
1568996655032
1568996655044
1568996655058
1568996655071
1568996655085
1568996655098
1568996655111
1568996655124
1568996655136
1568996655149
1568996655162
1568996655175
1568996655189
1568996655202
1568996655215
1568996655229
1568996655242
1568996655256
