1568998917644
1568998917660
1568998917677
1568998917691
1568998917704
1568998917716
1568998917728
1568998917741
1568998917754
1568998917770
1568998917784
1568998917797
1568998917810
1568998917823
1568998917836
1568998917850
1568998917862
1568998917875
1568998917887
1568998917900
1568998917912
1568998917923
1568998917937
1568998917951
1568998917965
1568998917978
1568998917991
1568998918003
1568998918056
1568998918109
1568998918150
1568998918175
1568998918193
1568998918209
1568998918222
1568998918238
1568998918252
1568998918265
1568998918278
1568998918291
1568998918303
1568998918316
1568998918328
1568998918340
1568998918354
1568998918367
1568998918381
1568998918393
1568998918405
1568998918417
1568998918429
1568998918441
1568998918453
1568998918466
1568998918479
1568998918492
1568998918504
1568998918515
1568998918527
1568998918539
1568998918552
1568998918565
1568998918577
1568998918589
1568998918601
1568998918617
1568998918632
1568998918646
1568998918658
1568998918671
1568998918683
1568998918695
1568998918709
1568998918722
1568998918735
1568998918749
1568998918762
1568998918778
1568998918792
1568998918806
1568998918820
1568998918833
1568998918846
1568998918859
1568998918872
1568998918885
1568998918899
1568998918913
1568998918925
1568998918939
1568998918953
1568998918967
1568998918980
1568998918996
1568998919010
1568998919025
1568998919040
1568998919054
1568998919068
1568998919081
1568998919094
1568998919110
1568998919124
1568998919138
1568998919151
1568998919164
1568998919177
1568998919190
1568998919204
1568998919219
1568998919234
1568998919247
1568998919262
1568998919276
1568998919290
1568998919303
1568998919317
1568998919330
1568998919343
1568998919355
1568998919367
1568998919380
1568998919393
1568998919407
1568998919421
1568998919436
1568998919449
1568998919461
1568998919475
1568998919489
1568998919504
1568998919518
1568998919531
1568998919546
1568998919560
1568998919574
1568998919587
1568998919601
1568998919616
1568998919629
1568998919642
1568998919655
1568998919667
1568998919679
1568998919694
1568998919709
1568998919723
1568998919738
1568998919753
1568998919767
