1568998885325
1568998885339
1568998885353
1568998885367
1568998885380
1568998885393
1568998885404
1568998885416
1568998885428
1568998885440
1568998885455
1568998885468
1568998885482
1568998885495
1568998885507
1568998885520
1568998885534
1568998885547
1568998885560
1568998885572
1568998885583
1568998885650
1568998885692
1568998885721
1568998885745
1568998885764
1568998885784
1568998885801
1568998885814
1568998885828
1568998885841
1568998885854
1568998885865
1568998885877
1568998885889
1568998885902
1568998885915
1568998885943
1568998885992
1568998886029
1568998886051
1568998886069
1568998886086
1568998886102
1568998886116
1568998886129
1568998886141
1568998886153
1568998886166
1568998886179
1568998886191
1568998886204
1568998886217
1568998886230
1568998886243
1568998886254
1568998886265
1568998886278
1568998886290
1568998886302
1568998886316
1568998886328
1568998886342
1568998886355
1568998886368
1568998886381
1568998886393
1568998886406
1568998886418
1568998886430
1568998886441
1568998886454
1568998886467
1568998886481
1568998886493
1568998886508
1568998886521
1568998886535
1568998886547
1568998886561
1568998886573
1568998886586
1568998886600
1568998886613
1568998886626
1568998886640
1568998886653
1568998886668
1568998886681
1568998886693
1568998886706
1568998886720
1568998886733
1568998886746
1568998886758
1568998886772
1568998886786
1568998886800
1568998886814
1568998886827
1568998886840
1568998886853
1568998886866
1568998886879
1568998886891
1568998886903
1568998886915
1568998886928
1568998886941
1568998886954
1568998886967
1568998886980
1568998886992
1568998887005
1568998887019
1568998887032
1568998887046
1568998887060
1568998887074
1568998887086
1568998887100
1568998887113
1568998887126
1568998887139
1568998887154
1568998887169
1568998887182
1568998887194
1568998887206
1568998887219
1568998887233
1568998887247
1568998887260
1568998887273
1568998887287
1568998887301
1568998887314
1568998887327
1568998887341
1568998887355
1568998887368
1568998887381
1568998887394
1568998887406
1568998887419
1568998887432
1568998887447
1568998887461
1568998887475
1568998887488
