1568998880554
1568998880566
1568998880580
1568998880594
1568998880607
1568998880619
1568998880631
1568998880643
1568998880654
1568998880667
1568998880680
1568998880693
1568998880705
1568998880718
1568998880730
1568998880743
1568998880755
1568998880767
1568998880779
1568998880791
1568998880803
1568998880815
1568998880827
1568998880840
1568998880852
1568998880865
1568998880877
1568998880889
1568998880901
1568998880913
1568998880926
1568998880939
1568998880950
1568998880962
1568998880974
1568998880987
1568998880999
1568998881014
1568998881026
1568998881039
1568998881051
1568998881063
1568998881074
1568998881087
1568998881099
1568998881112
1568998881124
1568998881136
1568998881148
1568998881160
1568998881173
1568998881186
1568998881198
1568998881211
1568998881223
1568998881236
1568998881248
1568998881259
1568998881271
1568998881283
1568998881296
1568998881309
1568998881321
1568998881334
1568998881345
1568998881357
1568998881370
1568998881382
1568998881395
1568998881407
1568998881420
1568998881432
1568998881444
1568998881456
1568998881469
1568998881481
1568998881494
1568998881506
1568998881520
1568998881533
1568998881546
1568998881559
1568998881572
1568998881586
1568998881599
1568998881612
1568998881626
1568998881640
1568998881653
1568998881666
1568998881679
1568998881692
1568998881708
1568998881721
1568998881734
1568998881747
1568998881759
1568998881774
1568998881786
1568998881799
1568998881811
1568998881824
1568998881837
1568998881851
1568998881863
1568998881876
1568998881889
1568998881902
1568998881916
1568998881933
1568998881990
1568998882042
1568998882075
1568998882100
1568998882120
1568998882138
1568998882155
1568998882170
1568998882184
1568998882198
1568998882211
1568998882224
1568998882237
1568998882249
1568998882261
1568998882272
1568998882284
1568998882296
1568998882308
1568998882320
1568998882332
1568998882344
1568998882357
1568998882371
1568998882384
1568998882397
1568998882410
1568998882423
1568998882436
1568998882450
1568998882463
1568998882475
1568998882487
1568998882499
1568998882511
1568998882524
1568998882535
1568998882548
1568998882560
1568998882573
