1568998907490
1568998907503
1568998907520
1568998907535
1568998907548
1568998907562
1568998907574
1568998907586
1568998907597
1568998907609
1568998907620
1568998907635
1568998907650
1568998907664
1568998907677
1568998907689
1568998907701
1568998907716
1568998907729
1568998907742
1568998907754
1568998907766
1568998907778
1568998907791
1568998907803
1568998907817
1568998907831
1568998907844
1568998907859
1568998907874
1568998907887
1568998907899
1568998907911
1568998907927
1568998907940
1568998907953
1568998907966
1568998907980
1568998907993
1568998908007
1568998908020
1568998908036
1568998908050
1568998908062
1568998908074
1568998908086
1568998908098
1568998908112
1568998908125
1568998908138
1568998908152
1568998908165
1568998908180
1568998908196
1568998908209
1568998908220
1568998908232
1568998908244
1568998908257
1568998908269
1568998908282
1568998908295
1568998908308
1568998908321
1568998908337
1568998908350
1568998908363
1568998908376
1568998908389
1568998908402
1568998908414
1568998908429
1568998908443
1568998908458
1568998908472
1568998908486
1568998908499
1568998908513
1568998908527
1568998908541
1568998908554
1568998908567
1568998908580
1568998908593
1568998908607
1568998908622
1568998908638
1568998908654
1568998908668
1568998908682
1568998908695
1568998908710
1568998908724
1568998908739
1568998908752
1568998908766
1568998908780
1568998908794
1568998908808
1568998908821
1568998908835
1568998908849
1568998908863
1568998908876
1568998908890
1568998908905
1568998908918
1568998908933
1568998908948
1568998908963
1568998908977
1568998908991
1568998909004
1568998909018
1568998909031
1568998909043
1568998909057
1568998909072
1568998909086
1568998909099
1568998909113
1568998909128
1568998909141
1568998909154
1568998909167
1568998909182
1568998909196
1568998909209
1568998909222
1568998909235
1568998909249
1568998909262
1568998909275
1568998909289
1568998909303
1568998909319
1568998909334
1568998909349
1568998909364
1568998909380
1568998909393
1568998909407
1568998909419
1568998909431
1568998909444
1568998909459
1568998909472
1568998909486
1568998909500
1568998909514
