1568998888424
1568998888438
1568998888453
1568998888467
1568998888481
1568998888493
1568998888506
1568998888520
1568998888534
1568998888547
1568998888560
1568998888573
1568998888587
1568998888600
1568998888613
1568998888626
1568998888640
1568998888653
1568998888665
1568998888678
1568998888690
1568998888702
1568998888714
1568998888725
1568998888739
1568998888753
1568998888766
1568998888780
1568998888795
1568998888809
1568998888822
1568998888835
1568998888848
1568998888861
1568998888875
1568998888888
1568998888901
1568998888914
1568998888925
1568998888936
1568998888949
1568998888961
1568998888973
1568998888986
1568998888998
1568998889009
1568998889021
1568998889033
1568998889045
1568998889058
1568998889071
1568998889082
1568998889094
1568998889106
1568998889119
1568998889131
1568998889143
1568998889157
1568998889168
1568998889180
1568998889192
1568998889205
1568998889218
1568998889231
1568998889243
1568998889257
1568998889270
1568998889282
1568998889295
1568998889307
1568998889322
1568998889336
1568998889349
1568998889364
1568998889381
1568998889395
1568998889408
1568998889421
1568998889436
1568998889450
1568998889462
1568998889476
1568998889490
1568998889502
1568998889515
1568998889529
1568998889542
1568998889555
1568998889569
1568998889581
1568998889594
1568998889607
1568998889620
1568998889633
1568998889645
1568998889658
1568998889671
1568998889685
1568998889699
1568998889712
1568998889725
1568998889738
1568998889750
1568998889763
1568998889775
1568998889788
1568998889801
1568998889814
1568998889827
1568998889841
1568998889854
1568998889868
1568998889882
1568998889896
1568998889909
1568998889923
1568998889937
1568998889951
1568998889963
1568998889974
1568998889987
1568998890002
1568998890016
1568998890031
1568998890044
1568998890057
1568998890070
1568998890082
1568998890095
1568998890110
1568998890124
1568998890137
1568998890151
1568998890163
1568998890176
1568998890203
1568998890272
1568998890317
1568998890347
1568998890366
1568998890383
1568998890396
1568998890410
1568998890422
1568998890434
1568998890446
1568998890458
1568998890469
1568998890480
1568998890491
