1568998914019
1568998914034
1568998914048
1568998914061
1568998914075
1568998914090
1568998914105
1568998914120
1568998914135
1568998914150
1568998914164
1568998914179
1568998914196
1568998914210
1568998914224
1568998914237
1568998914249
1568998914262
1568998914274
1568998914287
1568998914300
1568998914313
1568998914326
1568998914338
1568998914352
1568998914365
1568998914379
1568998914392
1568998914406
1568998914420
1568998914433
1568998914445
1568998914457
1568998914470
1568998914481
1568998914495
1568998914509
1568998914522
1568998914534
1568998914547
1568998914559
1568998914572
1568998914585
1568998914654
1568998914694
1568998914727
1568998914750
1568998914770
1568998914788
1568998914804
1568998914818
1568998914832
1568998914844
1568998914856
1568998914868
1568998914881
1568998914894
1568998914907
1568998914919
1568998914931
1568998914942
1568998914959
1568998914974
1568998914988
1568998915001
1568998915014
1568998915027
1568998915040
1568998915054
1568998915066
1568998915080
1568998915093
1568998915107
1568998915121
1568998915136
1568998915149
1568998915161
1568998915173
1568998915185
1568998915198
1568998915211
1568998915225
1568998915239
1568998915253
1568998915267
1568998915281
1568998915294
1568998915307
1568998915321
1568998915336
1568998915350
1568998915363
1568998915376
1568998915389
1568998915401
1568998915465
1568998915503
1568998915536
1568998915559
1568998915579
1568998915596
1568998915612
1568998915626
1568998915641
1568998915654
1568998915666
1568998915678
1568998915690
1568998915704
1568998915717
1568998915732
1568998915746
1568998915759
1568998915773
1568998915786
1568998915798
1568998915811
1568998915824
1568998915837
1568998915849
1568998915883
1568998915940
1568998915974
1568998916003
1568998916023
1568998916040
1568998916058
1568998916071
1568998916084
1568998916097
1568998916109
1568998916120
1568998916132
1568998916144
1568998916156
1568998916170
1568998916183
1568998916197
1568998916210
1568998916224
1568998916237
1568998916250
1568998916262
1568998916276
1568998916289
1568998916303
1568998916316
1568998916328
1568998916342
1568998916356
