1568998899440
1568998899455
1568998899471
1568998899486
1568998899499
1568998899512
1568998899524
1568998899536
1568998899549
1568998899563
1568998899576
1568998899589
1568998899603
1568998899617
1568998899631
1568998899645
1568998899658
1568998899670
1568998899683
1568998899694
1568998899707
1568998899721
1568998899734
1568998899747
1568998899760
1568998899774
1568998899787
1568998899802
1568998899815
1568998899828
1568998899840
1568998899854
1568998899867
1568998899881
1568998899893
1568998899908
1568998899923
1568998899940
1568998899953
1568998899967
1568998899980
1568998899992
1568998900005
1568998900018
1568998900030
1568998900042
1568998900054
1568998900067
1568998900081
1568998900098
1568998900112
1568998900125
1568998900138
1568998900151
1568998900164
1568998900178
1568998900192
1568998900205
1568998900218
1568998900233
1568998900248
1568998900262
1568998900275
1568998900288
1568998900302
1568998900315
1568998900329
1568998900342
1568998900354
1568998900367
1568998900380
1568998900392
1568998900407
1568998900420
1568998900434
1568998900449
1568998900462
1568998900475
1568998900488
1568998900501
1568998900513
1568998900527
1568998900541
1568998900555
1568998900569
1568998900583
1568998900598
1568998900613
1568998900629
1568998900642
1568998900655
1568998900668
1568998900681
1568998900696
1568998900711
1568998900725
1568998900739
1568998900752
1568998900765
1568998900778
1568998900791
1568998900805
1568998900818
1568998900832
1568998900846
1568998900860
1568998900874
1568998900888
1568998900903
1568998900919
1568998900933
1568998900947
1568998900962
1568998900976
1568998900988
1568998901002
1568998901014
1568998901027
1568998901040
1568998901054
1568998901069
1568998901083
1568998901096
1568998901109
1568998901122
1568998901136
1568998901149
1568998901162
1568998901175
1568998901188
1568998901201
1568998901213
1568998901225
1568998901239
1568998901251
1568998901264
1568998901277
1568998901291
1568998901304
1568998901316
1568998901328
1568998901341
1568998901353
1568998901367
1568998901381
1568998901395
1568998901407
1568998901420
1568998901433
1568998901448
