1568998883769
1568998883783
1568998883795
1568998883809
1568998883822
1568998883834
1568998883845
1568998883858
1568998883871
1568998883883
1568998883896
1568998883909
1568998883922
1568998883934
1568998883946
1568998883959
1568998883970
1568998883983
1568998883996
1568998884010
1568998884022
1568998884033
1568998884045
1568998884058
1568998884070
1568998884083
1568998884096
1568998884108
1568998884120
1568998884132
1568998884145
1568998884159
1568998884172
1568998884185
1568998884197
1568998884210
1568998884223
1568998884236
1568998884249
1568998884262
1568998884274
1568998884285
1568998884297
1568998884311
1568998884323
1568998884336
1568998884349
1568998884361
1568998884374
1568998884387
1568998884400
1568998884414
1568998884427
1568998884440
1568998884452
1568998884465
1568998884476
1568998884489
1568998884503
1568998884516
1568998884528
1568998884542
1568998884556
1568998884570
1568998884582
1568998884594
1568998884607
1568998884621
1568998884633
1568998884646
1568998884659
1568998884673
1568998884686
1568998884700
1568998884713
1568998884726
1568998884740
1568998884753
1568998884765
1568998884779
1568998884792
1568998884805
1568998884817
1568998884830
1568998884843
1568998884858
1568998884871
1568998884883
1568998884896
1568998884909
1568998884921
1568998884934
1568998884947
1568998884960
1568998884974
1568998884987
1568998885001
1568998885016
1568998885028
1568998885041
1568998885054
1568998885067
1568998885081
1568998885094
1568998885107
1568998885120
1568998885132
1568998885145
1568998885158
1568998885172
1568998885185
1568998885200
1568998885213
1568998885225
1568998885238
1568998885251
1568998885264
1568998885276
1568998885290
1568998885304
1568998885318
1568998885331
1568998885344
1568998885356
1568998885370
1568998885383
1568998885396
1568998885408
1568998885420
1568998885432
1568998885446
1568998885460
1568998885474
1568998885488
1568998885501
1568998885513
1568998885527
1568998885541
1568998885554
1568998885567
1568998885578
1568998885622
1568998885677
1568998885709
1568998885736
1568998885757
1568998885778
1568998885796
1568998885810
1568998885824
