1568998901006
1568998901019
1568998901034
1568998901048
1568998901064
1568998901077
1568998901090
1568998901102
1568998901115
1568998901128
1568998901140
1568998901153
1568998901167
1568998901182
1568998901195
1568998901208
1568998901219
1568998901231
1568998901243
1568998901256
1568998901268
1568998901282
1568998901295
1568998901308
1568998901321
1568998901333
1568998901346
1568998901359
1568998901373
1568998901385
1568998901397
1568998901409
1568998901421
1568998901434
1568998901448
1568998901463
1568998901476
1568998901491
1568998901505
1568998901519
1568998901534
1568998901548
1568998901561
1568998901573
1568998901586
1568998901599
1568998901612
1568998901625
1568998901638
1568998901653
1568998901668
1568998901682
1568998901695
1568998901710
1568998901724
1568998901737
1568998901750
1568998901763
1568998901777
1568998901791
1568998901804
1568998901818
1568998901830
1568998901843
1568998901856
1568998901868
1568998901881
1568998901893
1568998901904
1568998901916
1568998901928
1568998901941
1568998901954
1568998901967
1568998901982
1568998901996
1568998902008
1568998902023
1568998902037
1568998902051
1568998902064
1568998902078
1568998902091
1568998902104
1568998902118
1568998902132
1568998902146
1568998902160
1568998902196
1568998902254
1568998902288
1568998902317
1568998902339
1568998902357
1568998902374
1568998902389
1568998902405
1568998902419
1568998902432
1568998902445
1568998902458
1568998902472
1568998902485
1568998902499
1568998902513
1568998902526
1568998902539
1568998902552
1568998902565
1568998902580
1568998902593
1568998902608
1568998902622
1568998902634
1568998902647
1568998902659
1568998902672
1568998902683
1568998902697
1568998902709
1568998902721
1568998902735
1568998902748
1568998902761
1568998902775
1568998902789
1568998902801
1568998902812
1568998902823
1568998902836
1568998902847
1568998902860
1568998902874
1568998902887
1568998902899
1568998902912
1568998902924
1568998902936
1568998902949
1568998902964
1568998902978
1568998902992
1568998903005
1568998903017
1568998903032
1568998903047
1568998903061
1568998903074
1568998903087
1568998903101
