1568998877487
1568998877502
1568998877517
1568998877530
1568998877543
1568998877555
1568998877568
1568998877580
1568998877593
1568998877607
1568998877625
1568998877642
1568998877658
1568998877676
1568998877692
1568998877706
1568998877720
1568998877734
1568998877747
1568998877758
1568998877771
1568998877783
1568998877795
1568998877807
1568998877820
1568998877832
1568998877845
1568998877857
1568998877870
1568998877882
1568998877893
1568998877905
1568998877916
1568998877928
1568998877939
1568998877953
1568998877966
1568998877979
1568998877991
1568998878003
1568998878017
1568998878029
1568998878042
1568998878054
1568998878068
1568998878083
1568998878099
1568998878113
1568998878128
1568998878150
1568998878172
1568998878193
1568998878205
1568998878219
1568998878237
1568998878262
1568998878275
1568998878288
1568998878299
1568998878316
1568998878329
1568998878356
1568998878370
1568998878384
1568998878402
1568998878415
1568998878428
1568998878441
1568998878455
1568998878468
1568998878482
1568998878495
1568998878507
1568998878521
1568998878534
1568998878546
1568998878559
1568998878572
1568998878584
1568998878597
1568998878608
1568998878621
1568998878633
1568998878646
1568998878660
1568998878673
1568998878686
1568998878699
1568998878712
1568998878725
1568998878738
1568998878751
1568998878763
1568998878776
1568998878789
1568998878802
1568998878815
1568998878829
1568998878842
1568998878855
1568998878869
1568998878882
1568998878896
1568998878909
1568998878922
1568998878935
1568998878947
1568998878961
1568998878974
1568998878988
1568998879001
1568998879014
1568998879026
1568998879038
1568998879049
1568998879061
1568998879074
1568998879087
1568998879099
1568998879113
1568998879126
1568998879140
1568998879153
1568998879165
1568998879177
1568998879189
1568998879200
1568998879213
1568998879225
1568998879237
1568998879249
1568998879262
1568998879274
1568998879287
1568998879298
1568998879311
1568998879323
1568998879335
1568998879348
1568998879360
1568998879372
1568998879384
1568998879396
1568998879408
1568998879421
1568998879435
1568998879447
1568998879459
1568998879472
1568998879486
