1568047918629
1568047918640
1568047918654
1568047918666
1568047918679
1568047918692
1568047918703
1568047918714
1568047918726
1568047918738
1568047918750
1568047918762
1568047918773
1568047918785
1568047918797
1568047918809
1568047918821
1568047918835
1568047918847
1568047918860
1568047918872
1568047918884
1568047918895
1568047918907
1568047918920
1568047918933
1568047918945
1568047918957
1568047918969
1568047918980
1568047918992
1568047919003
1568047919015
1568047919026
1568047919038
1568047919051
1568047919064
1568047919076
1568047919089
1568047919101
1568047919113
1568047919124
1568047919136
1568047919149
1568047919161
1568047919173
1568047919184
1568047919196
1568047919208
1568047919220
1568047919232
1568047919245
1568047919256
1568047919268
1568047919280
1568047919292
1568047919303
1568047919315
1568047919327
1568047919339
1568047919351
1568047919365
1568047919377
1568047919388
1568047919400
1568047919413
1568047919425
1568047919438
1568047919450
1568047919463
1568047919476
1568047919487
1568047919499
1568047919512
1568047919524
1568047919537
1568047919549
1568047919562
1568047919575
1568047919586
1568047919598
1568047919611
1568047919622
1568047919636
1568047919648
1568047919662
1568047919674
1568047919687
1568047919700
1568047919713
1568047919726
1568047919738
1568047919751
1568047919764
1568047919775
1568047919788
1568047919801
1568047919814
1568047919827
1568047919839
1568047919852
1568047919864
1568047919876
1568047919888
1568047919900
1568047919912
1568047919925
1568047919937
1568047919950
1568047919964
1568047919977
1568047919989
1568047920003
1568047920016
1568047920028
1568047920039
1568047920052
1568047920064
1568047920077
1568047920089
1568047920102
1568047920116
1568047920129
1568047920142
1568047920155
1568047920169
1568047920183
1568047920196
1568047920209
1568047920221
1568047920233
1568047920246
1568047920260
1568047920274
1568047920287
1568047920298
1568047920309
1568047920321
1568047920332
1568047920345
1568047920358
1568047920370
1568047920382
1568047920396
1568047920410
1568047920423
1568047920436
1568047920449
1568047920460
1568047920472
