1568047926706
1568047926719
1568047926732
1568047926743
1568047926754
1568047926766
1568047926779
1568047926792
1568047926804
1568047926817
1568047926830
1568047926842
1568047926856
1568047926870
1568047926883
1568047926896
1568047926908
1568047926920
1568047926932
1568047926945
1568047926956
1568047926966
1568047926978
1568047926989
1568047927001
1568047927012
1568047927025
1568047927037
1568047927049
1568047927062
1568047927075
1568047927088
1568047927102
1568047927117
1568047927131
1568047927144
1568047927157
1568047927172
1568047927188
1568047927202
1568047927216
1568047927228
1568047927240
1568047927251
1568047927263
1568047927275
1568047927289
1568047927301
1568047927314
1568047927326
1568047927339
1568047927351
1568047927363
1568047927374
1568047927386
1568047927399
1568047927411
1568047927422
1568047927434
1568047927447
1568047927459
1568047927472
1568047927485
1568047927497
1568047927510
1568047927523
1568047927534
1568047927546
1568047927558
1568047927571
1568047927584
1568047927597
1568047927609
1568047927623
1568047927636
1568047927648
1568047927660
1568047927674
1568047927687
1568047927700
1568047927712
1568047927724
1568047927736
1568047927748
1568047927761
1568047927774
1568047927786
1568047927798
1568047927810
1568047927822
1568047927834
1568047927846
1568047927858
1568047927870
1568047927882
1568047927894
1568047927906
1568047927920
1568047927932
1568047927945
1568047927957
1568047927969
1568047927982
1568047927994
1568047928006
1568047928018
1568047928030
1568047928043
1568047928056
1568047928069
1568047928082
1568047928094
1568047928107
1568047928119
1568047928131
1568047928143
1568047928155
1568047928168
1568047928180
1568047928192
1568047928204
1568047928217
1568047928229
1568047928242
1568047928255
1568047928267
1568047928280
1568047928292
1568047928305
1568047928317
1568047928330
1568047928342
1568047928355
1568047928368
1568047928379
1568047928392
1568047928404
1568047928416
1568047928430
1568047928445
1568047928459
1568047928471
1568047928483
1568047928497
1568047928512
1568047928526
1568047928538
1568047928550
1568047928563
1568047928577
