1568047920234
1568047920248
1568047920263
1568047920276
1568047920288
1568047920300
1568047920310
1568047920322
1568047920333
1568047920344
1568047920357
1568047920369
1568047920381
1568047920395
1568047920408
1568047920420
1568047920433
1568047920445
1568047920457
1568047920468
1568047920480
1568047920492
1568047920504
1568047920517
1568047920530
1568047920543
1568047920555
1568047920568
1568047920579
1568047920591
1568047920604
1568047920616
1568047920627
1568047920638
1568047920649
1568047920661
1568047920672
1568047920684
1568047920696
1568047920708
1568047920720
1568047920733
1568047920744
1568047920755
1568047920767
1568047920779
1568047920791
1568047920802
1568047920815
1568047920828
1568047920841
1568047920853
1568047920865
1568047920876
1568047920888
1568047920899
1568047920911
1568047920923
1568047920934
1568047920946
1568047920958
1568047920970
1568047920981
1568047920992
1568047921004
1568047921016
1568047921026
1568047921038
1568047921050
1568047921062
1568047921072
1568047921084
1568047921096
1568047921109
1568047921121
1568047921132
1568047921143
1568047921155
1568047921167
1568047921178
1568047921189
1568047921202
1568047921215
1568047921228
1568047921241
1568047921254
1568047921267
1568047921280
1568047921293
1568047921305
1568047921319
1568047921331
1568047921343
1568047921355
1568047921367
1568047921380
1568047921393
1568047921406
1568047921419
1568047921432
1568047921445
1568047921457
1568047921470
1568047921483
1568047921496
1568047921509
1568047921521
1568047921534
1568047921546
1568047921559
1568047921571
1568047921584
1568047921597
1568047921610
1568047921623
1568047921636
1568047921648
1568047921661
1568047921673
1568047921687
1568047921700
1568047921714
1568047921727
1568047921740
1568047921752
1568047921765
1568047921777
1568047921791
1568047921804
1568047921816
1568047921828
1568047921840
1568047921852
1568047921867
1568047921880
1568047921893
1568047921906
1568047921920
1568047921932
1568047921944
1568047921956
1568047921968
1568047921981
1568047921993
1568047922005
1568047922018
1568047922030
1568047922042
1568047922054
1568047922066
