1568047902930
1568047902943
1568047902956
1568047902967
1568047902978
1568047902990
1568047903001
1568047903012
1568047903024
1568047903035
1568047903047
1568047903059
1568047903071
1568047903083
1568047903094
1568047903107
1568047903118
1568047903130
1568047903141
1568047903152
1568047903163
1568047903175
1568047903186
1568047903198
1568047903210
1568047903223
1568047903235
1568047903248
1568047903259
1568047903272
1568047903283
1568047903294
1568047903306
1568047903319
1568047903331
1568047903341
1568047903353
1568047903366
1568047903378
1568047903390
1568047903401
1568047903412
1568047903424
1568047903434
1568047903446
1568047903458
1568047903469
1568047903480
1568047903492
1568047903504
1568047903517
1568047903529
1568047903543
1568047903555
1568047903567
1568047903579
1568047903591
1568047903603
1568047903615
1568047903628
1568047903641
1568047903654
1568047903665
1568047903676
1568047903689
1568047903701
1568047903713
1568047903727
1568047903739
1568047903751
1568047903762
1568047903774
1568047903786
1568047903800
1568047903813
1568047903826
1568047903838
1568047903850
1568047903861
1568047903873
1568047903885
1568047903898
1568047903912
1568047903925
1568047903938
1568047903951
1568047903964
1568047903977
1568047903989
1568047904003
1568047904016
1568047904028
1568047904041
1568047904054
1568047904065
1568047904077
1568047904090
1568047904103
1568047904116
1568047904129
1568047904142
1568047904154
1568047904167
1568047904180
1568047904193
1568047904205
1568047904218
1568047904231
1568047904243
1568047904257
1568047904269
1568047904282
1568047904295
1568047904307
1568047904319
1568047904332
1568047904345
1568047904357
1568047904370
1568047904383
1568047904396
1568047904409
1568047904422
1568047904436
1568047904448
1568047904460
1568047904473
1568047904484
1568047904496
1568047904508
1568047904520
1568047904532
1568047904544
1568047904557
1568047904569
1568047904581
1568047904593
1568047904604
1568047904616
1568047904628
1568047904639
1568047904650
1568047904661
1568047904673
1568047904684
1568047904697
1568047904708
1568047904720
1568047904731
1568047904743
