1568047893745
1568047893758
1568047893771
1568047893782
1568047893793
1568047893805
1568047893816
1568047893827
1568047893839
1568047893850
1568047893861
1568047893872
1568047893884
1568047893896
1568047893908
1568047893919
1568047893931
1568047893942
1568047893953
1568047893965
1568047893976
1568047893987
1568047893998
1568047894010
1568047894023
1568047894037
1568047894049
1568047894061
1568047894072
1568047894084
1568047894095
1568047894107
1568047894117
1568047894129
1568047894141
1568047894153
1568047894165
1568047894177
1568047894188
1568047894200
1568047894212
1568047894223
1568047894234
1568047894246
1568047894259
1568047894271
1568047894282
1568047894293
1568047894305
1568047894318
1568047894329
1568047894341
1568047894353
1568047894364
1568047894376
1568047894387
1568047894398
1568047894410
1568047894421
1568047894433
1568047894444
1568047894457
1568047894469
1568047894479
1568047894491
1568047894503
1568047894515
1568047894526
1568047894537
1568047894549
1568047894560
1568047894571
1568047894583
1568047894595
1568047894608
1568047894619
1568047894630
1568047894642
1568047894654
1568047894667
1568047894679
1568047894690
1568047894702
1568047894715
1568047894728
1568047894741
1568047894753
1568047894765
1568047894778
1568047894790
1568047894802
1568047894814
1568047894826
1568047894839
1568047894852
1568047894864
1568047894877
1568047894890
1568047894902
1568047894915
1568047894927
1568047894939
1568047894951
1568047894963
1568047894975
1568047894989
1568047895002
1568047895015
1568047895028
1568047895041
1568047895054
1568047895067
1568047895079
1568047895092
1568047895104
1568047895116
1568047895128
1568047895140
1568047895153
1568047895165
1568047895177
1568047895190
1568047895202
1568047895214
1568047895227
1568047895240
1568047895253
1568047895265
1568047895277
1568047895288
1568047895300
1568047895312
1568047895324
1568047895336
1568047895348
1568047895360
1568047895372
1568047895383
1568047895395
1568047895407
1568047895418
1568047895430
1568047895442
1568047895453
1568047895465
1568047895477
1568047895489
1568047895501
1568047895513
1568047895525
