1568047936673
1568047936684
1568047936699
1568047936710
1568047936721
1568047936733
1568047936743
1568047936756
1568047936768
1568047936780
1568047936792
1568047936804
1568047936815
1568047936827
1568047936839
1568047936851
1568047936864
1568047936875
1568047936887
1568047936899
1568047936911
1568047936922
1568047936933
1568047936945
1568047936957
1568047936970
1568047936982
1568047936995
1568047937006
1568047937018
1568047937031
1568047937043
1568047937054
1568047937065
1568047937077
1568047937089
1568047937101
1568047937112
1568047937124
1568047937136
1568047937148
1568047937160
1568047937171
1568047937183
1568047937195
1568047937207
1568047937218
1568047937229
1568047937244
1568047937259
1568047937271
1568047937283
1568047937294
1568047937306
1568047937318
1568047937329
1568047937342
1568047937355
1568047937367
1568047937379
1568047937391
1568047937404
1568047937416
1568047937428
1568047937440
1568047937452
1568047937465
1568047937477
1568047937490
1568047937500
1568047937512
1568047937525
1568047937538
1568047937551
1568047937563
1568047937576
1568047937588
1568047937599
1568047937612
1568047937625
1568047937636
1568047937650
1568047937664
1568047937677
1568047937689
1568047937702
1568047937715
1568047937728
1568047937740
1568047937753
1568047937765
1568047937777
1568047937789
1568047937802
1568047937814
1568047937827
1568047937840
1568047937854
1568047937867
1568047937879
1568047937892
1568047937905
1568047937919
1568047937932
1568047937945
1568047937958
1568047937971
1568047937983
1568047937997
1568047938011
1568047938024
1568047938037
1568047938049
1568047938062
1568047938074
1568047938088
1568047938101
1568047938113
1568047938124
1568047938138
1568047938151
1568047938164
1568047938177
1568047938190
1568047938203
1568047938216
1568047938229
1568047938242
1568047938254
1568047938267
1568047938279
1568047938292
1568047938306
1568047938320
1568047938333
1568047938346
1568047938359
1568047938371
1568047938383
1568047938394
1568047938406
1568047938418
1568047938431
1568047938444
1568047938457
1568047938470
1568047938485
1568047938499
1568047938512
1568047938524
