1568047899861
1568047899872
1568047899885
1568047899897
1568047899908
1568047899919
1568047899931
1568047899942
1568047899953
1568047899965
1568047899977
1568047899988
1568047900000
1568047900012
1568047900024
1568047900036
1568047900047
1568047900058
1568047900070
1568047900081
1568047900092
1568047900103
1568047900114
1568047900126
1568047900137
1568047900150
1568047900162
1568047900175
1568047900187
1568047900198
1568047900209
1568047900221
1568047900232
1568047900243
1568047900255
1568047900266
1568047900279
1568047900291
1568047900302
1568047900314
1568047900325
1568047900337
1568047900348
1568047900359
1568047900371
1568047900383
1568047900395
1568047900407
1568047900419
1568047900433
1568047900446
1568047900459
1568047900471
1568047900484
1568047900496
1568047900509
1568047900521
1568047900532
1568047900544
1568047900555
1568047900568
1568047900579
1568047900590
1568047900602
1568047900615
1568047900627
1568047900638
1568047900649
1568047900661
1568047900673
1568047900684
1568047900696
1568047900709
1568047900721
1568047900733
1568047900746
1568047900759
1568047900769
1568047900781
1568047900793
1568047900805
1568047900815
1568047900828
1568047900840
1568047900853
1568047900866
1568047900878
1568047900890
1568047900903
1568047900916
1568047900929
1568047900941
1568047900953
1568047900966
1568047900978
1568047900991
1568047901004
1568047901018
1568047901031
1568047901044
1568047901057
1568047901070
1568047901083
1568047901095
1568047901108
1568047901121
1568047901133
1568047901146
1568047901159
1568047901172
1568047901185
1568047901198
1568047901210
1568047901222
1568047901235
1568047901248
1568047901261
1568047901273
1568047901286
1568047901298
1568047901311
1568047901325
1568047901337
1568047901351
1568047901363
1568047901376
1568047901388
1568047901399
1568047901411
1568047901422
1568047901434
1568047901445
1568047901457
1568047901469
1568047901480
1568047901492
1568047901503
1568047901515
1568047901526
1568047901538
1568047901549
1568047901561
1568047901572
1568047901584
1568047901595
1568047901607
1568047901619
1568047901630
1568047901641
1568047901653
