1568047912276
1568047912288
1568047912302
1568047912314
1568047912325
1568047912336
1568047912347
1568047912360
1568047912371
1568047912383
1568047912395
1568047912407
1568047912419
1568047912432
1568047912444
1568047912456
1568047912468
1568047912479
1568047912491
1568047912502
1568047912514
1568047912527
1568047912539
1568047912551
1568047912564
1568047912577
1568047912589
1568047912601
1568047912611
1568047912624
1568047912636
1568047912647
1568047912659
1568047912670
1568047912682
1568047912694
1568047912706
1568047912717
1568047912729
1568047912742
1568047912753
1568047912766
1568047912778
1568047912789
1568047912801
1568047912813
1568047912824
1568047912836
1568047912848
1568047912860
1568047912873
1568047912885
1568047912896
1568047912907
1568047912920
1568047912932
1568047912944
1568047912955
1568047912967
1568047912978
1568047912990
1568047913003
1568047913014
1568047913026
1568047913038
1568047913050
1568047913062
1568047913072
1568047913084
1568047913096
1568047913108
1568047913118
1568047913130
1568047913142
1568047913154
1568047913165
1568047913176
1568047913188
1568047913200
1568047913213
1568047913223
1568047913235
1568047913248
1568047913261
1568047913273
1568047913286
1568047913299
1568047913312
1568047913325
1568047913337
1568047913349
1568047913361
1568047913373
1568047913385
1568047913398
1568047913411
1568047913423
1568047913437
1568047913450
1568047913463
1568047913476
1568047913489
1568047913502
1568047913514
1568047913526
1568047913538
1568047913551
1568047913564
1568047913577
1568047913589
1568047913602
1568047913615
1568047913628
1568047913641
1568047913654
1568047913667
1568047913679
1568047913692
1568047913704
1568047913717
1568047913730
1568047913743
1568047913755
1568047913768
1568047913781
1568047913794
1568047913806
1568047913819
1568047913832
1568047913844
1568047913856
1568047913868
1568047913880
1568047913892
1568047913904
1568047913917
1568047913930
1568047913943
1568047913955
1568047913968
1568047913979
1568047913992
1568047914006
1568047914020
1568047914034
1568047914047
1568047914059
1568047914071
1568047914082
1568047914094
