1568047913852
1568047913865
1568047913878
1568047913890
1568047913901
1568047913913
1568047913924
1568047913936
1568047913947
1568047913959
1568047913971
1568047913983
1568047913996
1568047914010
1568047914023
1568047914036
1568047914049
1568047914061
1568047914072
1568047914083
1568047914095
1568047914108
1568047914118
1568047914130
1568047914141
1568047914154
1568047914165
1568047914177
1568047914188
1568047914200
1568047914212
1568047914223
1568047914235
1568047914246
1568047914258
1568047914269
1568047914281
1568047914293
1568047914306
1568047914318
1568047914328
1568047914340
1568047914352
1568047914364
1568047914376
1568047914388
1568047914400
1568047914412
1568047914424
1568047914437
1568047914449
1568047914462
1568047914474
1568047914486
1568047914497
1568047914509
1568047914519
1568047914532
1568047914543
1568047914555
1568047914566
1568047914578
1568047914590
1568047914602
1568047914614
1568047914626
1568047914637
1568047914649
1568047914661
1568047914673
1568047914684
1568047914697
1568047914709
1568047914722
1568047914734
1568047914747
1568047914758
1568047914770
1568047914781
1568047914793
1568047914804
1568047914815
1568047914827
1568047914839
1568047914852
1568047914865
1568047914878
1568047914890
1568047914902
1568047914915
1568047914926
1568047914938
1568047914951
1568047914963
1568047914975
1568047914987
1568047914999
1568047915012
1568047915025
1568047915037
1568047915050
1568047915063
1568047915076
1568047915088
1568047915101
1568047915114
1568047915126
1568047915139
1568047915151
1568047915164
1568047915177
1568047915190
1568047915202
1568047915215
1568047915227
1568047915240
1568047915253
1568047915266
1568047915278
1568047915290
1568047915302
1568047915315
1568047915328
1568047915341
1568047915353
1568047915366
1568047915378
1568047915390
1568047915403
1568047915415
1568047915427
1568047915439
1568047915450
1568047915464
1568047915477
1568047915489
1568047915501
1568047915513
1568047915526
1568047915538
1568047915549
1568047915561
1568047915573
1568047915586
1568047915599
1568047915612
1568047915624
1568047915637
1568047915649
1568047915661
