1568737720592
1568737720608
1568737720625
1568737720641
1568737720656
1568737720671
1568737720687
1568737720703
1568737720720
1568737720741
1568737720759
1568737720778
1568737720797
1568737720814
1568737720829
1568737720844
1568737720859
1568737720873
1568737720888
1568737720902
1568737720916
1568737720931
1568737720945
1568737720960
1568737720974
1568737720991
1568737721006
1568737721020
1568737721033
1568737721046
1568737721062
1568737721079
1568737721097
1568737721111
1568737721126
1568737721142
1568737721159
1568737721174
1568737721188
1568737721205
1568737721221
1568737721240
1568737721256
1568737721273
1568737721290
1568737721309
1568737721328
1568737721346
1568737721369
1568737721394
1568737721408
1568737721439
1568737721467
1568737721490
1568737721507
1568737721530
1568737721561
1568737721583
1568737721605
1568737721626
1568737721662
1568737721680
1568737721701
1568737721723
1568737721739
1568737721753
1568737721767
1568737721781
1568737721794
1568737721807
1568737721820
1568737721835
1568737721851
1568737721867
1568737721883
1568737721897
1568737721911
1568737721926
1568737721940
1568737721954
1568737721969
1568737721983
1568737721998
1568737722013
1568737722029
1568737722045
1568737722062
1568737722077
1568737722092
1568737722107
1568737722123
1568737722140
1568737722155
1568737722170
1568737722184
1568737722199
1568737722215
1568737722230
1568737722244
1568737722259
1568737722272
1568737722286
1568737722301
1568737722316
1568737722331
1568737722346
1568737722360
1568737722376
1568737722389
1568737722405
1568737722419
1568737722434
1568737722447
1568737722461
1568737722476
1568737722491
1568737722505
1568737722518
1568737722534
1568737722550
1568737722564
1568737722578
1568737722592
1568737722607
1568737722621
1568737722636
1568737722651
1568737722666
1568737722680
1568737722692
1568737722707
1568737722722
1568737722736
1568737722750
1568737722763
1568737722777
1568737722790
1568737722802
1568737722815
1568737722830
1568737722844
1568737722857
1568737722872
1568737722888
1568737722903
1568737722916
1568737722932
1568737722945
1568737722958
1568737722972
