1568737690468
1568737690482
1568737690498
1568737690510
1568737690524
1568737690538
1568737690552
1568737690565
1568737690578
1568737690590
1568737690603
1568737690617
1568737690632
1568737690646
1568737690658
1568737690671
1568737690685
1568737690698
1568737690712
1568737690727
1568737690742
1568737690756
1568737690770
1568737690786
1568737690801
1568737690816
1568737690830
1568737690846
1568737690860
1568737690873
1568737690887
1568737690901
1568737690913
1568737690926
1568737690939
1568737690952
1568737690966
1568737690981
1568737690994
1568737691010
1568737691058
1568737691119
1568737691152
1568737691176
1568737691197
1568737691215
1568737691230
1568737691247
1568737691261
1568737691275
1568737691288
1568737691301
1568737691314
1568737691327
1568737691341
1568737691355
1568737691369
1568737691383
1568737691399
1568737691413
1568737691427
1568737691441
1568737691455
1568737691471
1568737691486
1568737691501
1568737691516
1568737691530
1568737691544
1568737691558
1568737691570
1568737691585
1568737691599
1568737691614
1568737691629
1568737691643
1568737691656
1568737691669
1568737691682
1568737691696
1568737691711
1568737691728
1568737691745
1568737691760
1568737691774
1568737691789
1568737691805
1568737691820
1568737691834
1568737691850
1568737691864
1568737691878
1568737691893
1568737691908
1568737691922
1568737691939
1568737691955
1568737691970
1568737691984
1568737691999
1568737692013
1568737692028
1568737692044
1568737692058
1568737692073
1568737692088
1568737692104
1568737692119
1568737692133
1568737692147
1568737692162
1568737692176
1568737692192
1568737692208
1568737692222
1568737692236
1568737692249
1568737692263
1568737692276
1568737692290
1568737692306
1568737692321
1568737692334
1568737692347
1568737692361
1568737692376
1568737692390
1568737692405
1568737692420
1568737692436
1568737692451
1568737692466
1568737692480
1568737692494
1568737692508
1568737692522
1568737692536
1568737692549
1568737692563
1568737692578
1568737692593
1568737692606
1568737692620
1568737692635
1568737692649
1568737692663
1568737692676
1568737692689
1568737692703
1568737692716
