1568737671351
1568737671364
1568737671377
1568737671389
1568737671401
1568737671415
1568737671428
1568737671441
1568737671453
1568737671465
1568737671478
1568737671491
1568737671505
1568737671519
1568737671532
1568737671544
1568737671558
1568737671572
1568737671584
1568737671597
1568737671610
1568737671624
1568737671636
1568737671649
1568737671662
1568737671674
1568737671688
1568737671701
1568737671715
1568737671727
1568737671739
1568737671754
1568737671767
1568737671778
1568737671789
1568737671801
1568737671814
1568737671827
1568737671841
1568737671854
1568737671868
1568737671881
1568737671893
1568737671907
1568737671920
1568737671934
1568737671946
1568737671959
1568737671972
1568737671985
1568737671998
1568737672011
1568737672022
1568737672034
1568737672046
1568737672059
1568737672071
1568737672083
1568737672094
1568737672106
1568737672118
1568737672131
1568737672144
1568737672156
1568737672169
1568737672183
1568737672196
1568737672209
1568737672221
1568737672232
1568737672244
1568737672274
1568737672286
1568737672301
1568737672314
1568737672331
1568737672348
1568737672362
1568737672389
1568737672402
1568737672415
1568737672430
1568737672443
1568737672456
1568737672470
1568737672483
1568737672497
1568737672511
1568737672524
1568737672538
1568737672551
1568737672565
1568737672578
1568737672593
1568737672609
1568737672624
1568737672639
1568737672652
1568737672666
1568737672681
1568737672696
1568737672710
1568737672723
1568737672736
1568737672749
1568737672762
1568737672776
1568737672789
1568737672803
1568737672818
1568737672832
1568737672845
1568737672858
1568737672872
1568737672886
1568737672898
1568737672910
1568737672922
1568737672933
1568737672945
1568737672957
1568737672971
1568737672983
1568737672995
1568737673007
1568737673019
1568737673030
1568737673042
1568737673054
1568737673069
1568737673081
1568737673093
1568737673108
1568737673123
1568737673137
1568737673152
1568737673165
1568737673178
1568737673194
1568737673208
1568737673223
1568737673237
1568737673250
1568737673263
1568737673277
1568737673293
1568737673307
1568737673320
1568737673332
1568737673344
