1568219475176
1568219475189
1568219475204
1568219475217
1568219475230
1568219475244
1568219475256
1568219475269
1568219475281
1568219475295
1568219475308
1568219475321
1568219475335
1568219475350
1568219475363
1568219475378
1568219475391
1568219475404
1568219475417
1568219475430
1568219475442
1568219475456
1568219475470
1568219475483
1568219475497
1568219475510
1568219475523
1568219475536
1568219475549
1568219475563
1568219475579
1568219475593
1568219475606
1568219475618
1568219475632
1568219475645
1568219475658
1568219475671
1568219475684
1568219475697
1568219475709
1568219475722
1568219475734
1568219475746
1568219475758
1568219475771
1568219475783
1568219475795
1568219475808
1568219475821
1568219475834
1568219475848
1568219475860
1568219475873
1568219475885
1568219475897
1568219475909
1568219475922
1568219475934
1568219475946
1568219475959
1568219475972
1568219475985
1568219475998
1568219476010
1568219476021
1568219476034
1568219476046
1568219476059
1568219476071
1568219476085
1568219476098
1568219476111
1568219476124
1568219476137
1568219476150
1568219476164
1568219476178
1568219476192
1568219476205
1568219476219
1568219476232
1568219476246
1568219476260
1568219476274
1568219476288
1568219476302
1568219476315
1568219476329
1568219476343
1568219476356
1568219476370
1568219476382
1568219476396
1568219476409
1568219476422
1568219476435
1568219476449
1568219476462
1568219476475
1568219476489
1568219476504
1568219476517
1568219476531
1568219476545
1568219476558
1568219476571
1568219476584
1568219476598
1568219476612
1568219476626
1568219476640
1568219476653
1568219476665
1568219476678
1568219476692
1568219476705
1568219476718
1568219476731
1568219476744
1568219476758
1568219476773
1568219476787
1568219476801
1568219476816
1568219476829
1568219476843
1568219476857
1568219476872
1568219476887
1568219476900
1568219476914
1568219476927
1568219476942
1568219476956
1568219476971
1568219476986
1568219476999
1568219477012
1568219477025
1568219477038
1568219477051
1568219477064
1568219477077
1568219477091
1568219477105
1568219477118
1568219477131
1568219477144
1568219477157
