1568219462549
1568219462561
1568219462575
1568219462587
1568219462599
1568219462612
1568219462624
1568219462636
1568219462648
1568219462660
1568219462672
1568219462684
1568219462697
1568219462710
1568219462723
1568219462735
1568219462748
1568219462760
1568219462773
1568219462785
1568219462797
1568219462809
1568219462821
1568219462833
1568219462845
1568219462858
1568219462870
1568219462882
1568219462895
1568219462907
1568219462919
1568219462930
1568219462942
1568219462954
1568219462965
1568219462977
1568219462988
1568219463001
1568219463013
1568219463026
1568219463038
1568219463050
1568219463061
1568219463073
1568219463085
1568219463097
1568219463110
1568219463121
1568219463133
1568219463147
1568219463160
1568219463174
1568219463186
1568219463199
1568219463211
1568219463224
1568219463236
1568219463248
1568219463261
1568219463271
1568219463283
1568219463296
1568219463308
1568219463321
1568219463332
1568219463344
1568219463357
1568219463370
1568219463382
1568219463394
1568219463407
1568219463420
1568219463433
1568219463446
1568219463459
1568219463472
1568219463484
1568219463496
1568219463508
1568219463523
1568219463535
1568219463548
1568219463562
1568219463576
1568219463589
1568219463603
1568219463617
1568219463630
1568219463643
1568219463657
1568219463669
1568219463682
1568219463695
1568219463709
1568219463723
1568219463736
1568219463750
1568219463764
1568219463777
1568219463791
1568219463804
1568219463817
1568219463830
1568219463843
1568219463857
1568219463870
1568219463882
1568219463895
1568219463909
1568219463922
1568219463935
1568219463950
1568219463963
1568219463977
1568219463990
1568219464002
1568219464015
1568219464028
1568219464041
1568219464054
1568219464067
1568219464081
1568219464095
1568219464107
1568219464119
1568219464131
1568219464144
1568219464156
1568219464168
1568219464181
1568219464194
1568219464207
1568219464220
1568219464234
1568219464248
1568219464261
1568219464274
1568219464287
1568219464301
1568219464314
1568219464328
1568219464341
1568219464355
1568219464370
1568219464383
1568219464396
1568219464408
1568219464423
1568219464437
1568219464449
