1568219459389
1568219459402
1568219459415
1568219459427
1568219459439
1568219459451
1568219459462
1568219459475
1568219459487
1568219459500
1568219459512
1568219459524
1568219459537
1568219459550
1568219459563
1568219459575
1568219459586
1568219459598
1568219459609
1568219459621
1568219459633
1568219459644
1568219459656
1568219459668
1568219459680
1568219459693
1568219459706
1568219459718
1568219459731
1568219459743
1568219459756
1568219459768
1568219459780
1568219459791
1568219459804
1568219459816
1568219459829
1568219459842
1568219459854
1568219459867
1568219459880
1568219459893
1568219459906
1568219459918
1568219459930
1568219459942
1568219459955
1568219459968
1568219459981
1568219459994
1568219460008
1568219460021
1568219460034
1568219460047
1568219460060
1568219460073
1568219460087
1568219460100
1568219460113
1568219460126
1568219460139
1568219460152
1568219460165
1568219460179
1568219460192
1568219460205
1568219460218
1568219460232
1568219460245
1568219460258
1568219460271
1568219460284
1568219460297
1568219460310
1568219460323
1568219460337
1568219460349
1568219460363
1568219460376
1568219460389
1568219460402
1568219460415
1568219460428
1568219460442
1568219460455
1568219460469
1568219460481
1568219460495
1568219460508
1568219460522
1568219460535
1568219460548
1568219460561
1568219460575
1568219460587
1568219460601
1568219460614
1568219460628
1568219460642
1568219460655
1568219460669
1568219460683
1568219460696
1568219460709
1568219460723
1568219460736
1568219460750
1568219460763
1568219460777
1568219460791
1568219460804
1568219460818
1568219460831
1568219460844
1568219460857
1568219460870
1568219460883
1568219460896
1568219460909
1568219460923
1568219460936
1568219460950
1568219460963
1568219460976
1568219460989
1568219461002
1568219461014
1568219461028
1568219461041
1568219461054
1568219461067
1568219461080
1568219461094
1568219461107
1568219461121
1568219461133
1568219461146
1568219461158
1568219461170
1568219461183
1568219461195
1568219461209
1568219461221
1568219461234
1568219461247
1568219461260
1568219461274
1568219461287
1568219461300
1568219461313
