1568219498645
1568219498659
1568219498675
1568219498690
1568219498703
1568219498717
1568219498729
1568219498743
1568219498757
1568219498770
1568219498783
1568219498797
1568219498811
1568219498826
1568219498840
1568219498854
1568219498867
1568219498881
1568219498894
1568219498908
1568219498921
1568219498934
1568219498947
1568219498961
1568219498975
1568219498989
1568219499002
1568219499014
1568219499028
1568219499042
1568219499060
1568219499078
1568219499093
1568219499115
1568219499129
1568219499144
1568219499159
1568219499174
1568219499187
1568219499200
1568219499213
1568219499227
1568219499239
1568219499252
1568219499267
1568219499283
1568219499297
1568219499310
1568219499324
1568219499338
1568219499350
1568219499366
1568219499379
1568219499394
1568219499408
1568219499421
1568219499434
1568219499448
1568219499465
1568219499480
1568219499495
1568219499509
1568219499523
1568219499538
1568219499553
1568219499567
1568219499581
1568219499595
1568219499607
1568219499622
1568219499635
1568219499648
1568219499662
1568219499676
1568219499690
1568219499704
1568219499716
1568219499730
1568219499743
1568219499757
1568219499770
1568219499783
1568219499797
1568219499811
1568219499824
1568219499839
1568219499853
1568219499868
1568219499883
1568219499899
1568219499914
1568219499929
1568219499942
1568219499958
1568219499972
1568219499986
1568219500000
1568219500014
1568219500028
1568219500042
1568219500054
1568219500068
1568219500081
1568219500095
1568219500107
1568219500120
1568219500133
1568219500148
1568219500162
1568219500177
1568219500190
1568219500204
1568219500223
1568219500238
1568219500257
1568219500281
1568219500295
1568219500323
1568219500336
1568219500354
1568219500373
1568219500404
1568219500418
1568219500432
1568219500451
1568219500465
1568219500496
1568219500510
1568219500524
1568219500542
1568219500556
1568219500570
1568219500583
1568219500597
1568219500611
1568219500625
1568219500637
1568219500650
1568219500664
1568219500676
1568219500690
1568219500703
1568219500715
1568219500729
1568219500744
1568219500758
1568219500770
1568219500783
1568219500796
1568219500809
