1568219483085
1568219483100
1568219483116
1568219483130
1568219483146
1568219483159
1568219483172
1568219483184
1568219483197
1568219483210
1568219483225
1568219483238
1568219483252
1568219483266
1568219483280
1568219483294
1568219483308
1568219483323
1568219483336
1568219483349
1568219483362
1568219483376
1568219483389
1568219483402
1568219483415
1568219483429
1568219483442
1568219483455
1568219483469
1568219483482
1568219483495
1568219483508
1568219483523
1568219483537
1568219483552
1568219483567
1568219483582
1568219483599
1568219483618
1568219483631
1568219483644
1568219483658
1568219483671
1568219483683
1568219483696
1568219483709
1568219483722
1568219483736
1568219483749
1568219483763
1568219483776
1568219483789
1568219483802
1568219483817
1568219483832
1568219483845
1568219483857
1568219483869
1568219483882
1568219483895
1568219483908
1568219483923
1568219483937
1568219483949
1568219483961
1568219483975
1568219483987
1568219484000
1568219484013
1568219484026
1568219484039
1568219484054
1568219484068
1568219484081
1568219484094
1568219484107
1568219484121
1568219484134
1568219484148
1568219484161
1568219484174
1568219484187
1568219484201
1568219484215
1568219484229
1568219484243
1568219484257
1568219484271
1568219484284
1568219484297
1568219484310
1568219484324
1568219484337
1568219484351
1568219484363
1568219484376
1568219484389
1568219484403
1568219484418
1568219484431
1568219484444
1568219484459
1568219484472
1568219484485
1568219484498
1568219484512
1568219484526
1568219484540
1568219484553
1568219484567
1568219484581
1568219484595
1568219484609
1568219484623
1568219484636
1568219484649
1568219484661
1568219484673
1568219484686
1568219484700
1568219484714
1568219484728
1568219484741
1568219484754
1568219484768
1568219484781
1568219484795
1568219484808
1568219484822
1568219484835
1568219484847
1568219484860
1568219484874
1568219484887
1568219484900
1568219484914
1568219484926
1568219484939
1568219484952
1568219484965
1568219484978
1568219484991
1568219485004
1568219485017
1568219485031
1568219485044
1568219485056
1568219485070
1568219485083
1568219485096
