1568219468830
1568219468844
1568219468859
1568219468872
1568219468885
1568219468899
1568219468912
1568219468925
1568219468938
1568219468951
1568219468964
1568219468978
1568219468992
1568219469006
1568219469020
1568219469033
1568219469046
1568219469060
1568219469073
1568219469087
1568219469100
1568219469113
1568219469127
1568219469140
1568219469155
1568219469170
1568219469183
1568219469196
1568219469208
1568219469220
1568219469232
1568219469245
1568219469258
1568219469270
1568219469282
1568219469294
1568219469307
1568219469320
1568219469332
1568219469344
1568219469356
1568219469368
1568219469381
1568219469393
1568219469405
1568219469417
1568219469429
1568219469442
1568219469454
1568219469468
1568219469480
1568219469493
1568219469505
1568219469518
1568219469529
1568219469541
1568219469554
1568219469567
1568219469579
1568219469592
1568219469605
1568219469619
1568219469634
1568219469647
1568219469659
1568219469672
1568219469684
1568219469697
1568219469709
1568219469722
1568219469733
1568219469744
1568219469758
1568219469772
1568219469785
1568219469797
1568219469810
1568219469823
1568219469836
1568219469849
1568219469861
1568219469875
1568219469887
1568219469900
1568219469913
1568219469927
1568219469941
1568219469955
1568219469968
1568219469981
1568219469994
1568219470007
1568219470020
1568219470033
1568219470047
1568219470060
1568219470073
1568219470087
1568219470100
1568219470114
1568219470128
1568219470141
1568219470154
1568219470167
1568219470179
1568219470193
1568219470206
1568219470219
1568219470232
1568219470247
1568219470260
1568219470274
1568219470287
1568219470300
1568219470314
1568219470327
1568219470341
1568219470355
1568219470369
1568219470382
1568219470395
1568219470409
1568219470422
1568219470434
1568219470447
1568219470460
1568219470473
1568219470486
1568219470498
1568219470511
1568219470524
1568219470538
1568219470552
1568219470566
1568219470580
1568219470593
1568219470607
1568219470621
1568219470634
1568219470648
1568219470661
1568219470674
1568219470687
1568219470701
1568219470715
1568219470728
1568219470741
1568219470754
1568219470768
1568219470781
