1568219479961
1568219479977
1568219479994
1568219480008
1568219480022
1568219480035
1568219480048
1568219480061
1568219480074
1568219480087
1568219480099
1568219480112
1568219480129
1568219480145
1568219480157
1568219480171
1568219480184
1568219480198
1568219480211
1568219480223
1568219480236
1568219480249
1568219480263
1568219480277
1568219480290
1568219480304
1568219480317
1568219480332
1568219480346
1568219480360
1568219480374
1568219480387
1568219480399
1568219480412
1568219480425
1568219480437
1568219480452
1568219480467
1568219480480
1568219480495
1568219480509
1568219480523
1568219480535
1568219480550
1568219480564
1568219480577
1568219480590
1568219480602
1568219480616
1568219480632
1568219480647
1568219480660
1568219480672
1568219480687
1568219480702
1568219480716
1568219480729
1568219480742
1568219480753
1568219480765
1568219480778
1568219480797
1568219480811
1568219480824
1568219480837
1568219480849
1568219480863
1568219480877
1568219480892
1568219480906
1568219480917
1568219480931
1568219480944
1568219480958
1568219480971
1568219480984
1568219480998
1568219481012
1568219481026
1568219481039
1568219481052
1568219481065
1568219481078
1568219481091
1568219481104
1568219481118
1568219481132
1568219481146
1568219481160
1568219481176
1568219481190
1568219481204
1568219481218
1568219481231
1568219481245
1568219481258
1568219481272
1568219481287
1568219481302
1568219481316
1568219481330
1568219481346
1568219481361
1568219481376
1568219481389
1568219481404
1568219481418
1568219481433
1568219481447
1568219481461
1568219481475
1568219481490
1568219481505
1568219481520
1568219481534
1568219481550
1568219481564
1568219481579
1568219481593
1568219481609
1568219481624
1568219481639
1568219481653
1568219481667
1568219481681
1568219481696
1568219481711
1568219481725
1568219481738
1568219481751
1568219481765
1568219481778
1568219481792
1568219481805
1568219481818
1568219481833
1568219481846
1568219481859
1568219481872
1568219481886
1568219481899
1568219481912
1568219481925
1568219481940
1568219481954
1568219481968
1568219481981
1568219481996
1568219482010
1568219482023
