1568219493874
1568219493888
1568219493903
1568219493916
1568219493930
1568219493944
1568219493958
1568219493971
1568219493984
1568219493997
1568219494011
1568219494024
1568219494037
1568219494051
1568219494064
1568219494078
1568219494092
1568219494108
1568219494122
1568219494136
1568219494150
1568219494166
1568219494181
1568219494194
1568219494208
1568219494222
1568219494237
1568219494251
1568219494264
1568219494277
1568219494291
1568219494305
1568219494319
1568219494335
1568219494349
1568219494362
1568219494374
1568219494387
1568219494400
1568219494413
1568219494426
1568219494439
1568219494451
1568219494462
1568219494475
1568219494487
1568219494501
1568219494514
1568219494527
1568219494540
1568219494553
1568219494566
1568219494579
1568219494593
1568219494606
1568219494620
1568219494635
1568219494650
1568219494663
1568219494678
1568219494693
1568219494708
1568219494722
1568219494736
1568219494750
1568219494763
1568219494776
1568219494791
1568219494805
1568219494817
1568219494833
1568219494847
1568219494868
1568219494887
1568219494902
1568219494918
1568219494934
1568219494952
1568219494971
1568219494986
1568219495002
1568219495017
1568219495031
1568219495045
1568219495059
1568219495074
1568219495087
1568219495100
1568219495113
1568219495128
1568219495142
1568219495158
1568219495172
1568219495186
1568219495201
1568219495215
1568219495229
1568219495246
1568219495260
1568219495275
1568219495290
1568219495305
1568219495318
1568219495332
1568219495347
1568219495361
1568219495377
1568219495392
1568219495407
1568219495424
1568219495439
1568219495453
1568219495466
1568219495480
1568219495495
1568219495510
1568219495523
1568219495537
1568219495551
1568219495565
1568219495580
1568219495596
1568219495610
1568219495624
1568219495638
1568219495653
1568219495668
1568219495682
1568219495697
1568219495711
1568219495726
1568219495741
1568219495755
1568219495770
1568219495784
1568219495798
1568219495813
1568219495827
1568219495841
1568219495856
1568219495869
1568219495884
1568219495899
1568219495914
1568219495928
1568219495942
1568219495957
1568219495971
1568219495986
1568219496000
