1568048144632
1568048144645
1568048144661
1568048144676
1568048144690
1568048144704
1568048144717
1568048144731
1568048144744
1568048144758
1568048144771
1568048144784
1568048144799
1568048144813
1568048144827
1568048144841
1568048144856
1568048144869
1568048144882
1568048144895
1568048144907
1568048144920
1568048144935
1568048144948
1568048144962
1568048144975
1568048144989
1568048145003
1568048145016
1568048145029
1568048145042
1568048145055
1568048145068
1568048145080
1568048145093
1568048145105
1568048145118
1568048145132
1568048145144
1568048145155
1568048145167
1568048145180
1568048145192
1568048145205
1568048145217
1568048145227
1568048145240
1568048145252
1568048145264
1568048145277
1568048145290
1568048145301
1568048145312
1568048145326
1568048145340
1568048145352
1568048145364
1568048145376
1568048145388
1568048145399
1568048145411
1568048145427
1568048145440
1568048145454
1568048145466
1568048145481
1568048145494
1568048145507
1568048145518
1568048145530
1568048145543
1568048145555
1568048145568
1568048145580
1568048145594
1568048145608
1568048145621
1568048145634
1568048145646
1568048145658
1568048145670
1568048145683
1568048145697
1568048145711
1568048145725
1568048145739
1568048145752
1568048145765
1568048145778
1568048145792
1568048145806
1568048145820
1568048145833
1568048145846
1568048145859
1568048145873
1568048145886
1568048145900
1568048145913
1568048145925
1568048145939
1568048145952
1568048145964
1568048145978
1568048145991
1568048146005
1568048146018
1568048146032
1568048146045
1568048146059
1568048146073
1568048146086
1568048146098
1568048146112
1568048146125
1568048146138
1568048146151
1568048146165
1568048146179
1568048146192
1568048146205
1568048146220
1568048146233
1568048146245
1568048146259
1568048146273
1568048146287
1568048146300
1568048146312
1568048146324
1568048146337
1568048146349
1568048146362
1568048146374
1568048146386
1568048146399
1568048146411
1568048146424
1568048146437
1568048146450
1568048146462
1568048146474
1568048146486
1568048146501
1568048146515
1568048146531
1568048146544
1568048146556
1568048146568
1568048146580
