1568048118326
1568048118338
1568048118352
1568048118364
1568048118375
1568048118387
1568048118398
1568048118409
1568048118420
1568048118430
1568048118442
1568048118453
1568048118464
1568048118476
1568048118488
1568048118500
1568048118512
1568048118523
1568048118536
1568048118549
1568048118561
1568048118573
1568048118586
1568048118598
1568048118609
1568048118623
1568048118635
1568048118647
1568048118659
1568048118672
1568048118684
1568048118697
1568048118709
1568048118721
1568048118732
1568048118744
1568048118757
1568048118770
1568048118783
1568048118796
1568048118808
1568048118819
1568048118831
1568048118844
1568048118856
1568048118868
1568048118881
1568048118892
1568048118904
1568048118918
1568048118930
1568048118943
1568048118955
1568048118968
1568048118980
1568048118993
1568048119006
1568048119019
1568048119030
1568048119042
1568048119055
1568048119068
1568048119081
1568048119094
1568048119106
1568048119119
1568048119132
1568048119144
1568048119156
1568048119168
1568048119181
1568048119193
1568048119205
1568048119219
1568048119232
1568048119245
1568048119257
1568048119270
1568048119282
1568048119293
1568048119305
1568048119318
1568048119330
1568048119343
1568048119355
1568048119369
1568048119382
1568048119395
1568048119408
1568048119420
1568048119433
1568048119445
1568048119456
1568048119469
1568048119482
1568048119495
1568048119509
1568048119523
1568048119536
1568048119548
1568048119561
1568048119574
1568048119587
1568048119600
1568048119613
1568048119626
1568048119638
1568048119651
1568048119664
1568048119678
1568048119691
1568048119705
1568048119718
1568048119731
1568048119745
1568048119757
1568048119770
1568048119783
1568048119796
1568048119809
1568048119822
1568048119836
1568048119848
1568048119862
1568048119875
1568048119888
1568048119902
1568048119915
1568048119928
1568048119940
1568048119951
1568048119963
1568048119975
1568048119988
1568048120000
1568048120012
1568048120024
1568048120035
1568048120047
1568048120059
1568048120071
1568048120084
1568048120095
1568048120107
1568048120119
1568048120131
1568048120143
1568048120155
1568048120166
1568048120178
