1568048156007
1568048156020
1568048156033
1568048156045
1568048156057
1568048156069
1568048156081
1568048156093
1568048156104
1568048156117
1568048156130
1568048156143
1568048156155
1568048156169
1568048156182
1568048156195
1568048156207
1568048156219
1568048156231
1568048156245
1568048156259
1568048156272
1568048156285
1568048156300
1568048156313
1568048156326
1568048156340
1568048156355
1568048156368
1568048156382
1568048156395
1568048156408
1568048156422
1568048156435
1568048156448
1568048156463
1568048156478
1568048156494
1568048156508
1568048156520
1568048156533
1568048156545
1568048156556
1568048156569
1568048156581
1568048156594
1568048156607
1568048156619
1568048156631
1568048156644
1568048156656
1568048156670
1568048156682
1568048156698
1568048156712
1568048156725
1568048156739
1568048156752
1568048156764
1568048156777
1568048156791
1568048156806
1568048156822
1568048156835
1568048156846
1568048156859
1568048156871
1568048156884
1568048156897
1568048156910
1568048156923
1568048156937
1568048156952
1568048156965
1568048156979
1568048156991
1568048157003
1568048157015
1568048157028
1568048157041
1568048157054
1568048157067
1568048157081
1568048157095
1568048157109
1568048157124
1568048157137
1568048157149
1568048157163
1568048157176
1568048157189
1568048157202
1568048157214
1568048157228
1568048157240
1568048157254
1568048157267
1568048157281
1568048157294
1568048157309
1568048157322
1568048157336
1568048157348
1568048157362
1568048157377
1568048157392
1568048157406
1568048157421
1568048157434
1568048157448
1568048157462
1568048157476
1568048157490
1568048157504
1568048157516
1568048157530
1568048157542
1568048157556
1568048157569
1568048157584
1568048157599
1568048157613
1568048157627
1568048157640
1568048157655
1568048157668
1568048157680
1568048157694
1568048157708
1568048157721
1568048157733
1568048157746
1568048157758
1568048157772
1568048157785
1568048157799
1568048157812
1568048157825
1568048157838
1568048157852
1568048157865
1568048157879
1568048157891
1568048157904
1568048157917
1568048157931
1568048157943
1568048157958
1568048157971
1568048157983
