1568048133113
1568048133128
1568048133144
1568048133157
1568048133170
1568048133183
1568048133196
1568048133209
1568048133220
1568048133233
1568048133245
1568048133256
1568048133268
1568048133281
1568048133293
1568048133307
1568048133320
1568048133333
1568048133347
1568048133360
1568048133372
1568048133388
1568048133400
1568048133413
1568048133425
1568048133438
1568048133451
1568048133464
1568048133475
1568048133488
1568048133500
1568048133513
1568048133524
1568048133535
1568048133547
1568048133560
1568048133574
1568048133587
1568048133599
1568048133613
1568048133625
1568048133636
1568048133647
1568048133659
1568048133671
1568048133682
1568048133693
1568048133705
1568048133718
1568048133731
1568048133743
1568048133755
1568048133767
1568048133780
1568048133792
1568048133804
1568048133816
1568048133830
1568048133842
1568048133853
1568048133865
1568048133878
1568048133891
1568048133903
1568048133916
1568048133929
1568048133942
1568048133956
1568048133969
1568048133981
1568048133994
1568048134007
1568048134020
1568048134033
1568048134047
1568048134060
1568048134072
1568048134086
1568048134099
1568048134112
1568048134124
1568048134138
1568048134151
1568048134163
1568048134177
1568048134191
1568048134204
1568048134218
1568048134230
1568048134243
1568048134256
1568048134269
1568048134282
1568048134295
1568048134307
1568048134320
1568048134332
1568048134346
1568048134359
1568048134372
1568048134384
1568048134397
1568048134410
1568048134423
1568048134436
1568048134449
1568048134462
1568048134475
1568048134489
1568048134503
1568048134516
1568048134529
1568048134542
1568048134555
1568048134568
1568048134581
1568048134594
1568048134607
1568048134620
1568048134633
1568048134646
1568048134660
1568048134674
1568048134687
1568048134701
1568048134714
1568048134727
1568048134740
1568048134752
1568048134764
1568048134775
1568048134788
1568048134799
1568048134812
1568048134824
1568048134837
1568048134850
1568048134862
1568048134874
1568048134888
1568048134900
1568048134911
1568048134924
1568048134937
1568048134950
1568048134964
1568048134977
1568048134992
1568048135005
1568048135018
