1567792617629
1567792617643
1567792617657
1567792617670
1567792617683
1567792617695
1567792617708
1567792617721
1567792617733
1567792617747
1567792617760
1567792617773
1567792617786
1567792617799
1567792617812
1567792617825
1567792617838
1567792617852
1567792617865
1567792617877
1567792617890
1567792617904
1567792617917
1567792617930
1567792617942
1567792617956
1567792617970
1567792617985
1567792617999
1567792618012
1567792618025
1567792618037
1567792618050
1567792618063
1567792618076
1567792618089
1567792618103
1567792618117
1567792618130
1567792618145
1567792618158
1567792618171
1567792618184
1567792618198
1567792618212
1567792618227
1567792618242
1567792618255
1567792618268
1567792618283
1567792618296
1567792618310
1567792618323
1567792618338
1567792618351
1567792618365
1567792618380
1567792618394
1567792618408
1567792618423
1567792618436
1567792618451
1567792618464
1567792618479
1567792618492
1567792618506
1567792618519
1567792618533
1567792618546
1567792618561
1567792618574
1567792618587
1567792618601
1567792618616
1567792618630
1567792618644
1567792618658
1567792618673
1567792618687
1567792618702
1567792618716
1567792618730
1567792618744
1567792618758
1567792618773
1567792618788
1567792618803
1567792618817
1567792618831
1567792618846
1567792618861
1567792618876
1567792618890
1567792618904
1567792618918
1567792618933
1567792618947
1567792618963
1567792618978
1567792618993
1567792619007
1567792619021
1567792619036
1567792619051
1567792619065
1567792619081
1567792619097
1567792619111
1567792619126
1567792619143
1567792619158
1567792619174
1567792619188
1567792619203
1567792619217
1567792619231
1567792619245
1567792619259
1567792619271
1567792619285
1567792619299
1567792619313
1567792619327
1567792619342
1567792619354
1567792619367
1567792619380
1567792619393
1567792619405
1567792619419
1567792619432
1567792619445
1567792619457
1567792619471
1567792619486
1567792619499
1567792619513
1567792619526
1567792619539
1567792619553
1567792619566
1567792619579
1567792619593
1567792619605
1567792619619
1567792619633
1567792619647
1567792619661
1567792619674
1567792619688
