1567792619257
1567792619272
1567792619288
1567792619302
1567792619317
1567792619332
1567792619345
1567792619359
1567792619372
1567792619386
1567792619399
1567792619412
1567792619427
1567792619441
1567792619454
1567792619467
1567792619481
1567792619495
1567792619509
1567792619523
1567792619536
1567792619550
1567792619563
1567792619577
1567792619590
1567792619604
1567792619617
1567792619631
1567792619645
1567792619659
1567792619673
1567792619687
1567792619702
1567792619717
1567792619730
1567792619745
1567792619759
1567792619774
1567792619788
1567792619803
1567792619816
1567792619831
1567792619845
1567792619859
1567792619873
1567792619887
1567792619901
1567792619914
1567792619928
1567792619944
1567792619957
1567792619972
1567792619986
1567792620000
1567792620016
1567792620030
1567792620044
1567792620058
1567792620072
1567792620085
1567792620099
1567792620116
1567792620130
1567792620144
1567792620158
1567792620174
1567792620188
1567792620203
1567792620216
1567792620232
1567792620245
1567792620259
1567792620274
1567792620289
1567792620303
1567792620318
1567792620333
1567792620350
1567792620365
1567792620379
1567792620393
1567792620408
1567792620422
1567792620437
1567792620451
1567792620467
1567792620482
1567792620497
1567792620511
1567792620526
1567792620540
1567792620555
1567792620569
1567792620584
1567792620599
1567792620613
1567792620627
1567792620642
1567792620658
1567792620673
1567792620687
1567792620702
1567792620716
1567792620730
1567792620745
1567792620759
1567792620774
1567792620788
1567792620803
1567792620818
1567792620833
1567792620848
1567792620862
1567792620877
1567792620891
1567792620905
1567792620918
1567792620932
1567792620946
1567792620959
1567792620973
1567792620987
1567792621002
1567792621016
1567792621030
1567792621045
1567792621059
1567792621073
1567792621086
1567792621100
1567792621114
1567792621127
1567792621141
1567792621155
1567792621168
1567792621181
1567792621194
1567792621208
1567792621222
1567792621236
1567792621249
1567792621264
1567792621278
1567792621291
1567792621304
1567792621317
1567792621330
1567792621343
1567792621356
1567792621368
