1567792587080
1567792587093
1567792587108
1567792587121
1567792587134
1567792587147
1567792587160
1567792587173
1567792587186
1567792587199
1567792587212
1567792587225
1567792587238
1567792587252
1567792587265
1567792587278
1567792587291
1567792587304
1567792587317
1567792587331
1567792587344
1567792587357
1567792587370
1567792587383
1567792587396
1567792587410
1567792587423
1567792587436
1567792587449
1567792587462
1567792587475
1567792587488
1567792587501
1567792587514
1567792587528
1567792587543
1567792587557
1567792587571
1567792587585
1567792587599
1567792587613
1567792587628
1567792587641
1567792587655
1567792587669
1567792587683
1567792587697
1567792587711
1567792587724
1567792587739
1567792587753
1567792587767
1567792587781
1567792587795
1567792587808
1567792587822
1567792587836
1567792587850
1567792587864
1567792587877
1567792587892
1567792587906
1567792587920
1567792587934
1567792587947
1567792587962
1567792587975
1567792587989
1567792588003
1567792588017
1567792588031
1567792588047
1567792588061
1567792588077
1567792588091
1567792588105
1567792588119
1567792588133
1567792588148
1567792588162
1567792588176
1567792588189
1567792588204
1567792588218
1567792588232
1567792588247
1567792588262
1567792588276
1567792588291
1567792588305
1567792588320
1567792588334
1567792588348
1567792588363
1567792588377
1567792588392
1567792588406
1567792588422
1567792588436
1567792588451
1567792588465
1567792588481
1567792588495
1567792588509
1567792588523
1567792588538
1567792588552
1567792588566
1567792588580
1567792588596
1567792588610
1567792588625
1567792588640
1567792588655
1567792588670
1567792588684
1567792588698
1567792588712
1567792588724
1567792588738
1567792588751
1567792588765
1567792588778
1567792588791
1567792588804
1567792588818
1567792588831
1567792588844
1567792588857
1567792588870
1567792588883
1567792588896
1567792588909
1567792588923
1567792588936
1567792588949
1567792588962
1567792588975
1567792588988
1567792589002
1567792589015
1567792589028
1567792589041
1567792589054
1567792589067
1567792589081
1567792589094
1567792589108
1567792589120
1567792589134
