1567792608026
1567792608040
1567792608055
1567792608068
1567792608082
1567792608096
1567792608109
1567792608123
1567792608137
1567792608150
1567792608164
1567792608177
1567792608190
1567792608204
1567792608218
1567792608233
1567792608247
1567792608261
1567792608275
1567792608289
1567792608301
1567792608314
1567792608326
1567792608340
1567792608353
1567792608367
1567792608380
1567792608394
1567792608407
1567792608420
1567792608434
1567792608447
1567792608460
1567792608475
1567792608488
1567792608501
1567792608514
1567792608528
1567792608541
1567792608554
1567792608569
1567792608584
1567792608598
1567792608612
1567792608626
1567792608640
1567792608654
1567792608669
1567792608683
1567792608698
1567792608714
1567792608729
1567792608744
1567792608760
1567792608775
1567792608790
1567792608804
1567792608819
1567792608833
1567792608848
1567792608864
1567792608880
1567792608895
1567792608911
1567792608926
1567792608941
1567792608954
1567792608969
1567792608983
1567792608999
1567792609013
1567792609027
1567792609041
1567792609056
1567792609071
1567792609087
1567792609101
1567792609115
1567792609130
1567792609145
1567792609159
1567792609174
1567792609188
1567792609202
1567792609217
1567792609233
1567792609248
1567792609262
1567792609277
1567792609291
1567792609306
1567792609321
1567792609335
1567792609350
1567792609364
1567792609379
1567792609396
1567792609411
1567792609426
1567792609442
1567792609457
1567792609472
1567792609487
1567792609504
1567792609519
1567792609534
1567792609549
1567792609563
1567792609578
1567792609594
1567792609609
1567792609623
1567792609637
1567792609651
1567792609666
1567792609680
1567792609693
1567792609707
1567792609720
1567792609734
1567792609748
1567792609762
1567792609776
1567792609791
1567792609804
1567792609818
1567792609831
1567792609846
1567792609860
1567792609873
1567792609886
1567792609900
1567792609915
1567792609930
1567792609946
1567792609960
1567792609974
1567792609988
1567792610001
1567792610015
1567792610029
1567792610043
1567792610056
1567792610070
1567792610084
1567792610098
1567792610111
1567792610124
1567792610138
1567792610152
