1568133622172
1568133622188
1568133622207
1568133622222
1568133622236
1568133622251
1568133622267
1568133622283
1568133622298
1568133622312
1568133622327
1568133622343
1568133622357
1568133622373
1568133622388
1568133622405
1568133622420
1568133622435
1568133622451
1568133622469
1568133622484
1568133622500
1568133622516
1568133622531
1568133622546
1568133622562
1568133622577
1568133622595
1568133622609
1568133622625
1568133622643
1568133622659
1568133622676
1568133622692
1568133622709
1568133622724
1568133622740
1568133622757
1568133622774
1568133622790
1568133622806
1568133622822
1568133622838
1568133622856
1568133622872
1568133622887
1568133622902
1568133622917
1568133622932
1568133622947
1568133622963
1568133622978
1568133622992
1568133623009
1568133623026
1568133623041
1568133623056
1568133623070
1568133623085
1568133623100
1568133623115
1568133623130
1568133623145
1568133623160
1568133623176
1568133623191
1568133623207
1568133623224
1568133623239
1568133623254
1568133623269
1568133623285
1568133623299
1568133623316
1568133623331
1568133623347
1568133623363
1568133623379
1568133623395
1568133623411
1568133623428
1568133623446
1568133623463
1568133623478
1568133623493
1568133623510
1568133623526
1568133623543
1568133623559
1568133623575
1568133623593
1568133623609
1568133623625
1568133623641
1568133623656
1568133623672
1568133623688
1568133623705
1568133623721
1568133623737
1568133623754
1568133623770
1568133623785
1568133623802
1568133623818
1568133623832
1568133623847
1568133623862
1568133623878
1568133623895
1568133623911
1568133623926
1568133623941
1568133623957
1568133623973
1568133623987
1568133624003
1568133624018
1568133624034
1568133624050
1568133624065
1568133624082
1568133624096
1568133624110
1568133624124
1568133624139
1568133624153
1568133624168
1568133624183
1568133624198
1568133624214
1568133624230
1568133624249
1568133624266
1568133624283
1568133624302
1568133624317
1568133624335
1568133624350
1568133624364
1568133624382
1568133624399
1568133624415
1568133624429
1568133624444
1568133624460
1568133624476
1568133624492
1568133624509
1568133624525
