1568133652212
1568133652227
1568133652244
1568133652259
1568133652274
1568133652288
1568133652302
1568133652316
1568133652331
1568133652346
1568133652361
1568133652377
1568133652392
1568133652408
1568133652423
1568133652438
1568133652454
1568133652470
1568133652485
1568133652501
1568133652516
1568133652531
1568133652546
1568133652562
1568133652577
1568133652593
1568133652608
1568133652624
1568133652638
1568133652654
1568133652668
1568133652682
1568133652697
1568133652713
1568133652729
1568133652744
1568133652759
1568133652775
1568133652792
1568133652807
1568133652823
1568133652839
1568133652853
1568133652868
1568133652884
1568133652899
1568133652912
1568133652928
1568133652945
1568133652962
1568133652977
1568133652991
1568133653006
1568133653023
1568133653037
1568133653052
1568133653068
1568133653083
1568133653098
1568133653116
1568133653131
1568133653147
1568133653162
1568133653177
1568133653191
1568133653207
1568133653221
1568133653235
1568133653252
1568133653267
1568133653283
1568133653299
1568133653313
1568133653329
1568133653345
1568133653361
1568133653378
1568133653395
1568133653409
1568133653425
1568133653443
1568133653458
1568133653474
1568133653488
1568133653502
1568133653518
1568133653534
1568133653550
1568133653565
1568133653580
1568133653594
1568133653609
1568133653624
1568133653639
1568133653655
1568133653671
1568133653688
1568133653703
1568133653719
1568133653734
1568133653749
1568133653765
1568133653779
1568133653794
1568133653810
1568133653825
1568133653841
1568133653855
1568133653872
1568133653888
1568133653903
1568133653919
1568133653934
1568133653949
1568133653965
1568133653981
1568133653996
1568133654011
1568133654027
1568133654043
1568133654058
1568133654076
1568133654092
1568133654109
1568133654124
1568133654140
1568133654155
1568133654169
1568133654183
1568133654197
1568133654211
1568133654226
1568133654242
1568133654257
1568133654274
1568133654289
1568133654303
1568133654318
1568133654332
1568133654348
1568133654363
1568133654377
1568133654392
1568133654408
1568133654423
1568133654442
1568133654457
1568133654472
1568133654487
1568133654502
