1568133655441
1568133655457
1568133655473
1568133655490
1568133655504
1568133655519
1568133655535
1568133655549
1568133655564
1568133655579
1568133655594
1568133655608
1568133655623
1568133655639
1568133655655
1568133655670
1568133655684
1568133655701
1568133655716
1568133655730
1568133655744
1568133655758
1568133655771
1568133655787
1568133655801
1568133655816
1568133655832
1568133655847
1568133655861
1568133655878
1568133655893
1568133655908
1568133655922
1568133655938
1568133655953
1568133655968
1568133655984
1568133655999
1568133656015
1568133656031
1568133656046
1568133656063
1568133656078
1568133656092
1568133656105
1568133656121
1568133656136
1568133656150
1568133656168
1568133656184
1568133656200
1568133656215
1568133656230
1568133656247
1568133656262
1568133656276
1568133656292
1568133656309
1568133656327
1568133656343
1568133656357
1568133656374
1568133656390
1568133656405
1568133656421
1568133656437
1568133656452
1568133656468
1568133656483
1568133656498
1568133656516
1568133656532
1568133656548
1568133656565
1568133656580
1568133656597
1568133656614
1568133656630
1568133656645
1568133656660
1568133656676
1568133656692
1568133656708
1568133656723
1568133656737
1568133656755
1568133656772
1568133656787
1568133656802
1568133656819
1568133656834
1568133656851
1568133656867
1568133656883
1568133656898
1568133656914
1568133656930
1568133656947
1568133656963
1568133656978
1568133656994
1568133657010
1568133657025
1568133657041
1568133657055
1568133657069
1568133657085
1568133657100
1568133657114
1568133657130
1568133657145
1568133657161
1568133657175
1568133657190
1568133657205
1568133657220
1568133657236
1568133657251
1568133657266
1568133657282
1568133657298
1568133657315
1568133657331
1568133657348
1568133657365
1568133657380
1568133657398
1568133657413
1568133657430
1568133657446
1568133657460
1568133657474
1568133657492
1568133657508
1568133657523
1568133657539
1568133657554
1568133657568
1568133657584
1568133657599
1568133657615
1568133657631
1568133657646
1568133657662
1568133657677
1568133657695
1568133657711
1568133657727
1568133657741
1568133657755
