1568133640678
1568133640695
1568133640713
1568133640729
1568133640745
1568133640761
1568133640777
1568133640793
1568133640809
1568133640825
1568133640841
1568133640858
1568133640873
1568133640890
1568133640906
1568133640923
1568133640937
1568133640952
1568133640966
1568133640982
1568133640996
1568133641012
1568133641026
1568133641042
1568133641056
1568133641072
1568133641088
1568133641103
1568133641116
1568133641135
1568133641149
1568133641166
1568133641181
1568133641199
1568133641213
1568133641228
1568133641243
1568133641259
1568133641275
1568133641293
1568133641309
1568133641325
1568133641339
1568133641355
1568133641371
1568133641390
1568133641406
1568133641424
1568133641439
1568133641458
1568133641474
1568133641492
1568133641512
1568133641531
1568133641547
1568133641563
1568133641578
1568133641596
1568133641611
1568133641629
1568133641647
1568133641664
1568133641681
1568133641698
1568133641714
1568133641730
1568133641745
1568133641760
1568133641774
1568133641789
1568133641804
1568133641820
1568133641835
1568133641851
1568133641867
1568133641885
1568133641901
1568133641917
1568133641933
1568133641949
1568133641965
1568133641982
1568133641999
1568133642017
1568133642033
1568133642049
1568133642064
1568133642081
1568133642098
1568133642115
1568133642131
1568133642148
1568133642165
1568133642181
1568133642196
1568133642213
1568133642229
1568133642246
1568133642262
1568133642279
1568133642295
1568133642314
1568133642331
1568133642345
1568133642360
1568133642376
1568133642392
1568133642408
1568133642424
1568133642441
1568133642458
1568133642475
1568133642491
1568133642506
1568133642522
1568133642538
1568133642554
1568133642570
1568133642586
1568133642601
1568133642617
1568133642634
1568133642650
1568133642665
1568133642680
1568133642697
1568133642712
1568133642728
1568133642743
1568133642757
1568133642772
1568133642788
1568133642803
1568133642819
1568133642833
1568133642848
1568133642865
1568133642880
1568133642896
1568133642913
1568133642929
1568133642944
1568133642961
1568133642977
1568133642993
1568133643008
1568133643024
1568133643039
1568133643052
1568133643068
