1568133615537
1568133615552
1568133615568
1568133615583
1568133615597
1568133615611
1568133615625
1568133615640
1568133615655
1568133615669
1568133615683
1568133615698
1568133615713
1568133615727
1568133615741
1568133615755
1568133615769
1568133615784
1568133615798
1568133615812
1568133615828
1568133615844
1568133615859
1568133615874
1568133615887
1568133615904
1568133615918
1568133615933
1568133615947
1568133615962
1568133615976
1568133615992
1568133616006
1568133616020
1568133616035
1568133616049
1568133616062
1568133616077
1568133616091
1568133616106
1568133616122
1568133616137
1568133616155
1568133616170
1568133616185
1568133616202
1568133616217
1568133616233
1568133616248
1568133616264
1568133616281
1568133616298
1568133616313
1568133616330
1568133616348
1568133616363
1568133616379
1568133616394
1568133616408
1568133616424
1568133616438
1568133616454
1568133616468
1568133616484
1568133616499
1568133616514
1568133616528
1568133616542
1568133616557
1568133616572
1568133616587
1568133616602
1568133616617
1568133616633
1568133616648
1568133616663
1568133616678
1568133616694
1568133616710
1568133616726
1568133616740
1568133616756
1568133616771
1568133616787
1568133616801
1568133616818
1568133616833
1568133616849
1568133616864
1568133616879
1568133616894
1568133616910
1568133616924
1568133616940
1568133616954
1568133616970
1568133616985
1568133617002
1568133617016
1568133617032
1568133617047
1568133617061
1568133617076
1568133617091
1568133617105
1568133617121
1568133617136
1568133617151
1568133617166
1568133617181
1568133617196
1568133617212
1568133617228
1568133617246
1568133617261
1568133617276
1568133617292
1568133617308
1568133617322
1568133617336
1568133617349
1568133617363
1568133617378
1568133617393
1568133617408
1568133617424
1568133617438
1568133617452
1568133617466
1568133617481
1568133617495
1568133617509
1568133617524
1568133617539
1568133617554
1568133617568
1568133617582
1568133617595
1568133617609
1568133617623
1568133617638
1568133617654
1568133617670
1568133617685
1568133617701
1568133617717
1568133617731
1568133617748
1568133617762
1568133617778
