1568133638962
1568133638979
1568133638995
1568133639010
1568133639025
1568133639041
1568133639055
1568133639070
1568133639084
1568133639098
1568133639112
1568133639128
1568133639142
1568133639158
1568133639173
1568133639188
1568133639203
1568133639217
1568133639232
1568133639247
1568133639262
1568133639277
1568133639293
1568133639308
1568133639323
1568133639339
1568133639354
1568133639369
1568133639383
1568133639399
1568133639414
1568133639428
1568133639444
1568133639459
1568133639473
1568133639490
1568133639505
1568133639521
1568133639539
1568133639556
1568133639570
1568133639586
1568133639602
1568133639621
1568133639637
1568133639655
1568133639669
1568133639684
1568133639701
1568133639718
1568133639735
1568133639751
1568133639766
1568133639781
1568133639797
1568133639813
1568133639829
1568133639847
1568133639862
1568133639880
1568133639895
1568133639911
1568133639927
1568133639942
1568133639956
1568133639972
1568133639986
1568133640002
1568133640017
1568133640033
1568133640050
1568133640069
1568133640087
1568133640106
1568133640124
1568133640141
1568133640161
1568133640179
1568133640196
1568133640214
1568133640230
1568133640249
1568133640266
1568133640282
1568133640298
1568133640315
1568133640331
1568133640348
1568133640365
1568133640380
1568133640396
1568133640412
1568133640428
1568133640446
1568133640463
1568133640482
1568133640498
1568133640515
1568133640531
1568133640548
1568133640564
1568133640581
1568133640597
1568133640613
1568133640629
1568133640647
1568133640664
1568133640681
1568133640698
1568133640715
1568133640732
1568133640749
1568133640766
1568133640783
1568133640800
1568133640817
1568133640833
1568133640851
1568133640867
1568133640883
1568133640899
1568133640916
1568133640931
1568133640946
1568133640960
1568133640977
1568133640991
1568133641006
1568133641020
1568133641037
1568133641051
1568133641066
1568133641081
1568133641098
1568133641112
1568133641128
1568133641143
1568133641159
1568133641176
1568133641192
1568133641209
1568133641223
1568133641238
1568133641253
1568133641269
1568133641288
1568133641303
1568133641319
1568133641334
1568133641348
