1568133632176
1568133632194
1568133632211
1568133632226
1568133632242
1568133632257
1568133632273
1568133632288
1568133632301
1568133632318
1568133632334
1568133632350
1568133632367
1568133632385
1568133632402
1568133632419
1568133632434
1568133632451
1568133632466
1568133632483
1568133632499
1568133632514
1568133632530
1568133632546
1568133632563
1568133632579
1568133632595
1568133632609
1568133632623
1568133632639
1568133632655
1568133632671
1568133632687
1568133632703
1568133632717
1568133632732
1568133632748
1568133632766
1568133632780
1568133632795
1568133632812
1568133632828
1568133632844
1568133632861
1568133632879
1568133632898
1568133632914
1568133632933
1568133632950
1568133632966
1568133632980
1568133632996
1568133633011
1568133633027
1568133633043
1568133633059
1568133633074
1568133633092
1568133633109
1568133633125
1568133633143
1568133633160
1568133633176
1568133633193
1568133633209
1568133633225
1568133633241
1568133633256
1568133633273
1568133633289
1568133633305
1568133633321
1568133633337
1568133633354
1568133633369
1568133633385
1568133633402
1568133633418
1568133633434
1568133633451
1568133633467
1568133633483
1568133633498
1568133633513
1568133633530
1568133633546
1568133633562
1568133633578
1568133633595
1568133633611
1568133633626
1568133633643
1568133633659
1568133633675
1568133633691
1568133633707
1568133633724
1568133633741
1568133633757
1568133633774
1568133633790
1568133633806
1568133633822
1568133633840
1568133633856
1568133633872
1568133633888
1568133633906
1568133633921
1568133633937
1568133633953
1568133633969
1568133633984
1568133634000
1568133634017
1568133634033
1568133634050
1568133634067
1568133634082
1568133634098
1568133634114
1568133634131
1568133634147
1568133634164
1568133634182
1568133634197
1568133634212
1568133634229
1568133634246
1568133634263
1568133634280
1568133634295
1568133634310
1568133634328
1568133634344
1568133634362
1568133634378
1568133634394
1568133634408
1568133634422
1568133634436
1568133634451
1568133634466
1568133634481
1568133634495
1568133634511
1568133634527
1568133634542
1568133634558
1568133634575
