1568133628823
1568133628843
1568133628861
1568133628877
1568133628894
1568133628911
1568133628927
1568133628944
1568133628961
1568133628978
1568133628994
1568133629011
1568133629026
1568133629044
1568133629061
1568133629079
1568133629096
1568133629112
1568133629128
1568133629143
1568133629157
1568133629173
1568133629188
1568133629203
1568133629217
1568133629234
1568133629249
1568133629265
1568133629281
1568133629299
1568133629315
1568133629333
1568133629349
1568133629365
1568133629380
1568133629395
1568133629410
1568133629426
1568133629441
1568133629458
1568133629473
1568133629487
1568133629501
1568133629517
1568133629533
1568133629552
1568133629569
1568133629586
1568133629603
1568133629623
1568133629640
1568133629657
1568133629671
1568133629687
1568133629703
1568133629718
1568133629735
1568133629750
1568133629768
1568133629784
1568133629798
1568133629814
1568133629829
1568133629845
1568133629861
1568133629878
1568133629894
1568133629910
1568133629926
1568133629942
1568133629957
1568133629973
1568133629989
1568133630005
1568133630021
1568133630036
1568133630053
1568133630069
1568133630085
1568133630100
1568133630115
1568133630131
1568133630147
1568133630162
1568133630178
1568133630195
1568133630210
1568133630226
1568133630243
1568133630260
1568133630275
1568133630292
1568133630308
1568133630323
1568133630340
1568133630355
1568133630371
1568133630387
1568133630404
1568133630422
1568133630437
1568133630452
1568133630469
1568133630485
1568133630500
1568133630514
1568133630529
1568133630548
1568133630565
1568133630582
1568133630598
1568133630613
1568133630630
1568133630644
1568133630659
1568133630675
1568133630689
1568133630704
1568133630719
1568133630734
1568133630749
1568133630765
1568133630780
1568133630795
1568133630811
1568133630827
1568133630844
1568133630860
1568133630875
1568133630892
1568133630907
1568133630925
1568133630940
1568133630957
1568133630973
1568133630990
1568133631005
1568133631022
1568133631038
1568133631052
1568133631068
1568133631085
1568133631100
1568133631116
1568133631131
1568133631149
1568133631164
1568133631181
1568133631196
1568133631212
