1568133612307
1568133612321
1568133612337
1568133612351
1568133612364
1568133612378
1568133612391
1568133612405
1568133612418
1568133612432
1568133612445
1568133612459
1568133612472
1568133612486
1568133612499
1568133612514
1568133612529
1568133612543
1568133612556
1568133612572
1568133612586
1568133612599
1568133612613
1568133612628
1568133612643
1568133612657
1568133612670
1568133612684
1568133612697
1568133612711
1568133612729
1568133612743
1568133612757
1568133612771
1568133612785
1568133612798
1568133612812
1568133612826
1568133612845
1568133612860
1568133612875
1568133612890
1568133612905
1568133612921
1568133612935
1568133612951
1568133612966
1568133612980
1568133612994
1568133613010
1568133613025
1568133613040
1568133613056
1568133613071
1568133613086
1568133613103
1568133613117
1568133613132
1568133613146
1568133613176
1568133613191
1568133613209
1568133613224
1568133613242
1568133613264
1568133613281
1568133613296
1568133613312
1568133613326
1568133613342
1568133613356
1568133613371
1568133613386
1568133613402
1568133613417
1568133613433
1568133613448
1568133613463
1568133613478
1568133613494
1568133613510
1568133613525
1568133613541
1568133613556
1568133613572
1568133613589
1568133613604
1568133613621
1568133613636
1568133613652
1568133613667
1568133613682
1568133613697
1568133613713
1568133613728
1568133613744
1568133613759
1568133613775
1568133613789
1568133613805
1568133613820
1568133613835
1568133613850
1568133613865
1568133613879
1568133613894
1568133613910
1568133613924
1568133613938
1568133613953
1568133613967
1568133613982
1568133613997
1568133614012
1568133614026
1568133614041
1568133614057
1568133614072
1568133614091
1568133614107
1568133614122
1568133614139
1568133614157
1568133614173
1568133614189
1568133614203
1568133614217
1568133614231
1568133614246
1568133614261
1568133614275
1568133614290
1568133614305
1568133614320
1568133614335
1568133614350
1568133614365
1568133614379
1568133614394
1568133614409
1568133614424
1568133614438
1568133614453
1568133614468
1568133614483
1568133614500
1568133614514
1568133614530
1568133614544
1568133614558
