1568133623836
1568133623851
1568133623867
1568133623883
1568133623898
1568133623914
1568133623928
1568133623945
1568133623960
1568133623976
1568133623991
1568133624006
1568133624022
1568133624038
1568133624053
1568133624069
1568133624084
1568133624099
1568133624112
1568133624126
1568133624140
1568133624156
1568133624170
1568133624184
1568133624198
1568133624216
1568133624233
1568133624252
1568133624268
1568133624285
1568133624301
1568133624316
1568133624334
1568133624348
1568133624362
1568133624380
1568133624395
1568133624413
1568133624426
1568133624441
1568133624456
1568133624472
1568133624487
1568133624503
1568133624518
1568133624537
1568133624552
1568133624569
1568133624584
1568133624599
1568133624617
1568133624635
1568133624650
1568133624665
1568133624681
1568133624697
1568133624711
1568133624727
1568133624742
1568133624757
1568133624774
1568133624789
1568133624803
1568133624819
1568133624833
1568133624849
1568133624865
1568133624880
1568133624896
1568133624911
1568133624926
1568133624941
1568133624956
1568133624972
1568133624988
1568133625004
1568133625021
1568133625036
1568133625051
1568133625068
1568133625084
1568133625100
1568133625116
1568133625132
1568133625147
1568133625164
1568133625178
1568133625196
1568133625212
1568133625227
1568133625242
1568133625258
1568133625273
1568133625289
1568133625306
1568133625323
1568133625338
1568133625355
1568133625370
1568133625384
1568133625400
1568133625415
1568133625429
1568133625445
1568133625461
1568133625477
1568133625492
1568133625508
1568133625525
1568133625542
1568133625557
1568133625573
1568133625588
1568133625604
1568133625618
1568133625634
1568133625649
1568133625666
1568133625680
1568133625695
1568133625710
1568133625727
1568133625743
1568133625759
1568133625774
1568133625788
1568133625802
1568133625817
1568133625832
1568133625848
1568133625862
1568133625876
1568133625891
1568133625908
1568133625925
1568133625941
1568133625955
1568133625970
1568133625986
1568133626001
1568133626017
1568133626033
1568133626051
1568133626067
1568133626083
1568133626099
1568133626114
1568133626130
1568133626144
1568133626159
