1568910641323
1568910641336
1568910641350
1568910641365
1568910641379
1568910641392
1568910641404
1568910641416
1568910641429
1568910641442
1568910641454
1568910641466
1568910641479
1568910641493
1568910641506
1568910641519
1568910641531
1568910641542
1568910641554
1568910641567
1568910641579
1568910641593
1568910641606
1568910641619
1568910641631
1568910641644
1568910641655
1568910641668
1568910641682
1568910641697
1568910641710
1568910641723
1568910641735
1568910641747
1568910641760
1568910641773
1568910641785
1568910641796
1568910641809
1568910641821
1568910641833
1568910641847
1568910641861
1568910641873
1568910641885
1568910641898
1568910641911
1568910641922
1568910641934
1568910641947
1568910641959
1568910641972
1568910641984
1568910641998
1568910642010
1568910642021
1568910642032
1568910642045
1568910642058
1568910642070
1568910642083
1568910642096
1568910642109
1568910642122
1568910642135
1568910642148
1568910642162
1568910642175
1568910642187
1568910642199
1568910642210
1568910642222
1568910642235
1568910642248
1568910642261
1568910642273
1568910642283
1568910642296
1568910642309
1568910642321
1568910642333
1568910642345
1568910642359
1568910642380
1568910642393
1568910642406
1568910642422
1568910642435
1568910642447
1568910642460
1568910642473
1568910642485
1568910642498
1568910642511
1568910642525
1568910642538
1568910642553
1568910642566
1568910642579
1568910642591
1568910642604
1568910642618
1568910642633
1568910642647
1568910642661
1568910642674
1568910642687
1568910642700
1568910642714
1568910642729
1568910642745
1568910642759
1568910642774
1568910642788
1568910642802
1568910642816
1568910642829
1568910642841
1568910642854
1568910642868
1568910642881
1568910642895
1568910642909
1568910642922
1568910642935
1568910642949
1568910642964
1568910642977
1568910642991
1568910643003
1568910643015
1568910643027
1568910643039
1568910643054
1568910643068
1568910643083
1568910643097
1568910643113
1568910643126
1568910643140
1568910643154
1568910643167
1568910643180
1568910643192
1568910643206
1568910643220
1568910643234
1568910643248
1568910643261
1568910643274
