1568910629913
1568910629927
1568910629942
1568910629954
1568910629967
1568910629980
1568910629993
1568910630006
1568910630018
1568910630031
1568910630043
1568910630057
1568910630070
1568910630083
1568910630096
1568910630108
1568910630119
1568910630131
1568910630142
1568910630154
1568910630166
1568910630178
1568910630190
1568910630202
1568910630214
1568910630228
1568910630241
1568910630254
1568910630266
1568910630277
1568910630289
1568910630301
1568910630313
1568910630326
1568910630339
1568910630353
1568910630366
1568910630380
1568910630392
1568910630405
1568910630417
1568910630430
1568910630441
1568910630454
1568910630467
1568910630479
1568910630491
1568910630504
1568910630517
1568910630530
1568910630541
1568910630553
1568910630565
1568910630577
1568910630589
1568910630602
1568910630612
1568910630625
1568910630638
1568910630650
1568910630663
1568910630675
1568910630687
1568910630699
1568910630710
1568910630723
1568910630735
1568910630748
1568910630761
1568910630773
1568910630787
1568910630800
1568910630814
1568910630829
1568910630841
1568910630854
1568910630867
1568910630880
1568910630893
1568910630906
1568910630918
1568910630931
1568910630944
1568910630958
1568910630971
1568910630985
1568910630998
1568910631012
1568910631026
1568910631039
1568910631053
1568910631065
1568910631078
1568910631092
1568910631105
1568910631118
1568910631131
1568910631145
1568910631158
1568910631172
1568910631184
1568910631197
1568910631210
1568910631223
1568910631237
1568910631250
1568910631263
1568910631277
1568910631290
1568910631304
1568910631316
1568910631331
1568910631345
1568910631359
1568910631373
1568910631386
1568910631400
1568910631414
1568910631427
1568910631440
1568910631455
1568910631469
1568910631482
1568910631496
1568910631511
1568910631525
1568910631538
1568910631551
1568910631563
1568910631575
1568910631587
1568910631601
1568910631616
1568910631631
1568910631644
1568910631657
1568910631669
1568910631681
1568910631694
1568910631706
1568910631719
1568910631732
1568910631745
1568910631757
1568910631770
1568910631783
1568910631796
1568910631808
1568910631821
1568910631835
