1568910638070
1568910638085
1568910638102
1568910638115
1568910638128
1568910638141
1568910638154
1568910638165
1568910638177
1568910638188
1568910638200
1568910638213
1568910638226
1568910638239
1568910638252
1568910638265
1568910638278
1568910638291
1568910638303
1568910638317
1568910638330
1568910638345
1568910638358
1568910638372
1568910638385
1568910638399
1568910638414
1568910638427
1568910638440
1568910638452
1568910638464
1568910638476
1568910638487
1568910638502
1568910638515
1568910638527
1568910638539
1568910638551
1568910638564
1568910638576
1568910638589
1568910638602
1568910638615
1568910638627
1568910638638
1568910638650
1568910638662
1568910638675
1568910638688
1568910638700
1568910638711
1568910638723
1568910638735
1568910638747
1568910638760
1568910638771
1568910638783
1568910638799
1568910638813
1568910638826
1568910638838
1568910638851
1568910638862
1568910638875
1568910638887
1568910638899
1568910638911
1568910638924
1568910638935
1568910638947
1568910638960
1568910638973
1568910638986
1568910638998
1568910639012
1568910639024
1568910639037
1568910639050
1568910639063
1568910639076
1568910639088
1568910639102
1568910639115
1568910639128
1568910639141
1568910639154
1568910639168
1568910639181
1568910639194
1568910639207
1568910639221
1568910639234
1568910639248
1568910639262
1568910639275
1568910639289
1568910639301
1568910639316
1568910639330
1568910639343
1568910639357
1568910639371
1568910639385
1568910639398
1568910639411
1568910639425
1568910639437
1568910639451
1568910639464
1568910639479
1568910639493
1568910639506
1568910639518
1568910639532
1568910639546
1568910639561
1568910639575
1568910639589
1568910639602
1568910639616
1568910639630
1568910639644
1568910639657
1568910639671
1568910639683
1568910639696
1568910639709
1568910639721
1568910639734
1568910639747
1568910639760
1568910639772
1568910639785
1568910639798
1568910639812
1568910639824
1568910639836
1568910639849
1568910639865
1568910639880
1568910639893
1568910639906
1568910639917
1568910639929
1568910639940
1568910639954
1568910639968
1568910639980
1568910639992
1568910640007
