1568910606980
1568910606993
1568910607006
1568910607018
1568910607030
1568910607041
1568910607053
1568910607064
1568910607076
1568910607088
1568910607100
1568910607111
1568910607123
1568910607135
1568910607147
1568910607159
1568910607171
1568910607183
1568910607195
1568910607206
1568910607218
1568910607229
1568910607240
1568910607252
1568910607264
1568910607278
1568910607289
1568910607302
1568910607314
1568910607327
1568910607340
1568910607353
1568910607365
1568910607377
1568910607388
1568910607400
1568910607413
1568910607426
1568910607438
1568910607451
1568910607462
1568910607474
1568910607487
1568910607499
1568910607511
1568910607523
1568910607533
1568910607545
1568910607558
1568910607571
1568910607584
1568910607596
1568910607607
1568910607618
1568910607632
1568910607644
1568910607656
1568910607669
1568910607681
1568910607691
1568910607703
1568910607716
1568910607728
1568910607740
1568910607751
1568910607763
1568910607775
1568910607787
1568910607799
1568910607811
1568910607823
1568910607835
1568910607847
1568910607860
1568910607873
1568910607886
1568910607898
1568910607910
1568910607921
1568910607933
1568910607946
1568910607959
1568910607972
1568910607984
1568910607997
1568910608011
1568910608023
1568910608036
1568910608049
1568910608062
1568910608074
1568910608087
1568910608100
1568910608112
1568910608124
1568910608137
1568910608151
1568910608165
1568910608177
1568910608190
1568910608203
1568910608216
1568910608229
1568910608242
1568910608254
1568910608267
1568910608280
1568910608293
1568910608306
1568910608319
1568910608332
1568910608346
1568910608359
1568910608372
1568910608385
1568910608398
1568910608411
1568910608424
1568910608438
1568910608451
1568910608465
1568910608480
1568910608493
1568910608506
1568910608520
1568910608533
1568910608546
1568910608559
1568910608571
1568910608583
1568910608595
1568910608607
1568910608619
1568910608632
1568910608644
1568910608656
1568910608668
1568910608681
1568910608693
1568910608704
1568910608716
1568910608728
1568910608741
1568910608754
1568910608767
1568910608780
1568910608793
1568910608805
1568910608818
1568910608829
