1568910624894
1568910624908
1568910624922
1568910624936
1568910624948
1568910624961
1568910624974
1568910624986
1568910624998
1568910625009
1568910625021
1568910625032
1568910625044
1568910625057
1568910625069
1568910625082
1568910625094
1568910625106
1568910625117
1568910625129
1568910625141
1568910625153
1568910625165
1568910625177
1568910625190
1568910625203
1568910625216
1568910625229
1568910625241
1568910625254
1568910625265
1568910625276
1568910625288
1568910625301
1568910625313
1568910625326
1568910625339
1568910625351
1568910625363
1568910625375
1568910625387
1568910625398
1568910625411
1568910625421
1568910625434
1568910625447
1568910625459
1568910625471
1568910625484
1568910625496
1568910625508
1568910625519
1568910625532
1568910625544
1568910625556
1568910625567
1568910625578
1568910625590
1568910625602
1568910625613
1568910625625
1568910625637
1568910625649
1568910625661
1568910625673
1568910625684
1568910625696
1568910625708
1568910625720
1568910625731
1568910625742
1568910625754
1568910625767
1568910625780
1568910625791
1568910625802
1568910625814
1568910625826
1568910625838
1568910625849
1568910625861
1568910625874
1568910625886
1568910625898
1568910625911
1568910625924
1568910625936
1568910625949
1568910625964
1568910625977
1568910625990
1568910626003
1568910626016
1568910626029
1568910626043
1568910626056
1568910626069
1568910626084
1568910626098
1568910626110
1568910626123
1568910626136
1568910626148
1568910626161
1568910626174
1568910626187
1568910626199
1568910626212
1568910626224
1568910626237
1568910626250
1568910626263
1568910626277
1568910626291
1568910626303
1568910626316
1568910626329
1568910626342
1568910626354
1568910626367
1568910626381
1568910626395
1568910626408
1568910626422
1568910626435
1568910626448
1568910626460
1568910626474
1568910626487
1568910626501
1568910626514
1568910626528
1568910626542
1568910626556
1568910626568
1568910626581
1568910626592
1568910626606
1568910626620
1568910626632
1568910626644
1568910626656
1568910626669
1568910626683
1568910626697
1568910626713
1568910626726
1568910626741
1568910626754
1568910626768
