1568910621558
1568910621570
1568910621584
1568910621596
1568910621608
1568910621620
1568910621632
1568910621645
1568910621657
1568910621668
1568910621679
1568910621691
1568910621705
1568910621719
1568910621731
1568910621744
1568910621755
1568910621767
1568910621780
1568910621792
1568910621804
1568910621815
1568910621828
1568910621841
1568910621853
1568910621866
1568910621879
1568910621892
1568910621903
1568910621914
1568910621926
1568910621938
1568910621949
1568910621960
1568910621972
1568910621985
1568910621998
1568910622012
1568910622024
1568910622037
1568910622049
1568910622060
1568910622072
1568910622084
1568910622096
1568910622109
1568910622120
1568910622133
1568910622144
1568910622157
1568910622169
1568910622182
1568910622194
1568910622206
1568910622217
1568910622229
1568910622241
1568910622253
1568910622264
1568910622276
1568910622289
1568910622302
1568910622314
1568910622326
1568910622339
1568910622352
1568910622362
1568910622374
1568910622386
1568910622398
1568910622410
1568910622421
1568910622433
1568910622447
1568910622460
1568910622473
1568910622485
1568910622498
1568910622511
1568910622524
1568910622536
1568910622549
1568910622562
1568910622574
1568910622587
1568910622601
1568910622613
1568910622626
1568910622638
1568910622650
1568910622663
1568910622676
1568910622688
1568910622701
1568910622714
1568910622727
1568910622740
1568910622754
1568910622767
1568910622780
1568910622793
1568910622807
1568910622819
1568910622832
1568910622845
1568910622858
1568910622870
1568910622882
1568910622895
1568910622909
1568910622922
1568910622934
1568910622947
1568910622959
1568910622972
1568910622985
1568910622998
1568910623011
1568910623023
1568910623036
1568910623050
1568910623064
1568910623077
1568910623091
1568910623104
1568910623117
1568910623131
1568910623144
1568910623157
1568910623170
1568910623183
1568910623197
1568910623210
1568910623223
1568910623236
1568910623249
1568910623261
1568910623272
1568910623284
1568910623296
1568910623309
1568910623322
1568910623333
1568910623345
1568910623357
1568910623369
1568910623383
1568910623397
1568910623410
1568910623423
