1568910623212
1568910623226
1568910623241
1568910623254
1568910623266
1568910623278
1568910623290
1568910623303
1568910623316
1568910623328
1568910623339
1568910623351
1568910623362
1568910623376
1568910623391
1568910623405
1568910623418
1568910623431
1568910623445
1568910623458
1568910623471
1568910623483
1568910623496
1568910623507
1568910623519
1568910623533
1568910623545
1568910623558
1568910623570
1568910623583
1568910623595
1568910623609
1568910623621
1568910623634
1568910623645
1568910623657
1568910623670
1568910623684
1568910623698
1568910623710
1568910623723
1568910623736
1568910623749
1568910623762
1568910623774
1568910623786
1568910623799
1568910623810
1568910623823
1568910623836
1568910623849
1568910623863
1568910623875
1568910623888
1568910623901
1568910623915
1568910623927
1568910623940
1568910623953
1568910623966
1568910623979
1568910623993
1568910624006
1568910624019
1568910624031
1568910624044
1568910624057
1568910624072
1568910624090
1568910624104
1568910624117
1568910624134
1568910624152
1568910624172
1568910624189
1568910624207
1568910624223
1568910624240
1568910624256
1568910624270
1568910624284
1568910624297
1568910624310
1568910624322
1568910624335
1568910624350
1568910624363
1568910624377
1568910624391
1568910624405
1568910624418
1568910624432
1568910624445
1568910624459
1568910624472
1568910624485
1568910624500
1568910624514
1568910624526
1568910624539
1568910624552
1568910624565
1568910624578
1568910624592
1568910624605
1568910624618
1568910624631
1568910624644
1568910624658
1568910624672
1568910624684
1568910624697
1568910624710
1568910624725
1568910624738
1568910624752
1568910624764
1568910624776
1568910624789
1568910624801
1568910624815
1568910624829
1568910624842
1568910624855
1568910624868
1568910624881
1568910624894
1568910624906
1568910624918
1568910624931
1568910624944
1568910624956
1568910624970
1568910624983
1568910624996
1568910625008
1568910625019
1568910625031
1568910625043
1568910625055
1568910625067
1568910625079
1568910625091
1568910625104
1568910625116
1568910625130
1568910625142
1568910625154
1568910625166
1568910625178
