1568910608575
1568910608587
1568910608601
1568910608612
1568910608624
1568910608636
1568910608647
1568910608659
1568910608670
1568910608682
1568910608693
1568910608705
1568910608717
1568910608729
1568910608741
1568910608753
1568910608765
1568910608776
1568910608788
1568910608800
1568910608811
1568910608823
1568910608834
1568910608847
1568910608860
1568910608873
1568910608885
1568910608897
1568910608910
1568910608921
1568910608933
1568910608945
1568910608958
1568910608970
1568910608981
1568910608993
1568910609005
1568910609018
1568910609030
1568910609043
1568910609054
1568910609066
1568910609077
1568910609090
1568910609101
1568910609112
1568910609124
1568910609136
1568910609148
1568910609159
1568910609171
1568910609183
1568910609196
1568910609208
1568910609219
1568910609231
1568910609243
1568910609255
1568910609267
1568910609280
1568910609293
1568910609306
1568910609318
1568910609330
1568910609342
1568910609355
1568910609367
1568910609379
1568910609392
1568910609404
1568910609417
1568910609429
1568910609441
1568910609454
1568910609466
1568910609479
1568910609492
1568910609504
1568910609517
1568910609529
1568910609540
1568910609553
1568910609567
1568910609579
1568910609592
1568910609605
1568910609618
1568910609633
1568910609646
1568910609659
1568910609671
1568910609683
1568910609696
1568910609710
1568910609723
1568910609737
1568910609750
1568910609764
1568910609777
1568910609790
1568910609802
1568910609815
1568910609828
1568910609841
1568910609854
1568910609867
1568910609880
1568910609892
1568910609905
1568910609919
1568910609933
1568910609946
1568910609959
1568910609973
1568910609985
1568910609999
1568910610011
1568910610025
1568910610038
1568910610051
1568910610064
1568910610078
1568910610091
1568910610104
1568910610116
1568910610130
1568910610143
1568910610156
1568910610167
1568910610179
1568910610191
1568910610203
1568910610215
1568910610227
1568910610240
1568910610253
1568910610266
1568910610279
1568910610291
1568910610304
1568910610316
1568910610328
1568910610339
1568910610352
1568910610364
1568910610377
1568910610388
1568910610401
1568910610412
1568910610425
