1568910658026
1568910658040
1568910658056
1568910658069
1568910658082
1568910658095
1568910658108
1568910658122
1568910658135
1568910658148
1568910658160
1568910658171
1568910658184
1568910658196
1568910658208
1568910658220
1568910658232
1568910658244
1568910658256
1568910658269
1568910658282
1568910658295
1568910658309
1568910658321
1568910658334
1568910658348
1568910658362
1568910658375
1568910658387
1568910658399
1568910658412
1568910658424
1568910658438
1568910658451
1568910658464
1568910658476
1568910658487
1568910658500
1568910658512
1568910658526
1568910658538
1568910658551
1568910658563
1568910658575
1568910658589
1568910658602
1568910658615
1568910658628
1568910658639
1568910658651
1568910658663
1568910658675
1568910658687
1568910658698
1568910658711
1568910658727
1568910658741
1568910658754
1568910658766
1568910658780
1568910658793
1568910658806
1568910658818
1568910658831
1568910658843
1568910658854
1568910658868
1568910658881
1568910658894
1568910658906
1568910658918
1568910658930
1568910658941
1568910658954
1568910658966
1568910658979
1568910658992
1568910659006
1568910659018
1568910659031
1568910659044
1568910659058
1568910659070
1568910659083
1568910659097
1568910659110
1568910659123
1568910659135
1568910659148
1568910659161
1568910659175
1568910659188
1568910659202
1568910659216
1568910659230
1568910659244
1568910659257
1568910659270
1568910659284
1568910659297
1568910659309
1568910659322
1568910659334
1568910659347
1568910659360
1568910659373
1568910659387
1568910659400
1568910659413
1568910659427
1568910659440
1568910659453
1568910659466
1568910659480
1568910659493
1568910659506
1568910659518
1568910659531
1568910659544
1568910659557
1568910659572
1568910659587
1568910659602
1568910659615
1568910659628
1568910659642
1568910659656
1568910659668
1568910659680
1568910659693
1568910659706
1568910659719
1568910659732
1568910659745
1568910659758
1568910659771
1568910659782
1568910659796
1568910659810
1568910659823
1568910659835
1568910659847
1568910659861
1568910659873
1568910659885
1568910659897
1568910659909
1568910659920
1568910659932
1568910659945
