1568219610852
1568219610865
1568219610879
1568219610891
1568219610903
1568219610915
1568219610927
1568219610940
1568219610952
1568219610964
1568219610976
1568219610988
1568219611000
1568219611013
1568219611025
1568219611038
1568219611050
1568219611062
1568219611074
1568219611086
1568219611098
1568219611110
1568219611123
1568219611135
1568219611147
1568219611160
1568219611173
1568219611186
1568219611199
1568219611212
1568219611225
1568219611237
1568219611251
1568219611263
1568219611277
1568219611290
1568219611302
1568219611316
1568219611331
1568219611345
1568219611358
1568219611371
1568219611385
1568219611399
1568219611412
1568219611426
1568219611438
1568219611453
1568219611465
1568219611479
1568219611493
1568219611506
1568219611519
1568219611533
1568219611546
1568219611559
1568219611573
1568219611586
1568219611599
1568219611611
1568219611624
1568219611637
1568219611651
1568219611664
1568219611676
1568219611689
1568219611702
1568219611715
1568219611728
1568219611741
1568219611754
1568219611767
1568219611780
1568219611794
1568219611807
1568219611821
1568219611834
1568219611850
1568219611864
1568219611877
1568219611891
1568219611905
1568219611919
1568219611932
1568219611945
1568219611959
1568219611973
1568219611987
1568219612001
1568219612016
1568219612030
1568219612045
1568219612060
1568219612076
1568219612090
1568219612105
1568219612119
1568219612136
1568219612152
1568219612166
1568219612179
1568219612194
1568219612207
1568219612221
1568219612235
1568219612249
1568219612262
1568219612276
1568219612290
1568219612306
1568219612320
1568219612334
1568219612347
1568219612361
1568219612374
1568219612388
1568219612400
1568219612412
1568219612424
1568219612436
1568219612449
1568219612462
1568219612475
1568219612488
1568219612500
1568219612513
1568219612525
1568219612537
1568219612549
1568219612562
1568219612574
1568219612587
1568219612599
1568219612613
1568219612625
1568219612638
1568219612651
1568219612663
1568219612676
1568219612689
1568219612701
1568219612713
1568219612726
1568219612739
1568219612752
1568219612766
1568219612779
1568219612792
1568219612805
1568219612818
