1568219607708
1568219607720
1568219607734
1568219607746
1568219607759
1568219607771
1568219607783
1568219607795
1568219607807
1568219607820
1568219607832
1568219607844
1568219607856
1568219607869
1568219607881
1568219607894
1568219607906
1568219607918
1568219607931
1568219607943
1568219607954
1568219607966
1568219607978
1568219607990
1568219608002
1568219608015
1568219608027
1568219608040
1568219608052
1568219608064
1568219608077
1568219608089
1568219608102
1568219608114
1568219608125
1568219608138
1568219608150
1568219608163
1568219608176
1568219608189
1568219608203
1568219608215
1568219608228
1568219608241
1568219608254
1568219608267
1568219608280
1568219608293
1568219608306
1568219608320
1568219608332
1568219608346
1568219608359
1568219608372
1568219608384
1568219608397
1568219608409
1568219608421
1568219608434
1568219608447
1568219608460
1568219608473
1568219608486
1568219608499
1568219608512
1568219608525
1568219608537
1568219608550
1568219608563
1568219608575
1568219608588
1568219608602
1568219608614
1568219608628
1568219608641
1568219608655
1568219608668
1568219608683
1568219608698
1568219608711
1568219608724
1568219608738
1568219608751
1568219608765
1568219608778
1568219608793
1568219608806
1568219608820
1568219608834
1568219608848
1568219608862
1568219608876
1568219608889
1568219608902
1568219608915
1568219608929
1568219608943
1568219608958
1568219608971
1568219608985
1568219608998
1568219609012
1568219609026
1568219609040
1568219609052
1568219609065
1568219609079
1568219609093
1568219609106
1568219609121
1568219609134
1568219609148
1568219609162
1568219609176
1568219609189
1568219609204
1568219609217
1568219609230
1568219609245
1568219609258
1568219609271
1568219609286
1568219609299
1568219609312
1568219609325
1568219609338
1568219609351
1568219609364
1568219609376
1568219609389
1568219609403
1568219609415
1568219609429
1568219609442
1568219609455
1568219609469
1568219609481
1568219609494
1568219609507
1568219609519
1568219609532
1568219609544
1568219609556
1568219609568
1568219609580
1568219609592
1568219609604
1568219609617
1568219609629
1568219609642
