1568219625179
1568219625192
1568219625206
1568219625218
1568219625230
1568219625242
1568219625254
1568219625266
1568219625278
1568219625291
1568219625303
1568219625315
1568219625328
1568219625341
1568219625353
1568219625365
1568219625377
1568219625390
1568219625402
1568219625415
1568219625427
1568219625439
1568219625452
1568219625464
1568219625477
1568219625490
1568219625503
1568219625516
1568219625528
1568219625541
1568219625554
1568219625566
1568219625580
1568219625593
1568219625611
1568219625623
1568219625636
1568219625650
1568219625664
1568219625678
1568219625693
1568219625707
1568219625724
1568219625739
1568219625756
1568219625776
1568219625796
1568219625815
1568219625829
1568219625843
1568219625862
1568219625885
1568219625899
1568219625913
1568219625926
1568219625941
1568219625954
1568219625979
1568219625992
1568219626006
1568219626023
1568219626038
1568219626052
1568219626065
1568219626078
1568219626092
1568219626104
1568219626117
1568219626130
1568219626143
1568219626156
1568219626171
1568219626184
1568219626200
1568219626213
1568219626227
1568219626240
1568219626253
1568219626266
1568219626279
1568219626292
1568219626306
1568219626319
1568219626332
1568219626345
1568219626360
1568219626375
1568219626389
1568219626401
1568219626415
1568219626428
1568219626441
1568219626453
1568219626466
1568219626479
1568219626493
1568219626506
1568219626521
1568219626533
1568219626546
1568219626559
1568219626572
1568219626585
1568219626598
1568219626611
1568219626625
1568219626637
1568219626650
1568219626664
1568219626678
1568219626691
1568219626704
1568219626716
1568219626729
1568219626742
1568219626756
1568219626769
1568219626782
1568219626795
1568219626808
1568219626821
1568219626834
1568219626846
1568219626858
1568219626870
1568219626882
1568219626893
1568219626905
1568219626917
1568219626928
1568219626940
1568219626953
1568219626965
1568219626978
1568219626990
1568219627003
1568219627014
1568219627027
1568219627038
1568219627051
1568219627063
1568219627075
1568219627087
1568219627100
1568219627112
1568219627126
1568219627139
1568219627151
1568219627164
1568219627177
