1568219650585
1568219650597
1568219650610
1568219650622
1568219650634
1568219650646
1568219650658
1568219650670
1568219650682
1568219650694
1568219650706
1568219650718
1568219650730
1568219650743
1568219650755
1568219650767
1568219650779
1568219650792
1568219650804
1568219650816
1568219650828
1568219650840
1568219650852
1568219650864
1568219650876
1568219650888
1568219650900
1568219650913
1568219650925
1568219650938
1568219650950
1568219650963
1568219650975
1568219650987
1568219650999
1568219651012
1568219651025
1568219651037
1568219651050
1568219651063
1568219651075
1568219651088
1568219651100
1568219651112
1568219651124
1568219651137
1568219651150
1568219651162
1568219651175
1568219651189
1568219651201
1568219651214
1568219651227
1568219651239
1568219651252
1568219651265
1568219651277
1568219651289
1568219651301
1568219651313
1568219651326
1568219651340
1568219651353
1568219651366
1568219651379
1568219651392
1568219651404
1568219651416
1568219651429
1568219651441
1568219651455
1568219651468
1568219651480
1568219651493
1568219651505
1568219651519
1568219651533
1568219651545
1568219651559
1568219651572
1568219651583
1568219651597
1568219651610
1568219651623
1568219651636
1568219651651
1568219651664
1568219651677
1568219651690
1568219651703
1568219651715
1568219651729
1568219651742
1568219651755
1568219651769
1568219651782
1568219651795
1568219651810
1568219651822
1568219651836
1568219651850
1568219651863
1568219651876
1568219651890
1568219651903
1568219651916
1568219651929
1568219651943
1568219651956
1568219651970
1568219651984
1568219651998
1568219652012
1568219652025
1568219652038
1568219652052
1568219652065
1568219652078
1568219652091
1568219652104
1568219652117
1568219652132
1568219652146
1568219652158
1568219652170
1568219652182
1568219652194
1568219652206
1568219652218
1568219652230
1568219652242
1568219652254
1568219652266
1568219652279
1568219652292
1568219652304
1568219652316
1568219652328
1568219652340
1568219652353
1568219652365
1568219652377
1568219652389
1568219652402
1568219652415
1568219652428
1568219652440
1568219652453
1568219652465
1568219652477
