1568219626823
1568219626835
1568219626849
1568219626861
1568219626872
1568219626884
1568219626896
1568219626907
1568219626919
1568219626931
1568219626943
1568219626956
1568219626968
1568219626981
1568219626993
1568219627006
1568219627018
1568219627031
1568219627043
1568219627055
1568219627068
1568219627081
1568219627093
1568219627106
1568219627118
1568219627133
1568219627145
1568219627158
1568219627171
1568219627184
1568219627196
1568219627209
1568219627221
1568219627233
1568219627246
1568219627258
1568219627270
1568219627283
1568219627295
1568219627309
1568219627321
1568219627334
1568219627346
1568219627358
1568219627371
1568219627383
1568219627394
1568219627407
1568219627419
1568219627432
1568219627445
1568219627458
1568219627470
1568219627482
1568219627495
1568219627506
1568219627519
1568219627531
1568219627544
1568219627557
1568219627569
1568219627583
1568219627596
1568219627610
1568219627622
1568219627635
1568219627647
1568219627660
1568219627671
1568219627683
1568219627696
1568219627708
1568219627721
1568219627734
1568219627747
1568219627760
1568219627773
1568219627786
1568219627801
1568219627815
1568219627830
1568219627844
1568219627858
1568219627872
1568219627885
1568219627899
1568219627913
1568219627927
1568219627940
1568219627954
1568219627968
1568219627982
1568219627997
1568219628011
1568219628024
1568219628038
1568219628051
1568219628066
1568219628080
1568219628094
1568219628108
1568219628122
1568219628135
1568219628149
1568219628163
1568219628176
1568219628190
1568219628203
1568219628216
1568219628231
1568219628245
1568219628259
1568219628273
1568219628287
1568219628300
1568219628314
1568219628327
1568219628341
1568219628354
1568219628368
1568219628381
1568219628395
1568219628409
1568219628422
1568219628435
1568219628448
1568219628459
1568219628471
1568219628483
1568219628495
1568219628506
1568219628518
1568219628530
1568219628543
1568219628555
1568219628568
1568219628580
1568219628591
1568219628604
1568219628616
1568219628628
1568219628640
1568219628652
1568219628663
1568219628676
1568219628689
1568219628702
1568219628714
1568219628726
1568219628739
