1568219609303
1568219609316
1568219609329
1568219609341
1568219609353
1568219609365
1568219609377
1568219609389
1568219609401
1568219609413
1568219609425
1568219609437
1568219609449
1568219609462
1568219609474
1568219609487
1568219609500
1568219609512
1568219609524
1568219609537
1568219609549
1568219609562
1568219609573
1568219609585
1568219609597
1568219609610
1568219609622
1568219609635
1568219609648
1568219609662
1568219609674
1568219609687
1568219609699
1568219609713
1568219609725
1568219609737
1568219609750
1568219609763
1568219609776
1568219609789
1568219609802
1568219609815
1568219609828
1568219609842
1568219609854
1568219609868
1568219609880
1568219609893
1568219609906
1568219609919
1568219609932
1568219609945
1568219609958
1568219609971
1568219609984
1568219609996
1568219610009
1568219610022
1568219610034
1568219610048
1568219610061
1568219610075
1568219610088
1568219610102
1568219610115
1568219610128
1568219610141
1568219610155
1568219610168
1568219610181
1568219610194
1568219610206
1568219610219
1568219610233
1568219610247
1568219610260
1568219610274
1568219610288
1568219610302
1568219610316
1568219610329
1568219610342
1568219610355
1568219610368
1568219610382
1568219610395
1568219610408
1568219610421
1568219610434
1568219610448
1568219610461
1568219610475
1568219610488
1568219610502
1568219610515
1568219610529
1568219610542
1568219610557
1568219610570
1568219610584
1568219610597
1568219610612
1568219610625
1568219610639
1568219610652
1568219610666
1568219610680
1568219610694
1568219610707
1568219610722
1568219610736
1568219610750
1568219610763
1568219610777
1568219610791
1568219610805
1568219610819
1568219610834
1568219610846
1568219610859
1568219610871
1568219610884
1568219610897
1568219610910
1568219610922
1568219610935
1568219610947
1568219610959
1568219610972
1568219610984
1568219610997
1568219611009
1568219611021
1568219611035
1568219611047
1568219611061
1568219611073
1568219611085
1568219611097
1568219611110
1568219611121
1568219611135
1568219611147
1568219611161
1568219611173
1568219611186
1568219611199
1568219611212
1568219611225
1568219611238
