1568219636323
1568219636335
1568219636349
1568219636360
1568219636372
1568219636384
1568219636396
1568219636409
1568219636420
1568219636432
1568219636444
1568219636456
1568219636468
1568219636480
1568219636492
1568219636504
1568219636516
1568219636528
1568219636540
1568219636552
1568219636564
1568219636576
1568219636588
1568219636600
1568219636612
1568219636625
1568219636637
1568219636649
1568219636661
1568219636673
1568219636686
1568219636698
1568219636710
1568219636722
1568219636734
1568219636747
1568219636759
1568219636773
1568219636785
1568219636798
1568219636809
1568219636821
1568219636833
1568219636846
1568219636858
1568219636871
1568219636883
1568219636896
1568219636907
1568219636920
1568219636933
1568219636945
1568219636957
1568219636970
1568219636982
1568219636994
1568219637006
1568219637018
1568219637030
1568219637042
1568219637055
1568219637068
1568219637079
1568219637092
1568219637104
1568219637117
1568219637129
1568219637142
1568219637154
1568219637166
1568219637178
1568219637190
1568219637203
1568219637216
1568219637228
1568219637241
1568219637253
1568219637266
1568219637277
1568219637289
1568219637302
1568219637316
1568219637329
1568219637343
1568219637355
1568219637369
1568219637382
1568219637396
1568219637409
1568219637423
1568219637435
1568219637448
1568219637462
1568219637474
1568219637486
1568219637499
1568219637512
1568219637526
1568219637539
1568219637553
1568219637566
1568219637579
1568219637592
1568219637606
1568219637619
1568219637633
1568219637646
1568219637659
1568219637672
1568219637686
1568219637700
1568219637714
1568219637728
1568219637741
1568219637755
1568219637769
1568219637782
1568219637795
1568219637808
1568219637822
1568219637836
1568219637850
1568219637864
1568219637878
1568219637891
1568219637904
1568219637917
1568219637930
1568219637942
1568219637954
1568219637966
1568219637979
1568219637992
1568219638005
1568219638017
1568219638030
1568219638043
1568219638055
1568219638068
1568219638081
1568219638094
1568219638107
1568219638120
1568219638133
1568219638146
1568219638160
1568219638172
1568219638185
1568219638197
1568219638210
