1567790431744
1567790431755
1567790431768
1567790431779
1567790431790
1567790431801
1567790431813
1567790431824
1567790431835
1567790431846
1567790431857
1567790431869
1567790431880
1567790431892
1567790431904
1567790431916
1567790431927
1567790431938
1567790431950
1567790431961
1567790431971
1567790431983
1567790431995
1567790432005
1567790432017
1567790432030
1567790432043
1567790432055
1567790432065
1567790432077
1567790432088
1567790432100
1567790432111
1567790432123
1567790432134
1567790432146
1567790432157
1567790432169
1567790432182
1567790432194
1567790432206
1567790432217
1567790432229
1567790432241
1567790432253
1567790432264
1567790432275
1567790432288
1567790432301
1567790432313
1567790432325
1567790432337
1567790432348
1567790432359
1567790432371
1567790432383
1567790432393
1567790432405
1567790432417
1567790432430
1567790432442
1567790432453
1567790432465
1567790432478
1567790432490
1567790432502
1567790432512
1567790432524
1567790432535
1567790432546
1567790432556
1567790432568
1567790432579
1567790432590
1567790432602
1567790432614
1567790432624
1567790432636
1567790432647
1567790432658
1567790432669
1567790432680
1567790432693
1567790432703
1567790432716
1567790432729
1567790432741
1567790432753
1567790432765
1567790432778
1567790432789
1567790432801
1567790432812
1567790432825
1567790432836
1567790432848
1567790432860
1567790432873
1567790432885
1567790432897
1567790432909
1567790432920
1567790432932
1567790432945
1567790432956
1567790432969
1567790432981
1567790432992
1567790433004
1567790433017
1567790433030
1567790433043
1567790433055
1567790433068
1567790433080
1567790433092
1567790433103
1567790433116
1567790433129
1567790433141
1567790433154
1567790433166
1567790433179
1567790433192
1567790433204
1567790433216
1567790433228
1567790433240
1567790433252
1567790433265
1567790433277
1567790433288
1567790433300
1567790433313
1567790433326
1567790433338
1567790433350
1567790433362
1567790433373
1567790433384
1567790433395
1567790433406
1567790433416
1567790433428
1567790433439
1567790433450
1567790433461
1567790433472
1567790433483
1567790433494
