1567790456350
1567790456360
1567790456373
1567790456385
1567790456395
1567790456407
1567790456418
1567790456428
1567790456438
1567790456448
1567790456458
1567790456469
1567790456480
1567790456491
1567790456502
1567790456512
1567790456523
1567790456534
1567790456545
1567790456556
1567790456567
1567790456577
1567790456588
1567790456597
1567790456609
1567790456621
1567790456632
1567790456643
1567790456654
1567790456664
1567790456675
1567790456686
1567790456696
1567790456707
1567790456718
1567790456728
1567790456739
1567790456750
1567790456761
1567790456772
1567790456782
1567790456793
1567790456803
1567790456814
1567790456825
1567790456834
1567790456845
1567790456857
1567790456867
1567790456880
1567790456891
1567790456902
1567790456913
1567790456924
1567790456935
1567790456945
1567790456956
1567790456966
1567790456977
1567790456987
1567790456998
1567790457010
1567790457022
1567790457033
1567790457044
1567790457056
1567790457066
1567790457077
1567790457088
1567790457098
1567790457109
1567790457121
1567790457132
1567790457143
1567790457155
1567790457167
1567790457178
1567790457189
1567790457200
1567790457210
1567790457221
1567790457232
1567790457242
1567790457254
1567790457265
1567790457275
1567790457287
1567790457298
1567790457308
1567790457320
1567790457332
1567790457344
1567790457356
1567790457369
1567790457380
1567790457392
1567790457404
1567790457417
1567790457429
1567790457440
1567790457452
1567790457464
1567790457476
1567790457488
1567790457500
1567790457511
1567790457523
1567790457535
1567790457548
1567790457561
1567790457573
1567790457585
1567790457597
1567790457609
1567790457620
1567790457633
1567790457644
1567790457655
1567790457667
1567790457679
1567790457692
1567790457704
1567790457716
1567790457729
1567790457741
1567790457753
1567790457766
1567790457778
1567790457789
1567790457801
1567790457813
1567790457826
1567790457838
1567790457851
1567790457864
1567790457876
1567790457887
1567790457900
1567790457912
1567790457924
1567790457935
1567790457945
1567790457955
1567790457966
1567790457977
1567790457989
1567790458000
1567790458011
1567790458023
1567790458034
