1568911055299
1568911055313
1568911055327
1568911055340
1568911055352
1568911055364
1568911055377
1568911055388
1568911055400
1568911055413
1568911055425
1568911055437
1568911055450
1568911055466
1568911055480
1568911055493
1568911055505
1568911055518
1568911055532
1568911055545
1568911055557
1568911055570
1568911055583
1568911055595
1568911055608
1568911055622
1568911055635
1568911055648
1568911055661
1568911055674
1568911055687
1568911055700
1568911055713
1568911055727
1568911055743
1568911055756
1568911055768
1568911055781
1568911055794
1568911055808
1568911055821
1568911055834
1568911055846
1568911055857
1568911055868
1568911055881
1568911055893
1568911055905
1568911055917
1568911055929
1568911055941
1568911055955
1568911055968
1568911055981
1568911055993
1568911056007
1568911056020
1568911056033
1568911056045
1568911056057
1568911056116
1568911056171
1568911056202
1568911056225
1568911056243
1568911056262
1568911056277
1568911056291
1568911056304
1568911056316
1568911056327
1568911056341
1568911056353
1568911056367
1568911056381
1568911056393
1568911056406
1568911056419
1568911056434
1568911056449
1568911056462
1568911056474
1568911056487
1568911056499
1568911056512
1568911056525
1568911056540
1568911056554
1568911056568
1568911056581
1568911056592
1568911056606
1568911056620
1568911056633
1568911056645
1568911056657
1568911056669
1568911056682
1568911056696
1568911056710
1568911056723
1568911056736
1568911056749
1568911056762
1568911056776
1568911056791
1568911056806
1568911056820
1568911056833
1568911056847
1568911056862
1568911056877
1568911056890
1568911056903
1568911056915
1568911056928
1568911056943
1568911056957
1568911056972
1568911056986
1568911056999
1568911057013
1568911057028
1568911057043
1568911057056
1568911057069
1568911057084
1568911057098
1568911057111
1568911057124
1568911057137
1568911057149
1568911057162
1568911057176
1568911057190
1568911057205
1568911057219
1568911057231
1568911057243
1568911057257
1568911057270
1568911057284
1568911057297
1568911057310
1568911057323
1568911057336
1568911057350
1568911057363
1568911057375
1568911057388
