1568911015528
1568911015540
1568911015554
1568911015567
1568911015581
1568911015594
1568911015606
1568911015618
1568911015631
1568911015642
1568911015653
1568911015664
1568911015676
1568911015688
1568911015700
1568911015712
1568911015724
1568911015735
1568911015747
1568911015760
1568911015771
1568911015783
1568911015796
1568911015809
1568911015823
1568911015836
1568911015848
1568911015860
1568911015872
1568911015884
1568911015896
1568911015907
1568911015918
1568911015929
1568911015940
1568911015952
1568911015964
1568911015976
1568911015987
1568911015998
1568911016010
1568911016020
1568911016032
1568911016044
1568911016057
1568911016070
1568911016080
1568911016092
1568911016104
1568911016117
1568911016130
1568911016145
1568911016158
1568911016170
1568911016184
1568911016198
1568911016211
1568911016224
1568911016238
1568911016253
1568911016266
1568911016280
1568911016294
1568911016309
1568911016322
1568911016335
1568911016348
1568911016363
1568911016380
1568911016393
1568911016407
1568911016419
1568911016435
1568911016452
1568911016467
1568911016480
1568911016497
1568911016513
1568911016529
1568911016543
1568911016556
1568911016570
1568911016585
1568911016600
1568911016614
1568911016631
1568911016646
1568911016662
1568911016678
1568911016694
1568911016710
1568911016728
1568911016746
1568911016763
1568911016779
1568911016795
1568911016811
1568911016829
1568911016848
1568911016864
1568911016879
1568911016894
1568911016909
1568911016922
1568911016937
1568911016951
1568911016965
1568911016980
1568911016996
1568911017011
1568911017025
1568911017038
1568911017051
1568911017064
1568911017078
1568911017091
1568911017104
1568911017119
1568911017133
1568911017147
1568911017161
1568911017174
1568911017187
1568911017201
1568911017217
1568911017232
1568911017246
1568911017259
1568911017272
1568911017284
1568911017298
1568911017311
1568911017326
1568911017339
1568911017352
1568911017364
1568911017376
1568911017388
1568911017400
1568911017411
1568911017423
1568911017435
1568911017448
1568911017461
1568911017474
1568911017487
1568911017500
1568911017512
1568911017524
1568911017536
