1568911012110
1568911012123
1568911012138
1568911012150
1568911012161
1568911012172
1568911012184
1568911012196
1568911012208
1568911012220
1568911012232
1568911012243
1568911012255
1568911012268
1568911012280
1568911012292
1568911012307
1568911012318
1568911012329
1568911012341
1568911012353
1568911012366
1568911012378
1568911012390
1568911012403
1568911012417
1568911012428
1568911012440
1568911012451
1568911012462
1568911012473
1568911012485
1568911012496
1568911012507
1568911012519
1568911012531
1568911012543
1568911012555
1568911012567
1568911012581
1568911012595
1568911012606
1568911012618
1568911012629
1568911012640
1568911012651
1568911012664
1568911012677
1568911012690
1568911012704
1568911012716
1568911012728
1568911012741
1568911012754
1568911012767
1568911012779
1568911012790
1568911012801
1568911012812
1568911012823
1568911012835
1568911012847
1568911012859
1568911012871
1568911012882
1568911012894
1568911012906
1568911012919
1568911012930
1568911012942
1568911012954
1568911012965
1568911012978
1568911012991
1568911013003
1568911013014
1568911013026
1568911013038
1568911013050
1568911013060
1568911013072
1568911013085
1568911013099
1568911013111
1568911013124
1568911013137
1568911013149
1568911013162
1568911013175
1568911013187
1568911013201
1568911013214
1568911013226
1568911013239
1568911013251
1568911013263
1568911013276
1568911013290
1568911013302
1568911013315
1568911013328
1568911013343
1568911013356
1568911013369
1568911013382
1568911013394
1568911013406
1568911013419
1568911013432
1568911013446
1568911013459
1568911013471
1568911013483
1568911013496
1568911013509
1568911013522
1568911013534
1568911013546
1568911013559
1568911013572
1568911013585
1568911013598
1568911013611
1568911013625
1568911013638
1568911013652
1568911013665
1568911013679
1568911013692
1568911013705
1568911013718
1568911013732
1568911013744
1568911013758
1568911013771
1568911013785
1568911013798
1568911013810
1568911013821
1568911013832
1568911013843
1568911013855
1568911013867
1568911013879
1568911013891
1568911013905
1568911013917
1568911013928
1568911013941
1568911013954
