1568911027811
1568911027823
1568911027839
1568911027853
1568911027865
1568911027877
1568911027889
1568911027901
1568911027913
1568911027926
1568911027939
1568911027953
1568911027966
1568911027980
1568911027993
1568911028006
1568911028018
1568911028030
1568911028041
1568911028052
1568911028065
1568911028078
1568911028091
1568911028103
1568911028115
1568911028129
1568911028142
1568911028154
1568911028166
1568911028177
1568911028190
1568911028202
1568911028214
1568911028225
1568911028236
1568911028248
1568911028260
1568911028271
1568911028283
1568911028295
1568911028309
1568911028322
1568911028334
1568911028348
1568911028362
1568911028374
1568911028387
1568911028399
1568911028412
1568911028424
1568911028437
1568911028448
1568911028460
1568911028472
1568911028484
1568911028495
1568911028508
1568911028521
1568911028533
1568911028545
1568911028558
1568911028572
1568911028585
1568911028599
1568911028611
1568911028624
1568911028638
1568911028651
1568911028664
1568911028677
1568911028689
1568911028702
1568911028715
1568911028727
1568911028738
1568911028754
1568911028768
1568911028782
1568911028795
1568911028807
1568911028819
1568911028832
1568911028845
1568911028860
1568911028874
1568911028887
1568911028901
1568911028914
1568911028927
1568911028941
1568911028954
1568911028968
1568911028981
1568911028995
1568911029009
1568911029023
1568911029036
1568911029050
1568911029063
1568911029076
1568911029089
1568911029102
1568911029115
1568911029129
1568911029143
1568911029157
1568911029170
1568911029185
1568911029200
1568911029215
1568911029229
1568911029243
1568911029256
1568911029269
1568911029282
1568911029296
1568911029309
1568911029322
1568911029336
1568911029349
1568911029364
1568911029378
1568911029392
1568911029404
1568911029417
1568911029431
1568911029446
1568911029461
1568911029476
1568911029491
1568911029505
1568911029518
1568911029532
1568911029545
1568911029558
1568911029571
1568911029586
1568911029600
1568911029613
1568911029626
1568911029638
1568911029652
1568911029667
1568911029680
1568911029694
1568911029708
1568911029721
1568911029735
1568911029748
1568911029762
