1568911031222
1568911031235
1568911031250
1568911031263
1568911031275
1568911031287
1568911031301
1568911031315
1568911031328
1568911031340
1568911031352
1568911031363
1568911031376
1568911031390
1568911031402
1568911031416
1568911031428
1568911031440
1568911031452
1568911031465
1568911031478
1568911031490
1568911031503
1568911031516
1568911031530
1568911031543
1568911031555
1568911031569
1568911031580
1568911031594
1568911031607
1568911031619
1568911031631
1568911031642
1568911031654
1568911031665
1568911031677
1568911031692
1568911031704
1568911031718
1568911031730
1568911031743
1568911031758
1568911031773
1568911031786
1568911031799
1568911031810
1568911031822
1568911031835
1568911031849
1568911031861
1568911031874
1568911031927
1568911031973
1568911032006
1568911032031
1568911032051
1568911032068
1568911032084
1568911032099
1568911032112
1568911032126
1568911032138
1568911032150
1568911032162
1568911032173
1568911032184
1568911032197
1568911032210
1568911032223
1568911032235
1568911032248
1568911032260
1568911032274
1568911032287
1568911032301
1568911032316
1568911032331
1568911032344
1568911032358
1568911032372
1568911032385
1568911032399
1568911032412
1568911032426
1568911032441
1568911032457
1568911032471
1568911032485
1568911032499
1568911032513
1568911032529
1568911032543
1568911032558
1568911032571
1568911032584
1568911032599
1568911032615
1568911032629
1568911032644
1568911032659
1568911032673
1568911032687
1568911032701
1568911032715
1568911032729
1568911032744
1568911032759
1568911032774
1568911032789
1568911032802
1568911032816
1568911032830
1568911032843
1568911032857
1568911032872
1568911032885
1568911032899
1568911032914
1568911032927
1568911032942
1568911032959
1568911032973
1568911032989
1568911033003
1568911033016
1568911033028
1568911033040
1568911033053
1568911033066
1568911033079
1568911033093
1568911033107
1568911033124
1568911033140
1568911033154
1568911033167
1568911033180
1568911033195
1568911033207
1568911033220
1568911033235
1568911033249
1568911033264
1568911033279
1568911033295
1568911033310
1568911033325
1568911033339
1568911033353
