1568911051788
1568911051801
1568911051815
1568911051828
1568911051841
1568911051853
1568911051865
1568911051878
1568911051890
1568911051902
1568911051914
1568911051927
1568911051941
1568911051955
1568911051968
1568911051980
1568911051993
1568911052005
1568911052017
1568911052029
1568911052041
1568911052053
1568911052066
1568911052079
1568911052093
1568911052106
1568911052119
1568911052132
1568911052144
1568911052156
1568911052168
1568911052183
1568911052198
1568911052211
1568911052224
1568911052236
1568911052249
1568911052262
1568911052275
1568911052287
1568911052299
1568911052310
1568911052322
1568911052334
1568911052346
1568911052359
1568911052372
1568911052387
1568911052402
1568911052418
1568911052430
1568911052441
1568911052454
1568911052466
1568911052478
1568911052491
1568911052503
1568911052514
1568911052527
1568911052541
1568911052557
1568911052571
1568911052584
1568911052596
1568911052609
1568911052622
1568911052636
1568911052650
1568911052664
1568911052677
1568911052689
1568911052701
1568911052716
1568911052734
1568911052748
1568911052763
1568911052775
1568911052788
1568911052801
1568911052814
1568911052827
1568911052840
1568911052852
1568911052865
1568911052880
1568911052895
1568911052908
1568911052920
1568911052934
1568911052946
1568911052959
1568911052970
1568911052984
1568911052996
1568911053009
1568911053023
1568911053037
1568911053051
1568911053065
1568911053078
1568911053091
1568911053104
1568911053118
1568911053131
1568911053147
1568911053161
1568911053174
1568911053187
1568911053200
1568911053213
1568911053227
1568911053240
1568911053253
1568911053265
1568911053278
1568911053291
1568911053305
1568911053319
1568911053332
1568911053345
1568911053358
1568911053373
1568911053387
1568911053403
1568911053417
1568911053431
1568911053444
1568911053456
1568911053468
1568911053482
1568911053496
1568911053509
1568911053522
1568911053537
1568911053550
1568911053564
1568911053577
1568911053592
1568911053604
1568911053618
1568911053631
1568911053644
1568911053656
1568911053669
1568911053683
1568911053697
1568911053710
1568911053724
1568911053737
1568911053750
