1568134102820
1568134102842
1568134102860
1568134102880
1568134102895
1568134102909
1568134102921
1568134102934
1568134102948
1568134102962
1568134102976
1568134102991
1568134103005
1568134103019
1568134103039
1568134103054
1568134103068
1568134103089
1568134103104
1568134103118
1568134103131
1568134103146
1568134103161
1568134103176
1568134103190
1568134103204
1568134103219
1568134103233
1568134103247
1568134103261
1568134103276
1568134103289
1568134103302
1568134103315
1568134103328
1568134103343
1568134103356
1568134103372
1568134103387
1568134103401
1568134103415
1568134103429
1568134103442
1568134103455
1568134103471
1568134103485
1568134103499
1568134103512
1568134103526
1568134103542
1568134103557
1568134103571
1568134103585
1568134103603
1568134103617
1568134103631
1568134103645
1568134103658
1568134103671
1568134103684
1568134103698
1568134103711
1568134103725
1568134103738
1568134103754
1568134103768
1568134103783
1568134103797
1568134103812
1568134103827
1568134103841
1568134103855
1568134103869
1568134103884
1568134103898
1568134103913
1568134103928
1568134103943
1568134103958
1568134103973
1568134103987
1568134104001
1568134104016
1568134104031
1568134104046
1568134104061
1568134104076
1568134104092
1568134104108
1568134104125
1568134104142
1568134104158
1568134104174
1568134104190
1568134104207
1568134104224
1568134104242
1568134104260
1568134104276
1568134104294
1568134104310
1568134104326
1568134104343
1568134104360
1568134104376
1568134104392
1568134104409
1568134104425
1568134104442
1568134104461
1568134104478
1568134104497
1568134104514
1568134104531
1568134104546
1568134104563
1568134104578
1568134104593
1568134104609
1568134104624
1568134104641
1568134104659
1568134104675
1568134104691
1568134104707
1568134104723
1568134104738
1568134104754
1568134104769
1568134104786
1568134104801
1568134104818
1568134104834
1568134104851
1568134104866
1568134104881
1568134104897
1568134104912
1568134104927
1568134104944
1568134104959
1568134104974
1568134104988
1568134105004
1568134105019
1568134105036
1568134105052
1568134105068
1568134105083
1568134105099
