1568134101046
1568134101060
1568134101076
1568134101089
1568134101103
1568134101117
1568134101132
1568134101145
1568134101158
1568134101173
1568134101187
1568134101201
1568134101216
1568134101230
1568134101243
1568134101257
1568134101270
1568134101284
1568134101297
1568134101312
1568134101326
1568134101339
1568134101352
1568134101365
1568134101381
1568134101396
1568134101411
1568134101425
1568134101438
1568134101451
1568134101465
1568134101479
1568134101492
1568134101506
1568134101521
1568134101536
1568134101550
1568134101565
1568134101580
1568134101596
1568134101610
1568134101623
1568134101636
1568134101650
1568134101664
1568134101677
1568134101690
1568134101703
1568134101717
1568134101731
1568134101746
1568134101759
1568134101771
1568134101784
1568134101797
1568134101811
1568134101824
1568134101836
1568134101850
1568134101863
1568134101876
1568134101889
1568134101904
1568134101919
1568134101935
1568134101949
1568134101963
1568134101976
1568134101989
1568134102004
1568134102020
1568134102034
1568134102048
1568134102064
1568134102079
1568134102096
1568134102114
1568134102131
1568134102147
1568134102163
1568134102181
1568134102197
1568134102214
1568134102229
1568134102245
1568134102262
1568134102279
1568134102295
1568134102309
1568134102324
1568134102339
1568134102353
1568134102369
1568134102385
1568134102401
1568134102419
1568134102437
1568134102454
1568134102474
1568134102496
1568134102513
1568134102531
1568134102549
1568134102567
1568134102584
1568134102601
1568134102618
1568134102636
1568134102653
1568134102670
1568134102689
1568134102708
1568134102730
1568134102753
1568134102773
1568134102790
1568134102811
1568134102833
1568134102853
1568134102869
1568134102888
1568134102904
1568134102918
1568134102931
1568134102945
1568134102959
1568134102973
1568134102989
1568134103004
1568134103018
1568134103039
1568134103056
1568134103071
1568134103092
1568134103108
1568134103123
1568134103137
1568134103151
1568134103168
1568134103184
1568134103197
1568134103212
1568134103228
1568134103242
1568134103257
1568134103274
1568134103288
1568134103302
1568134103316
1568134103330
