1568134077320
1568134077335
1568134077350
1568134077363
1568134077377
1568134077389
1568134077404
1568134077419
1568134077433
1568134077446
1568134077460
1568134077474
1568134077488
1568134077502
1568134077516
1568134077528
1568134077542
1568134077556
1568134077569
1568134077582
1568134077596
1568134077611
1568134077625
1568134077639
1568134077652
1568134077668
1568134077681
1568134077695
1568134077709
1568134077723
1568134077736
1568134077749
1568134077763
1568134077777
1568134077789
1568134077801
1568134077814
1568134077830
1568134077844
1568134077859
1568134077873
1568134077887
1568134077900
1568134077913
1568134077926
1568134077940
1568134077955
1568134077968
1568134077981
1568134077995
1568134078007
1568134078020
1568134078033
1568134078046
1568134078060
1568134078073
1568134078086
1568134078098
1568134078111
1568134078124
1568134078137
1568134078150
1568134078164
1568134078178
1568134078191
1568134078204
1568134078217
1568134078229
1568134078242
1568134078255
1568134078270
1568134078283
1568134078296
1568134078310
1568134078323
1568134078337
1568134078350
1568134078364
1568134078377
1568134078390
1568134078403
1568134078418
1568134078432
1568134078445
1568134078459
1568134078473
1568134078486
1568134078500
1568134078514
1568134078528
1568134078541
1568134078555
1568134078568
1568134078581
1568134078594
1568134078608
1568134078622
1568134078637
1568134078651
1568134078667
1568134078681
1568134078695
1568134078709
1568134078723
1568134078736
1568134078750
1568134078764
1568134078778
1568134078791
1568134078805
1568134078820
1568134078834
1568134078847
1568134078862
1568134078875
1568134078890
1568134078904
1568134078918
1568134078931
1568134078945
1568134078958
1568134078974
1568134078988
1568134079003
1568134079018
1568134079032
1568134079046
1568134079060
1568134079075
1568134079089
1568134079104
1568134079118
1568134079132
1568134079145
1568134079160
1568134079175
1568134079190
1568134079204
1568134079218
1568134079230
1568134079243
1568134079256
1568134079270
1568134079283
1568134079298
1568134079313
1568134079328
1568134079342
1568134079356
1568134079370
