1568134094083
1568134094099
1568134094114
1568134094129
1568134094143
1568134094158
1568134094172
1568134094187
1568134094200
1568134094214
1568134094228
1568134094241
1568134094255
1568134094270
1568134094283
1568134094295
1568134094308
1568134094321
1568134094334
1568134094347
1568134094360
1568134094373
1568134094386
1568134094399
1568134094412
1568134094428
1568134094441
1568134094455
1568134094468
1568134094483
1568134094497
1568134094510
1568134094525
1568134094540
1568134094553
1568134094567
1568134094580
1568134094596
1568134094610
1568134094624
1568134094638
1568134094651
1568134094664
1568134094677
1568134094691
1568134094705
1568134094718
1568134094731
1568134094744
1568134094758
1568134094771
1568134094784
1568134094799
1568134094813
1568134094828
1568134094842
1568134094855
1568134094872
1568134094885
1568134094898
1568134094913
1568134094927
1568134094941
1568134094954
1568134094968
1568134094983
1568134094995
1568134095010
1568134095024
1568134095039
1568134095054
1568134095067
1568134095080
1568134095094
1568134095108
1568134095121
1568134095135
1568134095149
1568134095162
1568134095177
1568134095190
1568134095204
1568134095218
1568134095231
1568134095247
1568134095263
1568134095277
1568134095291
1568134095305
1568134095320
1568134095333
1568134095347
1568134095362
1568134095376
1568134095389
1568134095403
1568134095417
1568134095432
1568134095447
1568134095462
1568134095475
1568134095490
1568134095505
1568134095519
1568134095533
1568134095547
1568134095562
1568134095577
1568134095592
1568134095607
1568134095621
1568134095635
1568134095650
1568134095664
1568134095678
1568134095693
1568134095707
1568134095721
1568134095736
1568134095751
1568134095764
1568134095779
1568134095793
1568134095809
1568134095822
1568134095836
1568134095851
1568134095865
1568134095880
1568134095894
1568134095908
1568134095924
1568134095939
1568134095954
1568134095969
1568134095983
1568134095998
1568134096012
1568134096026
1568134096040
1568134096053
1568134096066
1568134096078
1568134096092
1568134096106
1568134096121
1568134096135
1568134096148
1568134096161
1568134096176
