1568134069434
1568134069447
1568134069462
1568134069475
1568134069488
1568134069501
1568134069514
1568134069528
1568134069540
1568134069555
1568134069568
1568134069582
1568134069595
1568134069610
1568134069624
1568134069637
1568134069650
1568134069663
1568134069677
1568134069690
1568134069702
1568134069715
1568134069728
1568134069742
1568134069754
1568134069767
1568134069779
1568134069792
1568134069806
1568134069819
1568134069833
1568134069847
1568134069859
1568134069872
1568134069886
1568134069901
1568134069914
1568134069928
1568134069941
1568134069954
1568134069966
1568134069979
1568134069992
1568134070005
1568134070018
1568134070030
1568134070042
1568134070056
1568134070069
1568134070084
1568134070098
1568134070112
1568134070125
1568134070138
1568134070151
1568134070164
1568134070176
1568134070190
1568134070203
1568134070217
1568134070232
1568134070247
1568134070259
1568134070271
1568134070285
1568134070299
1568134070311
1568134070324
1568134070336
1568134070349
1568134070361
1568134070374
1568134070387
1568134070401
1568134070415
1568134070429
1568134070442
1568134070454
1568134070467
1568134070480
1568134070493
1568134070506
1568134070520
1568134070532
1568134070546
1568134070559
1568134070573
1568134070586
1568134070599
1568134070613
1568134070626
1568134070640
1568134070654
1568134070667
1568134070679
1568134070693
1568134070706
1568134070720
1568134070734
1568134070748
1568134070761
1568134070774
1568134070787
1568134070801
1568134070814
1568134070828
1568134070841
1568134070855
1568134070868
1568134070882
1568134070896
1568134070910
1568134070922
1568134070935
1568134070948
1568134070962
1568134070975
1568134070988
1568134071001
1568134071014
1568134071027
1568134071042
1568134071056
1568134071070
1568134071084
1568134071098
1568134071112
1568134071125
1568134071139
1568134071154
1568134071168
1568134071182
1568134071195
1568134071209
1568134071222
1568134071236
1568134071250
1568134071263
1568134071277
1568134071289
1568134071303
1568134071316
1568134071328
1568134071342
1568134071355
1568134071371
1568134071388
1568134071403
1568134071416
1568134071429
