1568134078934
1568134078948
1568134078964
1568134078979
1568134078994
1568134079009
1568134079025
1568134079040
1568134079055
1568134079071
1568134079086
1568134079101
1568134079116
1568134079131
1568134079144
1568134079159
1568134079175
1568134079190
1568134079206
1568134079221
1568134079234
1568134079248
1568134079262
1568134079277
1568134079291
1568134079307
1568134079322
1568134079337
1568134079351
1568134079366
1568134079381
1568134079395
1568134079412
1568134079427
1568134079440
1568134079454
1568134079466
1568134079483
1568134079498
1568134079514
1568134079528
1568134079542
1568134079557
1568134079572
1568134079586
1568134079599
1568134079612
1568134079625
1568134079638
1568134079653
1568134079667
1568134079679
1568134079693
1568134079705
1568134079718
1568134079734
1568134079748
1568134079762
1568134079774
1568134079788
1568134079802
1568134079817
1568134079831
1568134079845
1568134079857
1568134079873
1568134079888
1568134079902
1568134079916
1568134079930
1568134079944
1568134079958
1568134079972
1568134079986
1568134080001
1568134080016
1568134080030
1568134080044
1568134080058
1568134080072
1568134080088
1568134080102
1568134080117
1568134080132
1568134080145
1568134080162
1568134080176
1568134080191
1568134080206
1568134080220
1568134080234
1568134080248
1568134080262
1568134080277
1568134080292
1568134080308
1568134080322
1568134080337
1568134080351
1568134080364
1568134080378
1568134080393
1568134080407
1568134080422
1568134080435
1568134080449
1568134080462
1568134080477
1568134080492
1568134080508
1568134080522
1568134080536
1568134080550
1568134080565
1568134080579
1568134080594
1568134080609
1568134080624
1568134080638
1568134080652
1568134080667
1568134080682
1568134080697
1568134080712
1568134080727
1568134080741
1568134080756
1568134080771
1568134080785
1568134080799
1568134080814
1568134080827
1568134080841
1568134080856
1568134080871
1568134080885
1568134080900
1568134080914
1568134080929
1568134080944
1568134080958
1568134080972
1568134080986
1568134081000
1568134081014
1568134081030
1568134081043
1568134081057
1568134081070
1568134081084
