1568392141254
1568392141268
1568392141282
1568392141294
1568392141306
1568392141318
1568392141330
1568392141342
1568392141353
1568392141365
1568392141378
1568392141389
1568392141402
1568392141415
1568392141427
1568392141439
1568392141451
1568392141464
1568392141476
1568392141488
1568392141500
1568392141512
1568392141523
1568392141535
1568392141549
1568392141562
1568392141575
1568392141588
1568392141600
1568392141613
1568392141625
1568392141636
1568392141649
1568392141661
1568392141673
1568392141686
1568392141698
1568392141711
1568392141724
1568392141737
1568392141749
1568392141761
1568392141774
1568392141786
1568392141799
1568392141811
1568392141823
1568392141836
1568392141848
1568392141860
1568392141873
1568392141886
1568392141898
1568392141911
1568392141924
1568392141937
1568392141950
1568392141962
1568392141975
1568392141989
1568392142002
1568392142016
1568392142028
1568392142041
1568392142054
1568392142067
1568392142081
1568392142094
1568392142106
1568392142118
1568392142129
1568392142142
1568392142154
1568392142169
1568392142183
1568392142196
1568392142208
1568392142221
1568392142235
1568392142249
1568392142262
1568392142276
1568392142288
1568392142302
1568392142315
1568392142329
1568392142342
1568392142356
1568392142369
1568392142382
1568392142395
1568392142409
1568392142422
1568392142436
1568392142449
1568392142462
1568392142476
1568392142490
1568392142503
1568392142517
1568392142530
1568392142543
1568392142556
1568392142570
1568392142583
1568392142596
1568392142610
1568392142624
1568392142637
1568392142651
1568392142665
1568392142679
1568392142693
1568392142707
1568392142721
1568392142734
1568392142748
1568392142761
1568392142775
1568392142789
1568392142802
1568392142816
1568392142828
1568392142841
1568392142853
1568392142866
1568392142878
1568392142890
1568392142902
1568392142915
1568392142927
1568392142939
1568392142951
1568392142964
1568392142977
1568392142990
1568392143002
1568392143015
1568392143027
1568392143040
1568392143052
1568392143064
1568392143076
1568392143089
1568392143101
1568392143114
1568392143127
1568392143140
1568392143152
1568392143164
