1568392160127
1568392160142
1568392160157
1568392160171
1568392160185
1568392160199
1568392160212
1568392160226
1568392160240
1568392160253
1568392160267
1568392160280
1568392160293
1568392160307
1568392160321
1568392160335
1568392160348
1568392160360
1568392160373
1568392160386
1568392160399
1568392160413
1568392160427
1568392160441
1568392160454
1568392160468
1568392160481
1568392160496
1568392160509
1568392160522
1568392160535
1568392160548
1568392160563
1568392160577
1568392160590
1568392160605
1568392160619
1568392160633
1568392160646
1568392160660
1568392160675
1568392160688
1568392160701
1568392160714
1568392160727
1568392160740
1568392160753
1568392160766
1568392160779
1568392160793
1568392160806
1568392160819
1568392160831
1568392160845
1568392160858
1568392160870
1568392160883
1568392160897
1568392160910
1568392160923
1568392160936
1568392160949
1568392160962
1568392160976
1568392160989
1568392161002
1568392161015
1568392161028
1568392161042
1568392161056
1568392161069
1568392161083
1568392161096
1568392161110
1568392161122
1568392161135
1568392161149
1568392161162
1568392161175
1568392161188
1568392161201
1568392161214
1568392161228
1568392161241
1568392161255
1568392161269
1568392161283
1568392161296
1568392161310
1568392161324
1568392161338
1568392161352
1568392161366
1568392161381
1568392161394
1568392161409
1568392161423
1568392161437
1568392161451
1568392161464
1568392161478
1568392161492
1568392161505
1568392161519
1568392161532
1568392161545
1568392161558
1568392161573
1568392161587
1568392161601
1568392161615
1568392161629
1568392161643
1568392161657
1568392161669
1568392161684
1568392161697
1568392161712
1568392161725
1568392161739
1568392161753
1568392161767
1568392161782
1568392161796
1568392161809
1568392161824
1568392161838
1568392161852
1568392161868
1568392161882
1568392161896
1568392161911
1568392161925
1568392161940
1568392161954
1568392161967
1568392161979
1568392161991
1568392162004
1568392162017
1568392162030
1568392162043
1568392162056
1568392162069
1568392162086
1568392162100
1568392162113
1568392162126
1568392162138
1568392162150
