1568392172413
1568392172426
1568392172440
1568392172453
1568392172467
1568392172480
1568392172493
1568392172506
1568392172519
1568392172533
1568392172546
1568392172558
1568392172570
1568392172584
1568392172598
1568392172611
1568392172625
1568392172639
1568392172652
1568392172665
1568392172678
1568392172693
1568392172707
1568392172721
1568392172735
1568392172750
1568392172762
1568392172776
1568392172788
1568392172802
1568392172816
1568392172829
1568392172842
1568392172855
1568392172869
1568392172883
1568392172897
1568392172911
1568392172924
1568392172938
1568392172951
1568392172964
1568392172977
1568392172991
1568392173004
1568392173017
1568392173030
1568392173043
1568392173056
1568392173072
1568392173086
1568392173100
1568392173113
1568392173126
1568392173139
1568392173153
1568392173167
1568392173182
1568392173195
1568392173210
1568392173224
1568392173238
1568392173251
1568392173264
1568392173278
1568392173292
1568392173305
1568392173319
1568392173332
1568392173345
1568392173358
1568392173371
1568392173385
1568392173399
1568392173412
1568392173425
1568392173438
1568392173451
1568392173464
1568392173477
1568392173491
1568392173505
1568392173518
1568392173531
1568392173544
1568392173557
1568392173570
1568392173583
1568392173596
1568392173609
1568392173623
1568392173638
1568392173651
1568392173665
1568392173678
1568392173692
1568392173707
1568392173721
1568392173735
1568392173749
1568392173762
1568392173775
1568392173789
1568392173803
1568392173816
1568392173830
1568392173844
1568392173859
1568392173872
1568392173886
1568392173899
1568392173912
1568392173925
1568392173938
1568392173951
1568392173964
1568392173979
1568392173993
1568392174007
1568392174020
1568392174034
1568392174048
1568392174061
1568392174076
1568392174090
1568392174103
1568392174115
1568392174127
1568392174139
1568392174152
1568392174165
1568392174178
1568392174192
1568392174206
1568392174218
1568392174231
1568392174244
1568392174256
1568392174268
1568392174282
1568392174295
1568392174308
1568392174322
1568392174335
1568392174348
1568392174362
1568392174374
1568392174388
1568392174402
1568392174415
