1568392153894
1568392153908
1568392153922
1568392153935
1568392153947
1568392153960
1568392153972
1568392153985
1568392153997
1568392154010
1568392154022
1568392154034
1568392154046
1568392154059
1568392154072
1568392154084
1568392154096
1568392154108
1568392154120
1568392154133
1568392154145
1568392154159
1568392154172
1568392154185
1568392154198
1568392154212
1568392154225
1568392154239
1568392154251
1568392154265
1568392154277
1568392154290
1568392154301
1568392154313
1568392154326
1568392154338
1568392154351
1568392154363
1568392154377
1568392154390
1568392154402
1568392154414
1568392154426
1568392154439
1568392154451
1568392154463
1568392154475
1568392154487
1568392154499
1568392154511
1568392154525
1568392154537
1568392154549
1568392154562
1568392154574
1568392154587
1568392154599
1568392154611
1568392154623
1568392154635
1568392154648
1568392154661
1568392154674
1568392154687
1568392154701
1568392154713
1568392154726
1568392154739
1568392154752
1568392154764
1568392154777
1568392154790
1568392154804
1568392154817
1568392154831
1568392154844
1568392154857
1568392154872
1568392154886
1568392154899
1568392154911
1568392154924
1568392154938
1568392154951
1568392154964
1568392154979
1568392154993
1568392155007
1568392155020
1568392155034
1568392155047
1568392155061
1568392155075
1568392155088
1568392155102
1568392155115
1568392155129
1568392155144
1568392155157
1568392155170
1568392155184
1568392155197
1568392155210
1568392155223
1568392155237
1568392155251
1568392155265
1568392155278
1568392155292
1568392155307
1568392155320
1568392155334
1568392155347
1568392155360
1568392155374
1568392155387
1568392155401
1568392155413
1568392155427
1568392155440
1568392155453
1568392155467
1568392155479
1568392155493
1568392155507
1568392155520
1568392155533
1568392155547
1568392155560
1568392155573
1568392155587
1568392155601
1568392155615
1568392155629
1568392155642
1568392155656
1568392155669
1568392155682
1568392155694
1568392155706
1568392155719
1568392155731
1568392155744
1568392155756
1568392155769
1568392155784
1568392155797
1568392155811
1568392155824
1568392155837
