1568392138022
1568392138034
1568392138047
1568392138059
1568392138072
1568392138084
1568392138096
1568392138108
1568392138120
1568392138132
1568392138145
1568392138157
1568392138169
1568392138182
1568392138195
1568392138207
1568392138219
1568392138231
1568392138243
1568392138256
1568392138268
1568392138280
1568392138291
1568392138303
1568392138315
1568392138327
1568392138339
1568392138352
1568392138364
1568392138378
1568392138390
1568392138403
1568392138416
1568392138428
1568392138441
1568392138452
1568392138464
1568392138478
1568392138491
1568392138503
1568392138516
1568392138529
1568392138542
1568392138554
1568392138566
1568392138578
1568392138590
1568392138602
1568392138615
1568392138629
1568392138642
1568392138654
1568392138667
1568392138679
1568392138692
1568392138705
1568392138716
1568392138728
1568392138740
1568392138753
1568392138765
1568392138779
1568392138792
1568392138805
1568392138818
1568392138831
1568392138843
1568392138856
1568392138869
1568392138881
1568392138893
1568392138905
1568392138918
1568392138931
1568392138944
1568392138956
1568392138968
1568392138981
1568392138993
1568392139007
1568392139020
1568392139034
1568392139046
1568392139059
1568392139073
1568392139087
1568392139100
1568392139114
1568392139127
1568392139141
1568392139154
1568392139167
1568392139181
1568392139196
1568392139208
1568392139221
1568392139234
1568392139249
1568392139261
1568392139275
1568392139288
1568392139302
1568392139314
1568392139327
1568392139340
1568392139352
1568392139365
1568392139378
1568392139391
1568392139405
1568392139418
1568392139431
1568392139445
1568392139459
1568392139473
1568392139486
1568392139499
1568392139511
1568392139523
1568392139537
1568392139550
1568392139565
1568392139578
1568392139593
1568392139607
1568392139620
1568392139635
1568392139648
1568392139660
1568392139673
1568392139686
1568392139699
1568392139711
1568392139725
1568392139739
1568392139751
1568392139765
1568392139777
1568392139790
1568392139803
1568392139816
1568392139829
1568392139841
1568392139853
1568392139866
1568392139879
1568392139892
1568392139904
1568392139917
1568392139930
