1568392177008
1568392177022
1568392177036
1568392177048
1568392177061
1568392177076
1568392177089
1568392177103
1568392177117
1568392177132
1568392177147
1568392177161
1568392177175
1568392177190
1568392177204
1568392177217
1568392177230
1568392177242
1568392177254
1568392177268
1568392177281
1568392177294
1568392177307
1568392177319
1568392177332
1568392177346
1568392177359
1568392177372
1568392177385
1568392177398
1568392177412
1568392177426
1568392177439
1568392177452
1568392177464
1568392177477
1568392177490
1568392177504
1568392177518
1568392177533
1568392177547
1568392177560
1568392177573
1568392177587
1568392177601
1568392177614
1568392177628
1568392177641
1568392177653
1568392177667
1568392177681
1568392177694
1568392177707
1568392177720
1568392177734
1568392177747
1568392177760
1568392177773
1568392177786
1568392177799
1568392177811
1568392177825
1568392177838
1568392177850
1568392177863
1568392177876
1568392177888
1568392177901
1568392177914
1568392177927
1568392177939
1568392177952
1568392177965
1568392177979
1568392177992
1568392178006
1568392178018
1568392178032
1568392178045
1568392178059
1568392178073
1568392178086
1568392178099
1568392178112
1568392178126
1568392178139
1568392178153
1568392178167
1568392178181
1568392178195
1568392178208
1568392178222
1568392178235
1568392178250
1568392178263
1568392178278
1568392178292
1568392178306
1568392178322
1568392178337
1568392178351
1568392178365
1568392178379
1568392178393
1568392178406
1568392178418
1568392178431
1568392178445
1568392178459
1568392178473
1568392178488
1568392178502
1568392178515
1568392178528
1568392178541
1568392178554
1568392178567
1568392178580
1568392178593
1568392178605
1568392178618
1568392178633
1568392178647
1568392178660
1568392178672
1568392178685
1568392178698
1568392178711
1568392178724
1568392178737
1568392178748
1568392178762
1568392178775
1568392178789
1568392178803
1568392178817
1568392178830
1568392178842
1568392178854
1568392178865
1568392178879
1568392178892
1568392178905
1568392178918
1568392178930
1568392178942
1568392178954
1568392178967
1568392178980
1568392178995
