1568392157024
1568392157036
1568392157052
1568392157065
1568392157081
1568392157095
1568392157109
1568392157122
1568392157137
1568392157153
1568392157166
1568392157181
1568392157194
1568392157208
1568392157222
1568392157235
1568392157248
1568392157263
1568392157276
1568392157289
1568392157302
1568392157313
1568392157326
1568392157340
1568392157352
1568392157365
1568392157378
1568392157391
1568392157404
1568392157416
1568392157430
1568392157443
1568392157456
1568392157468
1568392157481
1568392157495
1568392157507
1568392157521
1568392157535
1568392157549
1568392157562
1568392157574
1568392157587
1568392157600
1568392157613
1568392157626
1568392157639
1568392157653
1568392157667
1568392157680
1568392157693
1568392157707
1568392157721
1568392157734
1568392157748
1568392157762
1568392157774
1568392157787
1568392157800
1568392157813
1568392157826
1568392157840
1568392157853
1568392157866
1568392157879
1568392157892
1568392157905
1568392157919
1568392157932
1568392157946
1568392157959
1568392157974
1568392157986
1568392158000
1568392158014
1568392158028
1568392158041
1568392158054
1568392158068
1568392158081
1568392158094
1568392158108
1568392158121
1568392158134
1568392158147
1568392158160
1568392158174
1568392158187
1568392158200
1568392158214
1568392158227
1568392158240
1568392158254
1568392158268
1568392158280
1568392158294
1568392158307
1568392158322
1568392158335
1568392158349
1568392158363
1568392158377
1568392158391
1568392158404
1568392158418
1568392158431
1568392158445
1568392158458
1568392158471
1568392158485
1568392158498
1568392158511
1568392158525
1568392158538
1568392158551
1568392158563
1568392158576
1568392158589
1568392158602
1568392158614
1568392158627
1568392158640
1568392158653
1568392158665
1568392158677
1568392158689
1568392158701
1568392158714
1568392158726
1568392158739
1568392158751
1568392158763
1568392158775
1568392158788
1568392158800
1568392158812
1568392158824
1568392158836
1568392158848
1568392158860
1568392158872
1568392158883
1568392158895
1568392158908
1568392158920
1568392158934
1568392158947
1568392158960
1568392158973
1568392158986
