1568392170896
1568392170911
1568392170925
1568392170938
1568392170950
1568392170964
1568392170977
1568392170991
1568392171005
1568392171018
1568392171031
1568392171044
1568392171056
1568392171069
1568392171082
1568392171094
1568392171107
1568392171121
1568392171134
1568392171147
1568392171159
1568392171171
1568392171183
1568392171196
1568392171210
1568392171224
1568392171238
1568392171251
1568392171263
1568392171276
1568392171290
1568392171304
1568392171317
1568392171332
1568392171345
1568392171359
1568392171372
1568392171386
1568392171398
1568392171411
1568392171423
1568392171438
1568392171452
1568392171466
1568392171478
1568392171490
1568392171502
1568392171515
1568392171527
1568392171540
1568392171553
1568392171565
1568392171579
1568392171594
1568392171607
1568392171621
1568392171634
1568392171646
1568392171659
1568392171673
1568392171685
1568392171699
1568392171713
1568392171727
1568392171740
1568392171753
1568392171765
1568392171778
1568392171790
1568392171803
1568392171816
1568392171829
1568392171842
1568392171856
1568392171869
1568392171883
1568392171896
1568392171909
1568392171923
1568392171937
1568392171951
1568392171964
1568392171977
1568392171991
1568392172004
1568392172017
1568392172030
1568392172045
1568392172058
1568392172073
1568392172086
1568392172100
1568392172114
1568392172128
1568392172141
1568392172154
1568392172168
1568392172182
1568392172196
1568392172210
1568392172224
1568392172238
1568392172252
1568392172265
1568392172279
1568392172293
1568392172308
1568392172322
1568392172336
1568392172352
1568392172367
1568392172381
1568392172394
1568392172408
1568392172420
1568392172432
1568392172445
1568392172458
1568392172471
1568392172485
1568392172498
1568392172511
1568392172525
1568392172538
1568392172551
1568392172563
1568392172575
1568392172588
1568392172601
1568392172614
1568392172627
1568392172640
1568392172652
1568392172665
1568392172677
1568392172691
1568392172704
1568392172718
1568392172732
1568392172745
1568392172758
1568392172771
1568392172783
1568392172796
1568392172809
1568392172823
1568392172836
1568392172849
1568392172863
1568392172876
