1568392158584
1568392158596
1568392158610
1568392158623
1568392158635
1568392158646
1568392158658
1568392158670
1568392158681
1568392158693
1568392158705
1568392158718
1568392158730
1568392158743
1568392158755
1568392158767
1568392158779
1568392158791
1568392158802
1568392158815
1568392158826
1568392158838
1568392158850
1568392158863
1568392158874
1568392158887
1568392158899
1568392158911
1568392158924
1568392158937
1568392158950
1568392158964
1568392158976
1568392158989
1568392159002
1568392159015
1568392159029
1568392159043
1568392159056
1568392159069
1568392159082
1568392159095
1568392159107
1568392159121
1568392159133
1568392159146
1568392159159
1568392159172
1568392159184
1568392159197
1568392159208
1568392159221
1568392159234
1568392159247
1568392159260
1568392159273
1568392159286
1568392159299
1568392159311
1568392159324
1568392159337
1568392159351
1568392159363
1568392159376
1568392159390
1568392159403
1568392159416
1568392159429
1568392159442
1568392159456
1568392159469
1568392159482
1568392159496
1568392159511
1568392159524
1568392159537
1568392159552
1568392159566
1568392159580
1568392159594
1568392159608
1568392159622
1568392159637
1568392159651
1568392159664
1568392159679
1568392159693
1568392159707
1568392159720
1568392159735
1568392159749
1568392159762
1568392159775
1568392159789
1568392159803
1568392159817
1568392159830
1568392159845
1568392159860
1568392159875
1568392159889
1568392159903
1568392159917
1568392159931
1568392159945
1568392159959
1568392159973
1568392159987
1568392160000
1568392160015
1568392160028
1568392160043
1568392160056
1568392160070
1568392160083
1568392160097
1568392160111
1568392160124
1568392160137
1568392160152
1568392160165
1568392160181
1568392160195
1568392160208
1568392160221
1568392160235
1568392160247
1568392160260
1568392160272
1568392160285
1568392160298
1568392160311
1568392160324
1568392160338
1568392160351
1568392160364
1568392160376
1568392160389
1568392160402
1568392160415
1568392160429
1568392160442
1568392160455
1568392160468
1568392160481
1568392160495
1568392160508
1568392160520
1568392160533
1568392160546
