1570612402188
1570612402201
1570612402213
1570612402224
1570612402235
1570612402247
1570612402259
1570612402270
1570612402281
1570612402292
1570612402303
1570612402314
1570612402326
1570612402337
1570612402348
1570612402359
1570612402370
1570612402381
1570612402393
1570612402405
1570612402417
1570612402427
1570612402439
1570612402451
1570612402464
1570612402477
1570612402487
1570612402499
1570612402511
1570612402522
1570612402533
1570612402545
1570612402558
1570612402571
1570612402582
1570612402594
1570612402605
1570612402618
1570612402631
1570612402643
1570612402655
1570612402667
1570612402678
1570612402689
1570612402701
1570612402714
1570612402724
1570612402736
1570612402748
1570612402761
1570612402773
1570612402785
1570612402796
1570612402808
1570612402820
1570612402833
1570612402845
1570612402856
1570612402868
1570612402880
1570612402893
1570612402906
1570612402919
1570612402931
1570612402943
1570612402954
1570612402965
1570612402978
1570612402990
1570612403001
1570612403012
1570612403025
1570612403037
1570612403050
1570612403063
1570612403075
1570612403086
1570612403098
1570612403110
1570612403122
1570612403135
1570612403147
1570612403159
1570612403171
1570612403184
1570612403197
1570612403210
1570612403222
1570612403235
1570612403247
1570612403259
1570612403272
1570612403285
1570612403296
1570612403308
1570612403320
1570612403334
1570612403348
1570612403361
1570612403374
1570612403386
1570612403398
1570612403411
1570612403423
1570612403436
1570612403448
1570612403460
1570612403472
1570612403486
1570612403499
1570612403511
1570612403525
1570612403538
1570612403550
1570612403562
1570612403574
1570612403586
1570612403597
1570612403610
1570612403622
1570612403635
1570612403648
1570612403661
1570612403673
1570612403686
1570612403697
1570612403710
1570612403723
1570612403736
1570612403748
1570612403760
1570612403772
1570612403785
1570612403797
1570612403808
1570612403822
1570612403835
1570612403847
1570612403860
1570612403873
1570612403886
1570612403898
1570612403910
1570612403921
1570612403933
1570612403945
1570612403957
1570612403969
1570612403982
1570612403994
