1570612371383
1570612371396
1570612371409
1570612371421
1570612371432
1570612371443
1570612371454
1570612371466
1570612371477
1570612371489
1570612371500
1570612371511
1570612371523
1570612371534
1570612371545
1570612371557
1570612371568
1570612371579
1570612371590
1570612371601
1570612371613
1570612371624
1570612371635
1570612371647
1570612371662
1570612371675
1570612371688
1570612371699
1570612371711
1570612371724
1570612371737
1570612371749
1570612371762
1570612371774
1570612371786
1570612371797
1570612371809
1570612371822
1570612371835
1570612371848
1570612371861
1570612371874
1570612371885
1570612371898
1570612371910
1570612371921
1570612371933
1570612371945
1570612371958
1570612371971
1570612371984
1570612371997
1570612372008
1570612372020
1570612372032
1570612372044
1570612372056
1570612372069
1570612372081
1570612372093
1570612372106
1570612372119
1570612372132
1570612372144
1570612372156
1570612372168
1570612372180
1570612372192
1570612372204
1570612372216
1570612372229
1570612372248
1570612372266
1570612372280
1570612372299
1570612372317
1570612372364
1570612372381
1570612372405
1570612372456
1570612372476
1570612372492
1570612372551
1570612372580
1570612372596
1570612372664
1570612372679
1570612372728
1570612372741
1570612372764
1570612372776
1570612372788
1570612372801
1570612372814
1570612372827
1570612372840
1570612372853
1570612372866
1570612372879
1570612372891
1570612372904
1570612372917
1570612372930
1570612372942
1570612372954
1570612372966
1570612372979
1570612372991
1570612373004
1570612373017
1570612373031
1570612373044
1570612373056
1570612373070
1570612373083
1570612373096
1570612373109
1570612373122
1570612373135
1570612373147
1570612373159
1570612373172
1570612373184
1570612373196
1570612373207
1570612373220
1570612373233
1570612373245
1570612373256
1570612373268
1570612373279
1570612373290
1570612373303
1570612373315
1570612373327
1570612373339
1570612373352
1570612373366
1570612373379
1570612373392
1570612373406
1570612373419
1570612373432
1570612373445
1570612373458
1570612373474
1570612373487
1570612373500
1570612373514
1570612373527
