1570612398995
1570612399007
1570612399021
1570612399033
1570612399045
1570612399057
1570612399069
1570612399081
1570612399092
1570612399104
1570612399116
1570612399128
1570612399140
1570612399153
1570612399165
1570612399177
1570612399188
1570612399200
1570612399211
1570612399223
1570612399235
1570612399247
1570612399260
1570612399271
1570612399283
1570612399296
1570612399309
1570612399321
1570612399332
1570612399344
1570612399355
1570612399367
1570612399378
1570612399389
1570612399400
1570612399412
1570612399424
1570612399437
1570612399450
1570612399462
1570612399474
1570612399487
1570612399500
1570612399512
1570612399524
1570612399536
1570612399547
1570612399558
1570612399571
1570612399583
1570612399595
1570612399606
1570612399617
1570612399629
1570612399640
1570612399651
1570612399663
1570612399675
1570612399686
1570612399697
1570612399709
1570612399721
1570612399734
1570612399746
1570612399757
1570612399769
1570612399781
1570612399793
1570612399804
1570612399816
1570612399827
1570612399839
1570612399852
1570612399865
1570612399877
1570612399888
1570612399901
1570612399914
1570612399926
1570612399938
1570612399950
1570612399963
1570612399975
1570612399987
1570612399999
1570612400012
1570612400024
1570612400037
1570612400049
1570612400061
1570612400074
1570612400086
1570612400097
1570612400109
1570612400121
1570612400134
1570612400146
1570612400158
1570612400170
1570612400182
1570612400195
1570612400207
1570612400220
1570612400232
1570612400243
1570612400255
1570612400267
1570612400279
1570612400290
1570612400302
1570612400315
1570612400327
1570612400339
1570612400351
1570612400364
1570612400376
1570612400387
1570612400399
1570612400410
1570612400422
1570612400435
1570612400447
1570612400459
1570612400471
1570612400483
1570612400495
1570612400506
1570612400519
1570612400531
1570612400543
1570612400555
1570612400567
1570612400579
1570612400591
1570612400603
1570612400614
1570612400626
1570612400638
1570612400650
1570612400662
1570612400674
1570612400685
1570612400696
1570612400708
1570612400719
1570612400731
1570612400743
1570612400755
1570612400766
1570612400778
