1570612361648
1570612361661
1570612361674
1570612361686
1570612361697
1570612361708
1570612361719
1570612361730
1570612361741
1570612361751
1570612361762
1570612361773
1570612361785
1570612361797
1570612361809
1570612361820
1570612361831
1570612361843
1570612361854
1570612361865
1570612361876
1570612361887
1570612361899
1570612361910
1570612361921
1570612361934
1570612361945
1570612361957
1570612361968
1570612361980
1570612361992
1570612362004
1570612362015
1570612362027
1570612362039
1570612362051
1570612362063
1570612362076
1570612362087
1570612362099
1570612362111
1570612362123
1570612362134
1570612362145
1570612362157
1570612362168
1570612362179
1570612362191
1570612362204
1570612362217
1570612362229
1570612362241
1570612362251
1570612362263
1570612362275
1570612362287
1570612362299
1570612362311
1570612362323
1570612362335
1570612362348
1570612362360
1570612362372
1570612362383
1570612362395
1570612362407
1570612362419
1570612362429
1570612362441
1570612362453
1570612362465
1570612362475
1570612362488
1570612362500
1570612362513
1570612362525
1570612362537
1570612362550
1570612362561
1570612362573
1570612362585
1570612362597
1570612362608
1570612362622
1570612362634
1570612362648
1570612362661
1570612362674
1570612362686
1570612362698
1570612362710
1570612362722
1570612362735
1570612362747
1570612362760
1570612362772
1570612362785
1570612362797
1570612362810
1570612362823
1570612362835
1570612362848
1570612362860
1570612362872
1570612362885
1570612362897
1570612362909
1570612362922
1570612362935
1570612362948
1570612362961
1570612362973
1570612362986
1570612362999
1570612363012
1570612363025
1570612363037
1570612363050
1570612363063
1570612363076
1570612363089
1570612363103
1570612363116
1570612363129
1570612363142
1570612363155
1570612363168
1570612363182
1570612363195
1570612363207
1570612363220
1570612363232
1570612363245
1570612363258
1570612363270
1570612363282
1570612363294
1570612363306
1570612363317
1570612363329
1570612363340
1570612363352
1570612363365
1570612363376
1570612363388
1570612363401
1570612363413
1570612363424
1570612363436
1570612363447
