1570612392546
1570612392557
1570612392570
1570612392580
1570612392591
1570612392602
1570612392612
1570612392623
1570612392634
1570612392645
1570612392656
1570612392668
1570612392680
1570612392692
1570612392704
1570612392717
1570612392731
1570612392744
1570612392757
1570612392769
1570612392780
1570612392792
1570612392803
1570612392814
1570612392827
1570612392839
1570612392850
1570612392862
1570612392873
1570612392885
1570612392896
1570612392907
1570612392919
1570612392931
1570612392941
1570612392953
1570612392965
1570612392979
1570612392991
1570612393004
1570612393016
1570612393027
1570612393038
1570612393051
1570612393063
1570612393074
1570612393086
1570612393098
1570612393110
1570612393123
1570612393136
1570612393149
1570612393161
1570612393172
1570612393183
1570612393196
1570612393208
1570612393220
1570612393230
1570612393243
1570612393255
1570612393269
1570612393281
1570612393293
1570612393305
1570612393316
1570612393328
1570612393340
1570612393352
1570612393363
1570612393375
1570612393387
1570612393399
1570612393412
1570612393424
1570612393435
1570612393448
1570612393461
1570612393473
1570612393486
1570612393498
1570612393512
1570612393525
1570612393536
1570612393550
1570612393563
1570612393576
1570612393589
1570612393601
1570612393614
1570612393626
1570612393637
1570612393649
1570612393661
1570612393673
1570612393685
1570612393698
1570612393711
1570612393723
1570612393736
1570612393748
1570612393761
1570612393773
1570612393786
1570612393799
1570612393811
1570612393823
1570612393835
1570612393848
1570612393861
1570612393874
1570612393887
1570612393899
1570612393911
1570612393924
1570612393936
1570612393948
1570612393960
1570612393973
1570612393985
1570612393998
1570612394011
1570612394024
1570612394037
1570612394049
1570612394063
1570612394075
1570612394088
1570612394101
1570612394113
1570612394124
1570612394136
1570612394149
1570612394162
1570612394174
1570612394187
1570612394199
1570612394211
1570612394223
1570612394236
1570612394249
1570612394261
1570612394274
1570612394285
1570612394298
1570612394312
1570612394324
1570612394338
1570612394349
1570612394361
