1570612373185
1570612373198
1570612373212
1570612373224
1570612373236
1570612373248
1570612373259
1570612373270
1570612373282
1570612373293
1570612373305
1570612373316
1570612373328
1570612373341
1570612373354
1570612373365
1570612373378
1570612373390
1570612373402
1570612373415
1570612373427
1570612373440
1570612373452
1570612373464
1570612373478
1570612373491
1570612373504
1570612373518
1570612373530
1570612373545
1570612373557
1570612373570
1570612373580
1570612373592
1570612373603
1570612373614
1570612373625
1570612373638
1570612373649
1570612373661
1570612373671
1570612373683
1570612373695
1570612373706
1570612373717
1570612373728
1570612373740
1570612373751
1570612373763
1570612373775
1570612373788
1570612373799
1570612373810
1570612373822
1570612373834
1570612373845
1570612373856
1570612373868
1570612373879
1570612373889
1570612373901
1570612373914
1570612373926
1570612373938
1570612373950
1570612373961
1570612373972
1570612373983
1570612373993
1570612374005
1570612374015
1570612374026
1570612374038
1570612374051
1570612374063
1570612374074
1570612374086
1570612374098
1570612374109
1570612374122
1570612374134
1570612374145
1570612374160
1570612374173
1570612374185
1570612374198
1570612374210
1570612374222
1570612374235
1570612374247
1570612374259
1570612374272
1570612374283
1570612374295
1570612374306
1570612374319
1570612374331
1570612374343
1570612374356
1570612374368
1570612374380
1570612374392
1570612374404
1570612374417
1570612374429
1570612374441
1570612374453
1570612374466
1570612374478
1570612374491
1570612374504
1570612374517
1570612374530
1570612374542
1570612374553
1570612374565
1570612374578
1570612374590
1570612374602
1570612374615
1570612374628
1570612374640
1570612374653
1570612374666
1570612374678
1570612374690
1570612374703
1570612374716
1570612374728
1570612374739
1570612374751
1570612374763
1570612374776
1570612374788
1570612374800
1570612374813
1570612374824
1570612374836
1570612374848
1570612374859
1570612374870
1570612374881
1570612374892
1570612374903
1570612374915
1570612374929
1570612374941
1570612374954
1570612374965
1570612374976
