1570612387719
1570612387730
1570612387742
1570612387753
1570612387765
1570612387776
1570612387786
1570612387797
1570612387807
1570612387818
1570612387829
1570612387840
1570612387852
1570612387868
1570612387880
1570612387892
1570612387904
1570612387916
1570612387927
1570612387939
1570612387950
1570612387961
1570612387972
1570612387984
1570612387996
1570612388008
1570612388021
1570612388034
1570612388045
1570612388057
1570612388067
1570612388078
1570612388090
1570612388101
1570612388111
1570612388123
1570612388135
1570612388147
1570612388158
1570612388170
1570612388181
1570612388192
1570612388203
1570612388215
1570612388225
1570612388236
1570612388248
1570612388259
1570612388270
1570612388283
1570612388295
1570612388309
1570612388321
1570612388333
1570612388343
1570612388355
1570612388367
1570612388379
1570612388390
1570612388401
1570612388413
1570612388425
1570612388435
1570612388447
1570612388458
1570612388470
1570612388481
1570612388492
1570612388504
1570612388516
1570612388526
1570612388538
1570612388551
1570612388563
1570612388575
1570612388586
1570612388598
1570612388610
1570612388622
1570612388632
1570612388644
1570612388656
1570612388668
1570612388681
1570612388695
1570612388709
1570612388721
1570612388734
1570612388746
1570612388758
1570612388770
1570612388782
1570612388794
1570612388806
1570612388819
1570612388831
1570612388844
1570612388857
1570612388870
1570612388882
1570612388895
1570612388908
1570612388921
1570612388933
1570612388946
1570612388959
1570612388972
1570612388985
1570612388999
1570612389012
1570612389025
1570612389038
1570612389051
1570612389064
1570612389077
1570612389089
1570612389102
1570612389115
1570612389129
1570612389141
1570612389154
1570612389169
1570612389181
1570612389194
1570612389208
1570612389237
1570612389250
1570612389264
1570612389277
1570612389292
1570612389307
1570612389320
1570612389343
1570612389357
1570612389370
1570612389381
1570612389394
1570612389406
1570612389418
1570612389431
1570612389442
1570612389454
1570612389465
1570612389477
1570612389489
1570612389501
1570612389514
1570612389527
1570612389539
1570612389552
