1568644685407
1568644685423
1568644685440
1568644685454
1568644685468
1568644685481
1568644685494
1568644685509
1568644685523
1568644685540
1568644685558
1568644685574
1568644685589
1568644685607
1568644685623
1568644685638
1568644685652
1568644685667
1568644685681
1568644685695
1568644685709
1568644685723
1568644685736
1568644685749
1568644685763
1568644685779
1568644685794
1568644685810
1568644685824
1568644685838
1568644685850
1568644685863
1568644685877
1568644685890
1568644685904
1568644685920
1568644685937
1568644685955
1568644685970
1568644685985
1568644686001
1568644686016
1568644686032
1568644686048
1568644686063
1568644686078
1568644686096
1568644686114
1568644686129
1568644686146
1568644686165
1568644686183
1568644686201
1568644686219
1568644686235
1568644686259
1568644686278
1568644686295
1568644686312
1568644686326
1568644686341
1568644686360
1568644686378
1568644686393
1568644686408
1568644686424
1568644686440
1568644686456
1568644686472
1568644686487
1568644686502
1568644686518
1568644686534
1568644686550
1568644686565
1568644686581
1568644686597
1568644686613
1568644686627
1568644686643
1568644686660
1568644686678
1568644686695
1568644686710
1568644686724
1568644686782
1568644686832
1568644686870
1568644686892
1568644686914
1568644686932
1568644686951
1568644686967
1568644686982
1568644686998
1568644687013
1568644687027
1568644687044
1568644687061
1568644687077
1568644687095
1568644687112
1568644687128
1568644687143
1568644687160
1568644687177
1568644687192
1568644687206
1568644687222
1568644687240
1568644687254
1568644687269
1568644687282
1568644687298
1568644687314
1568644687329
1568644687343
1568644687359
1568644687374
1568644687388
1568644687401
1568644687417
1568644687431
1568644687445
1568644687459
1568644687473
1568644687489
1568644687505
1568644687519
1568644687534
1568644687548
1568644687563
1568644687579
1568644687596
1568644687611
1568644687627
1568644687642
1568644687658
1568644687674
1568644687689
1568644687705
1568644687721
1568644687734
1568644687748
1568644687765
1568644687781
1568644687796
1568644687812
1568644687828
1568644687845
