1568644659567
1568644659580
1568644659596
1568644659611
1568644659627
1568644659643
1568644659659
1568644659675
1568644659689
1568644659705
1568644659720
1568644659736
1568644659751
1568644659765
1568644659779
1568644659792
1568644659806
1568644659820
1568644659834
1568644659849
1568644659863
1568644659877
1568644659891
1568644659905
1568644659918
1568644659931
1568644659945
1568644659959
1568644659974
1568644659990
1568644660006
1568644660022
1568644660037
1568644660052
1568644660065
1568644660078
1568644660092
1568644660107
1568644660120
1568644660133
1568644660148
1568644660165
1568644660182
1568644660197
1568644660212
1568644660227
1568644660241
1568644660258
1568644660273
1568644660288
1568644660302
1568644660315
1568644660329
1568644660343
1568644660360
1568644660376
1568644660391
1568644660407
1568644660425
1568644660440
1568644660456
1568644660471
1568644660485
1568644660500
1568644660516
1568644660530
1568644660551
1568644660569
1568644660584
1568644660598
1568644660613
1568644660629
1568644660644
1568644660661
1568644660678
1568644660696
1568644660713
1568644660728
1568644660746
1568644660764
1568644660780
1568644660798
1568644660815
1568644660832
1568644660847
1568644660867
1568644660884
1568644660902
1568644660918
1568644660936
1568644660951
1568644660969
1568644660985
1568644661003
1568644661018
1568644661034
1568644661049
1568644661068
1568644661085
1568644661101
1568644661116
1568644661134
1568644661153
1568644661170
1568644661187
1568644661203
1568644661219
1568644661235
1568644661253
1568644661268
1568644661285
1568644661301
1568644661317
1568644661334
1568644661349
1568644661365
1568644661381
1568644661398
1568644661413
1568644661429
1568644661446
1568644661463
1568644661477
1568644661491
1568644661505
1568644661522
1568644661537
1568644661552
1568644661565
1568644661579
1568644661597
1568644661615
1568644661632
1568644661648
1568644661662
1568644661678
1568644661694
1568644661711
1568644661725
1568644661741
1568644661755
1568644661769
1568644661786
1568644661802
1568644661817
1568644661833
1568644661853
1568644661868
1568644661884
1568644661900
