1568644682022
1568644682038
1568644682056
1568644682071
1568644682087
1568644682103
1568644682119
1568644682136
1568644682151
1568644682167
1568644682182
1568644682197
1568644682212
1568644682228
1568644682243
1568644682258
1568644682273
1568644682289
1568644682304
1568644682318
1568644682331
1568644682345
1568644682358
1568644682376
1568644682392
1568644682410
1568644682425
1568644682439
1568644682455
1568644682470
1568644682484
1568644682501
1568644682515
1568644682530
1568644682544
1568644682561
1568644682576
1568644682593
1568644682607
1568644682623
1568644682640
1568644682656
1568644682670
1568644682684
1568644682698
1568644682714
1568644682729
1568644682743
1568644682757
1568644682770
1568644682783
1568644682795
1568644682810
1568644682827
1568644682841
1568644682856
1568644682870
1568644682883
1568644682895
1568644682911
1568644682928
1568644682945
1568644682960
1568644682975
1568644682990
1568644683004
1568644683019
1568644683034
1568644683050
1568644683067
1568644683083
1568644683099
1568644683114
1568644683132
1568644683149
1568644683166
1568644683182
1568644683197
1568644683212
1568644683228
1568644683244
1568644683260
1568644683276
1568644683292
1568644683309
1568644683326
1568644683341
1568644683356
1568644683370
1568644683387
1568644683402
1568644683417
1568644683432
1568644683449
1568644683464
1568644683482
1568644683498
1568644683515
1568644683531
1568644683547
1568644683565
1568644683581
1568644683596
1568644683611
1568644683628
1568644683645
1568644683660
1568644683677
1568644683692
1568644683708
1568644683724
1568644683741
1568644683756
1568644683771
1568644683786
1568644683800
1568644683814
1568644683830
1568644683846
1568644683863
1568644683879
1568644683896
1568644683910
1568644683924
1568644683936
1568644683949
1568644683963
1568644683977
1568644683994
1568644684010
1568644684025
1568644684040
1568644684053
1568644684068
1568644684082
1568644684096
1568644684110
1568644684127
1568644684141
1568644684154
1568644684167
1568644684181
1568644684194
1568644684207
1568644684221
1568644684235
1568644684250
1568644684266
1568644684282
1568644684298
