1568644637648
1568644637662
1568644637676
1568644637690
1568644637703
1568644637717
1568644637730
1568644637744
1568644637758
1568644637773
1568644637787
1568644637800
1568644637813
1568644637826
1568644637839
1568644637853
1568644637866
1568644637880
1568644637893
1568644637906
1568644637919
1568644637932
1568644637945
1568644637959
1568644637972
1568644637985
1568644637998
1568644638012
1568644638026
1568644638040
1568644638054
1568644638069
1568644638083
1568644638098
1568644638111
1568644638125
1568644638138
1568644638153
1568644638167
1568644638181
1568644638195
1568644638212
1568644638226
1568644638241
1568644638255
1568644638269
1568644638282
1568644638296
1568644638309
1568644638324
1568644638337
1568644638351
1568644638364
1568644638378
1568644638392
1568644638406
1568644638419
1568644638433
1568644638446
1568644638460
1568644638473
1568644638489
1568644638504
1568644638518
1568644638532
1568644638546
1568644638559
1568644638572
1568644638586
1568644638601
1568644638615
1568644638633
1568644638647
1568644638662
1568644638676
1568644638690
1568644638705
1568644638719
1568644638733
1568644638747
1568644638761
1568644638775
1568644638789
1568644638803
1568644638816
1568644638833
1568644638847
1568644638862
1568644638876
1568644638891
1568644638905
1568644638920
1568644638934
1568644638949
1568644638963
1568644638978
1568644638992
1568644639008
1568644639022
1568644639037
1568644639051
1568644639067
1568644639081
1568644639096
1568644639110
1568644639126
1568644639141
1568644639156
1568644639172
1568644639188
1568644639204
1568644639220
1568644639235
1568644639251
1568644639264
1568644639278
1568644639292
1568644639307
1568644639322
1568644639338
1568644639351
1568644639367
1568644639383
1568644639398
1568644639413
1568644639426
1568644639440
1568644639456
1568644639471
1568644639485
1568644639498
1568644639512
1568644639524
1568644639539
1568644639553
1568644639567
1568644639583
1568644639598
1568644639613
1568644639628
1568644639643
1568644639657
1568644639670
1568644639684
1568644639697
1568644639712
1568644639727
1568644639742
1568644639756
1568644639771
