1568644671554
1568644671571
1568644671589
1568644671605
1568644671620
1568644671634
1568644671649
1568644671664
1568644671679
1568644671695
1568644671712
1568644671727
1568644671740
1568644671792
1568644671850
1568644671888
1568644671913
1568644671934
1568644671953
1568644671970
1568644671985
1568644672002
1568644672017
1568644672032
1568644672046
1568644672063
1568644672078
1568644672095
1568644672110
1568644672125
1568644672139
1568644672156
1568644672171
1568644672188
1568644672201
1568644672215
1568644672230
1568644672247
1568644672260
1568644672275
1568644672289
1568644672307
1568644672323
1568644672339
1568644672353
1568644672367
1568644672380
1568644672395
1568644672409
1568644672427
1568644672443
1568644672458
1568644672471
1568644672489
1568644672503
1568644672521
1568644672538
1568644672556
1568644672573
1568644672589
1568644672605
1568644672621
1568644672637
1568644672653
1568644672668
1568644672683
1568644672698
1568644672712
1568644672727
1568644672743
1568644672760
1568644672778
1568644672793
1568644672811
1568644672825
1568644672841
1568644672856
1568644672873
1568644672890
1568644672905
1568644672921
1568644672936
1568644672953
1568644672969
1568644672983
1568644673051
1568644673099
1568644673133
1568644673158
1568644673179
1568644673198
1568644673215
1568644673232
1568644673246
1568644673261
1568644673277
1568644673290
1568644673307
1568644673324
1568644673341
1568644673357
1568644673374
1568644673391
1568644673405
1568644673420
1568644673436
1568644673451
1568644673465
1568644673480
1568644673496
1568644673510
1568644673526
1568644673539
1568644673554
1568644673569
1568644673584
1568644673600
1568644673615
1568644673631
1568644673649
1568644673664
1568644673681
1568644673698
1568644673713
1568644673729
1568644673746
1568644673761
1568644673775
1568644673790
1568644673805
1568644673818
1568644673833
1568644673849
1568644673868
1568644673884
1568644673899
1568644673913
1568644673928
1568644673943
1568644673961
1568644673977
1568644673991
1568644674006
1568644674020
1568644674033
1568644674047
1568644674060
1568644674073
1568644674086
1568644674100
