1568646026101
1568646026114
1568646026131
1568646026145
1568646026159
1568646026173
1568646026187
1568646026201
1568646026214
1568646026227
1568646026241
1568646026255
1568646026270
1568646026284
1568646026297
1568646026311
1568646026324
1568646026339
1568646026353
1568646026368
1568646026383
1568646026397
1568646026413
1568646026428
1568646026442
1568646026458
1568646026474
1568646026488
1568646026504
1568646026520
1568646026534
1568646026549
1568646026564
1568646026578
1568646026591
1568646026606
1568646026621
1568646026636
1568646026650
1568646026664
1568646026680
1568646026695
1568646026710
1568646026724
1568646026738
1568646026752
1568646026767
1568646026782
1568646026795
1568646026809
1568646026824
1568646026838
1568646026852
1568646026867
1568646026882
1568646026898
1568646026915
1568646026931
1568646026945
1568646026959
1568646026974
1568646026989
1568646027004
1568646027020
1568646027035
1568646027049
1568646027065
1568646027080
1568646027093
1568646027107
1568646027122
1568646027138
1568646027153
1568646027169
1568646027182
1568646027198
1568646027213
1568646027228
1568646027243
1568646027258
1568646027273
1568646027288
1568646027303
1568646027321
1568646027337
1568646027353
1568646027367
1568646027381
1568646027394
1568646027410
1568646027425
1568646027442
1568646027457
1568646027472
1568646027488
1568646027502
1568646027516
1568646027532
1568646027548
1568646027563
1568646027578
1568646027593
1568646027608
1568646027622
1568646027636
1568646027651
1568646027666
1568646027680
1568646027694
1568646027710
1568646027725
1568646027742
1568646027757
1568646027771
1568646027783
1568646027797
1568646027810
1568646027826
1568646027843
1568646027858
1568646027874
1568646027889
1568646027905
1568646027919
1568646027933
1568646027947
1568646027960
1568646027973
1568646027987
1568646028000
1568646028014
1568646028027
1568646028041
1568646028057
1568646028073
1568646028088
1568646028101
1568646028116
1568646028130
1568646028145
1568646028160
1568646028175
1568646028189
1568646028205
1568646028219
1568646028236
1568646028252
1568646028267
1568646028282
1568646028296
