1568646053558
1568646053572
1568646053590
1568646053606
1568646053621
1568646053636
1568646053652
1568646053667
1568646053683
1568646053698
1568646053714
1568646053729
1568646053743
1568646053759
1568646053774
1568646053788
1568646053802
1568646053818
1568646053833
1568646053848
1568646053862
1568646053877
1568646053891
1568646053905
1568646053921
1568646053936
1568646053950
1568646053964
1568646053980
1568646053994
1568646054010
1568646054027
1568646054041
1568646054055
1568646054069
1568646054087
1568646054103
1568646054119
1568646054133
1568646054151
1568646054167
1568646054185
1568646054200
1568646054217
1568646054234
1568646054252
1568646054270
1568646054285
1568646054299
1568646054315
1568646054331
1568646054350
1568646054366
1568646054382
1568646054396
1568646054410
1568646054426
1568646054443
1568646054458
1568646054473
1568646054489
1568646054507
1568646054522
1568646054540
1568646054555
1568646054570
1568646054584
1568646054600
1568646054614
1568646054628
1568646054644
1568646054660
1568646054675
1568646054691
1568646054706
1568646054721
1568646054737
1568646054754
1568646054769
1568646054785
1568646054801
1568646054816
1568646054831
1568646054847
1568646054862
1568646054880
1568646054896
1568646054911
1568646054927
1568646054943
1568646054958
1568646054973
1568646054987
1568646055002
1568646055019
1568646055037
1568646055052
1568646055068
1568646055084
1568646055100
1568646055114
1568646055131
1568646055147
1568646055163
1568646055178
1568646055193
1568646055209
1568646055225
1568646055240
1568646055255
1568646055270
1568646055286
1568646055302
1568646055318
1568646055333
1568646055348
1568646055363
1568646055378
1568646055392
1568646055407
1568646055421
1568646055436
1568646055451
1568646055466
1568646055481
1568646055495
1568646055510
1568646055525
1568646055540
1568646055554
1568646055568
1568646055582
1568646055598
1568646055615
1568646055631
1568646055646
1568646055660
1568646055676
1568646055689
1568646055703
1568646055718
1568646055734
1568646055749
1568646055764
1568646055778
1568646055793
1568646055806
1568646055825
1568646055844
1568646055859
