1568646037926
1568646037941
1568646037959
1568646037976
1568646037993
1568646038010
1568646038026
1568646038041
1568646038055
1568646038069
1568646038085
1568646038103
1568646038120
1568646038139
1568646038161
1568646038178
1568646038194
1568646038210
1568646038232
1568646038250
1568646038267
1568646038284
1568646038300
1568646038317
1568646038333
1568646038351
1568646038365
1568646038381
1568646038395
1568646038410
1568646038426
1568646038447
1568646038462
1568646038478
1568646038492
1568646038506
1568646038520
1568646038538
1568646038554
1568646038570
1568646038584
1568646038597
1568646038613
1568646038629
1568646038648
1568646038666
1568646038684
1568646038700
1568646038718
1568646038739
1568646038755
1568646038771
1568646038785
1568646038805
1568646038825
1568646038843
1568646038858
1568646038878
1568646038897
1568646038918
1568646038936
1568646038955
1568646038972
1568646038992
1568646039011
1568646039027
1568646039044
1568646039060
1568646039076
1568646039092
1568646039107
1568646039125
1568646039144
1568646039164
1568646039181
1568646039198
1568646039214
1568646039231
1568646039249
1568646039265
1568646039280
1568646039294
1568646039310
1568646039327
1568646039343
1568646039361
1568646039379
1568646039396
1568646039412
1568646039427
1568646039442
1568646039457
1568646039474
1568646039490
1568646039505
1568646039519
1568646039534
1568646039550
1568646039566
1568646039584
1568646039601
1568646039617
1568646039632
1568646039647
1568646039665
1568646039680
1568646039695
1568646039712
1568646039728
1568646039744
1568646039759
1568646039775
1568646039789
1568646039804
1568646039818
1568646039834
1568646039850
1568646039865
1568646039880
1568646039894
1568646039908
1568646039924
1568646039938
1568646039954
1568646039969
1568646039984
1568646039997
1568646040012
1568646040028
1568646040043
1568646040058
1568646040071
1568646040085
1568646040099
1568646040114
1568646040132
1568646040147
1568646040164
1568646040179
1568646040194
1568646040208
1568646040221
1568646040236
1568646040250
1568646040266
1568646040283
1568646040300
1568646040315
1568646040330
1568646040345
