1568646034476
1568646034490
1568646034505
1568646034519
1568646034533
1568646034547
1568646034561
1568646034575
1568646034589
1568646034606
1568646034621
1568646034636
1568646034651
1568646034667
1568646034682
1568646034697
1568646034711
1568646034725
1568646034738
1568646034755
1568646034770
1568646034784
1568646034798
1568646034811
1568646034824
1568646034837
1568646034851
1568646034866
1568646034881
1568646034895
1568646034909
1568646034924
1568646034938
1568646034951
1568646034965
1568646034982
1568646034996
1568646035010
1568646035027
1568646035042
1568646035058
1568646035074
1568646035089
1568646035103
1568646035116
1568646035129
1568646035143
1568646035158
1568646035196
1568646035264
1568646035297
1568646035328
1568646035346
1568646035369
1568646035385
1568646035402
1568646035416
1568646035430
1568646035442
1568646035457
1568646035470
1568646035488
1568646035503
1568646035520
1568646035535
1568646035549
1568646035564
1568646035580
1568646035595
1568646035611
1568646035625
1568646035639
1568646035654
1568646035670
1568646035684
1568646035698
1568646035712
1568646035728
1568646035744
1568646035760
1568646035776
1568646035792
1568646035808
1568646035823
1568646035838
1568646035855
1568646035872
1568646035889
1568646035904
1568646035920
1568646035934
1568646035949
1568646035966
1568646035981
1568646035996
1568646036011
1568646036027
1568646036045
1568646036061
1568646036077
1568646036092
1568646036108
1568646036124
1568646036140
1568646036155
1568646036173
1568646036190
1568646036207
1568646036222
1568646036237
1568646036252
1568646036269
1568646036286
1568646036303
1568646036320
1568646036337
1568646036353
1568646036370
1568646036386
1568646036402
1568646036418
1568646036436
1568646036452
1568646036468
1568646036486
1568646036502
1568646036517
1568646036534
1568646036550
1568646036566
1568646036584
1568646036599
1568646036615
1568646036633
1568646036648
1568646036662
1568646036675
1568646036691
1568646036706
1568646036725
1568646036739
1568646036754
1568646036770
1568646036787
1568646036804
1568646036820
1568646036836
1568646036850
1568646036862
1568646036875
