1568646019372
1568646019387
1568646019402
1568646019418
1568646019434
1568646019449
1568646019463
1568646019476
1568646019489
1568646019502
1568646019515
1568646019530
1568646019546
1568646019562
1568646019578
1568646019592
1568646019606
1568646019619
1568646019632
1568646019646
1568646019659
1568646019673
1568646019685
1568646019700
1568646019716
1568646019732
1568646019746
1568646019759
1568646019772
1568646019788
1568646019801
1568646019816
1568646019831
1568646019846
1568646019859
1568646019872
1568646019885
1568646019903
1568646019919
1568646019935
1568646019949
1568646019963
1568646019976
1568646019989
1568646020002
1568646020016
1568646020029
1568646020043
1568646020060
1568646020075
1568646020089
1568646020103
1568646020117
1568646020131
1568646020144
1568646020158
1568646020171
1568646020184
1568646020198
1568646020215
1568646020230
1568646020244
1568646020259
1568646020273
1568646020287
1568646020303
1568646020317
1568646020331
1568646020345
1568646020359
1568646020373
1568646020388
1568646020403
1568646020419
1568646020434
1568646020449
1568646020463
1568646020477
1568646020493
1568646020509
1568646020523
1568646020539
1568646020554
1568646020569
1568646020587
1568646020604
1568646020620
1568646020638
1568646020654
1568646020671
1568646020687
1568646020703
1568646020718
1568646020734
1568646020749
1568646020766
1568646020782
1568646020798
1568646020814
1568646020830
1568646020845
1568646020861
1568646020877
1568646020894
1568646020909
1568646020926
1568646020944
1568646020961
1568646020976
1568646020994
1568646021009
1568646021027
1568646021042
1568646021056
1568646021071
1568646021085
1568646021101
1568646021115
1568646021128
1568646021142
1568646021157
1568646021171
1568646021185
1568646021201
1568646021216
1568646021231
1568646021246
1568646021260
1568646021273
1568646021287
1568646021302
1568646021317
1568646021332
1568646021348
1568646021363
1568646021377
1568646021392
1568646021407
1568646021420
1568646021434
1568646021449
1568646021463
1568646021480
1568646021497
1568646021511
1568646021527
1568646021544
1568646021559
1568646021576
1568646021594
