1568646060387
1568646060402
1568646060417
1568646060431
1568646060446
1568646060462
1568646060478
1568646060494
1568646060510
1568646060527
1568646060544
1568646060559
1568646060574
1568646060590
1568646060606
1568646060621
1568646060636
1568646060652
1568646060667
1568646060684
1568646060699
1568646060715
1568646060729
1568646060743
1568646060759
1568646060776
1568646060792
1568646060807
1568646060823
1568646060838
1568646060854
1568646060869
1568646060884
1568646060897
1568646060910
1568646060923
1568646060937
1568646060952
1568646060967
1568646060984
1568646061001
1568646061018
1568646061034
1568646061054
1568646061070
1568646061086
1568646061101
1568646061116
1568646061133
1568646061150
1568646061166
1568646061180
1568646061199
1568646061218
1568646061234
1568646061250
1568646061264
1568646061277
1568646061292
1568646061310
1568646061325
1568646061342
1568646061358
1568646061374
1568646061389
1568646061406
1568646061422
1568646061438
1568646061453
1568646061469
1568646061485
1568646061500
1568646061514
1568646061532
1568646061548
1568646061565
1568646061580
1568646061597
1568646061612
1568646061628
1568646061644
1568646061660
1568646061677
1568646061693
1568646061708
1568646061724
1568646061739
1568646061756
1568646061771
1568646061788
1568646061803
1568646061820
1568646061836
1568646061852
1568646061867
1568646061883
1568646061898
1568646061916
1568646061933
1568646061950
1568646061966
1568646061982
1568646061999
1568646062014
1568646062031
1568646062047
1568646062061
1568646062077
1568646062092
1568646062109
1568646062127
1568646062143
1568646062159
1568646062175
1568646062190
1568646062204
1568646062218
1568646062232
1568646062248
1568646062264
1568646062279
1568646062295
1568646062309
1568646062324
1568646062341
1568646062357
1568646062373
1568646062390
1568646062406
1568646062421
1568646062439
1568646062455
1568646062471
1568646062491
1568646062508
1568646062524
1568646062540
1568646062554
1568646062569
1568646062583
1568646062600
1568646062615
1568646062633
1568646062648
1568646062666
1568646062684
1568646062700
1568646062718
1568646062732
1568646062745
