1567791541175
1567791541188
1567791541201
1567791541213
1567791541225
1567791541238
1567791541249
1567791541262
1567791541274
1567791541286
1567791541299
1567791541310
1567791541322
1567791541337
1567791541348
1567791541361
1567791541373
1567791541386
1567791541398
1567791541410
1567791541422
1567791541434
1567791541447
1567791541460
1567791541473
1567791541486
1567791541499
1567791541512
1567791541525
1567791541538
1567791541550
1567791541563
1567791541576
1567791541588
1567791541601
1567791541613
1567791541626
1567791541640
1567791541652
1567791541665
1567791541677
1567791541690
1567791541702
1567791541715
1567791541728
1567791541742
1567791541754
1567791541767
1567791541781
1567791541794
1567791541807
1567791541820
1567791541833
1567791541845
1567791541858
1567791541872
1567791541884
1567791541896
1567791541908
1567791541921
1567791541934
1567791541948
1567791541961
1567791541974
1567791541986
1567791541998
1567791542010
1567791542023
1567791542036
1567791542049
1567791542061
1567791542073
1567791542085
1567791542098
1567791542110
1567791542123
1567791542135
1567791542149
1567791542162
1567791542176
1567791542189
1567791542202
1567791542214
1567791542227
1567791542240
1567791542254
1567791542267
1567791542280
1567791542293
1567791542306
1567791542319
1567791542333
1567791542346
1567791542359
1567791542372
1567791542385
1567791542399
1567791542413
1567791542426
1567791542440
1567791542452
1567791542465
1567791542478
1567791542491
1567791542504
1567791542517
1567791542530
1567791542544
1567791542557
1567791542572
1567791542585
1567791542598
1567791542611
1567791542624
1567791542637
1567791542651
1567791542663
1567791542677
1567791542689
1567791542702
1567791542716
1567791542731
1567791542744
1567791542758
1567791542771
1567791542784
1567791542796
1567791542809
1567791542821
1567791542833
1567791542845
1567791542857
1567791542870
1567791542883
1567791542894
1567791542906
1567791542917
1567791542929
1567791542941
1567791542953
1567791542964
1567791542976
1567791542987
1567791542999
1567791543011
1567791543024
1567791543036
1567791543048
1567791543059
1567791543071
