1567791566503
1567791566515
1567791566529
1567791566541
1567791566553
1567791566564
1567791566576
1567791566588
1567791566599
1567791566611
1567791566623
1567791566635
1567791566647
1567791566659
1567791566671
1567791566683
1567791566695
1567791566707
1567791566718
1567791566730
1567791566741
1567791566753
1567791566765
1567791566777
1567791566790
1567791566803
1567791566815
1567791566827
1567791566839
1567791566851
1567791566862
1567791566874
1567791566886
1567791566898
1567791566909
1567791566921
1567791566933
1567791566946
1567791566958
1567791566971
1567791566983
1567791566994
1567791567006
1567791567019
1567791567031
1567791567043
1567791567054
1567791567066
1567791567078
1567791567091
1567791567103
1567791567116
1567791567129
1567791567141
1567791567152
1567791567164
1567791567176
1567791567188
1567791567200
1567791567211
1567791567223
1567791567236
1567791567248
1567791567261
1567791567273
1567791567285
1567791567296
1567791567308
1567791567320
1567791567333
1567791567345
1567791567356
1567791567368
1567791567381
1567791567393
1567791567405
1567791567417
1567791567429
1567791567440
1567791567453
1567791567465
1567791567479
1567791567492
1567791567504
1567791567517
1567791567531
1567791567544
1567791567557
1567791567569
1567791567582
1567791567594
1567791567607
1567791567620
1567791567632
1567791567644
1567791567657
1567791567670
1567791567684
1567791567697
1567791567710
1567791567723
1567791567737
1567791567749
1567791567762
1567791567775
1567791567788
1567791567801
1567791567814
1567791567827
1567791567841
1567791567854
1567791567866
1567791567879
1567791567893
1567791567905
1567791567918
1567791567931
1567791567944
1567791567957
1567791567970
1567791567983
1567791567997
1567791568010
1567791568023
1567791568035
1567791568047
1567791568058
1567791568070
1567791568082
1567791568094
1567791568105
1567791568118
1567791568130
1567791568143
1567791568155
1567791568167
1567791568178
1567791568190
1567791568202
1567791568214
1567791568226
1567791568237
1567791568249
1567791568260
1567791568272
1567791568286
1567791568298
1567791568309
1567791568321
1567791568333
