1567791572613
1567791572627
1567791572641
1567791572653
1567791572665
1567791572677
1567791572688
1567791572700
1567791572711
1567791572723
1567791572734
1567791572746
1567791572758
1567791572770
1567791572781
1567791572793
1567791572805
1567791572817
1567791572828
1567791572840
1567791572852
1567791572864
1567791572875
1567791572887
1567791572899
1567791572912
1567791572924
1567791572936
1567791572948
1567791572960
1567791572972
1567791572984
1567791572996
1567791573007
1567791573019
1567791573031
1567791573044
1567791573057
1567791573069
1567791573080
1567791573091
1567791573103
1567791573115
1567791573126
1567791573138
1567791573150
1567791573162
1567791573175
1567791573188
1567791573202
1567791573214
1567791573225
1567791573237
1567791573250
1567791573262
1567791573274
1567791573287
1567791573299
1567791573310
1567791573322
1567791573334
1567791573347
1567791573359
1567791573372
1567791573385
1567791573398
1567791573410
1567791573423
1567791573435
1567791573449
1567791573461
1567791573473
1567791573486
1567791573498
1567791573511
1567791573523
1567791573535
1567791573547
1567791573559
1567791573571
1567791573584
1567791573597
1567791573611
1567791573624
1567791573637
1567791573650
1567791573663
1567791573675
1567791573688
1567791573701
1567791573713
1567791573726
1567791573739
1567791573752
1567791573765
1567791573778
1567791573791
1567791573805
1567791573819
1567791573833
1567791573846
1567791573859
1567791573873
1567791573886
1567791573899
1567791573912
1567791573925
1567791573938
1567791573951
1567791573965
1567791573979
1567791573992
1567791574005
1567791574019
1567791574032
1567791574046
1567791574058
1567791574071
1567791574083
1567791574096
1567791574110
1567791574124
1567791574137
1567791574149
1567791574161
1567791574173
1567791574185
1567791574196
1567791574208
1567791574221
1567791574233
1567791574245
1567791574257
1567791574269
1567791574281
1567791574293
1567791574305
1567791574317
1567791574329
1567791574341
1567791574353
1567791574365
1567791574376
1567791574388
1567791574400
1567791574413
1567791574425
1567791574437
1567791574449
1567791574461
