1567791534577
1567791534590
1567791534603
1567791534615
1567791534626
1567791534638
1567791534650
1567791534661
1567791534673
1567791534685
1567791534696
1567791534708
1567791534721
1567791534734
1567791534747
1567791534759
1567791534771
1567791534784
1567791534795
1567791534807
1567791534819
1567791534832
1567791534845
1567791534858
1567791534871
1567791534885
1567791534898
1567791534911
1567791534924
1567791534937
1567791534950
1567791534963
1567791534976
1567791534987
1567791534999
1567791535011
1567791535024
1567791535038
1567791535051
1567791535064
1567791535077
1567791535090
1567791535102
1567791535116
1567791535129
1567791535142
1567791535154
1567791535167
1567791535180
1567791535194
1567791535208
1567791535220
1567791535234
1567791535247
1567791535260
1567791535273
1567791535287
1567791535300
1567791535313
1567791535327
1567791535340
1567791535354
1567791535367
1567791535380
1567791535393
1567791535406
1567791535419
1567791535432
1567791535445
1567791535458
1567791535471
1567791535484
1567791535497
1567791535511
1567791535524
1567791535537
1567791535549
1567791535562
1567791535575
1567791535588
1567791535601
1567791535615
1567791535628
1567791535641
1567791535655
1567791535669
1567791535682
1567791535695
1567791535709
1567791535722
1567791535735
1567791535748
1567791535762
1567791535775
1567791535789
1567791535802
1567791535815
1567791535828
1567791535842
1567791535855
1567791535867
1567791535881
1567791535894
1567791535907
1567791535920
1567791535933
1567791535946
1567791535960
1567791535973
1567791535987
1567791535999
1567791536012
1567791536024
1567791536038
1567791536051
1567791536064
1567791536077
1567791536090
1567791536103
1567791536116
1567791536129
1567791536144
1567791536157
1567791536170
1567791536183
1567791536196
1567791536209
1567791536221
1567791536232
1567791536245
1567791536256
1567791536268
1567791536280
1567791536293
1567791536304
1567791536316
1567791536327
1567791536339
1567791536351
1567791536363
1567791536375
1567791536386
1567791536398
1567791536410
1567791536422
1567791536434
1567791536446
1567791536457
1567791536469
1567791536481
