1567791536225
1567791536237
1567791536251
1567791536263
1567791536275
1567791536286
1567791536298
1567791536310
1567791536321
1567791536333
1567791536344
1567791536356
1567791536368
1567791536381
1567791536393
1567791536404
1567791536416
1567791536427
1567791536439
1567791536451
1567791536462
1567791536474
1567791536486
1567791536499
1567791536511
1567791536524
1567791536536
1567791536549
1567791536560
1567791536572
1567791536584
1567791536597
1567791536608
1567791536621
1567791536635
1567791536648
1567791536660
1567791536673
1567791536685
1567791536697
1567791536709
1567791536721
1567791536733
1567791536746
1567791536757
1567791536769
1567791536781
1567791536793
1567791536806
1567791536820
1567791536832
1567791536845
1567791536856
1567791536868
1567791536880
1567791536892
1567791536904
1567791536916
1567791536927
1567791536940
1567791536952
1567791536966
1567791536978
1567791536991
1567791537003
1567791537016
1567791537029
1567791537042
1567791537053
1567791537065
1567791537077
1567791537089
1567791537102
1567791537115
1567791537128
1567791537139
1567791537151
1567791537163
1567791537175
1567791537188
1567791537200
1567791537213
1567791537226
1567791537239
1567791537252
1567791537265
1567791537278
1567791537291
1567791537303
1567791537317
1567791537329
1567791537341
1567791537354
1567791537367
1567791537379
1567791537392
1567791537406
1567791537420
1567791537433
1567791537446
1567791537460
1567791537473
1567791537485
1567791537499
1567791537512
1567791537525
1567791537538
1567791537551
1567791537564
1567791537578
1567791537591
1567791537604
1567791537617
1567791537630
1567791537642
1567791537656
1567791537669
1567791537681
1567791537694
1567791537707
1567791537721
1567791537735
1567791537747
1567791537761
1567791537773
1567791537787
1567791537799
1567791537812
1567791537825
1567791537838
1567791537851
1567791537865
1567791537878
1567791537892
1567791537904
1567791537916
1567791537927
1567791537939
1567791537951
1567791537963
1567791537974
1567791537986
1567791537998
1567791538010
1567791538022
1567791538036
1567791538049
1567791538061
1567791538072
1567791538085
