1567791584947
1567791584960
1567791584973
1567791584985
1567791584996
1567791585008
1567791585020
1567791585032
1567791585043
1567791585055
1567791585066
1567791585078
1567791585090
1567791585103
1567791585114
1567791585126
1567791585138
1567791585149
1567791585161
1567791585174
1567791585185
1567791585197
1567791585208
1567791585221
1567791585234
1567791585246
1567791585258
1567791585270
1567791585282
1567791585294
1567791585307
1567791585319
1567791585331
1567791585343
1567791585355
1567791585367
1567791585379
1567791585393
1567791585405
1567791585418
1567791585429
1567791585441
1567791585452
1567791585464
1567791585476
1567791585487
1567791585500
1567791585512
1567791585525
1567791585538
1567791585550
1567791585564
1567791585576
1567791585589
1567791585600
1567791585613
1567791585625
1567791585638
1567791585650
1567791585663
1567791585676
1567791585690
1567791585702
1567791585715
1567791585727
1567791585738
1567791585751
1567791585763
1567791585776
1567791585789
1567791585802
1567791585815
1567791585829
1567791585842
1567791585855
1567791585867
1567791585880
1567791585893
1567791585905
1567791585918
1567791585930
1567791585944
1567791585956
1567791585970
1567791585982
1567791585997
1567791586009
1567791586020
1567791586033
1567791586046
1567791586057
1567791586070
1567791586081
1567791586094
1567791586104
1567791586116
1567791586129
1567791586141
1567791586153
1567791586164
1567791586175
1567791586187
1567791586197
1567791586209
1567791586220
1567791586232
1567791586242
1567791586254
1567791586266
1567791586279
1567791586289
1567791586301
1567791586312
1567791586324
1567791586335
1567791586346
1567791586357
1567791586368
1567791586379
1567791586391
1567791586402
1567791586414
1567791586426
1567791586438
1567791586449
1567791586460
1567791586471
1567791586483
1567791586493
1567791586504
1567791586516
1567791586527
1567791586539
1567791586551
1567791586563
1567791586575
1567791586586
1567791586598
1567791586609
1567791586621
1567791586631
1567791586643
1567791586655
1567791586666
1567791586677
1567791586690
1567791586701
1567791586713
1567791586724
1567791586736
