1568218509479
1568218509492
1568218509506
1568218509518
1568218509529
1568218509541
1568218509552
1568218509564
1568218509577
1568218509589
1568218509600
1568218509612
1568218509624
1568218509637
1568218509649
1568218509661
1568218509673
1568218509685
1568218509697
1568218509709
1568218509721
1568218509733
1568218509744
1568218509756
1568218509768
1568218509781
1568218509793
1568218509805
1568218509817
1568218509831
1568218509843
1568218509856
1568218509869
1568218509882
1568218509895
1568218509908
1568218509921
1568218509935
1568218509948
1568218509960
1568218509972
1568218509986
1568218509999
1568218510012
1568218510024
1568218510038
1568218510050
1568218510063
1568218510074
1568218510088
1568218510102
1568218510114
1568218510126
1568218510138
1568218510151
1568218510163
1568218510176
1568218510188
1568218510200
1568218510212
1568218510225
1568218510239
1568218510252
1568218510264
1568218510277
1568218510289
1568218510301
1568218510314
1568218510327
1568218510340
1568218510352
1568218510364
1568218510378
1568218510391
1568218510403
1568218510416
1568218510428
1568218510441
1568218510455
1568218510468
1568218510481
1568218510493
1568218510506
1568218510519
1568218510532
1568218510545
1568218510559
1568218510573
1568218510585
1568218510599
1568218510611
1568218510625
1568218510638
1568218510651
1568218510664
1568218510678
1568218510691
1568218510705
1568218510718
1568218510732
1568218510745
1568218510758
1568218510771
1568218510784
1568218510797
1568218510810
1568218510824
1568218510837
1568218510850
1568218510864
1568218510876
1568218510889
1568218510903
1568218510916
1568218510929
1568218510942
1568218510955
1568218510968
1568218510981
1568218510994
1568218511007
1568218511021
1568218511033
1568218511045
1568218511057
1568218511070
1568218511083
1568218511096
1568218511107
1568218511119
1568218511132
1568218511144
1568218511156
1568218511169
1568218511181
1568218511194
1568218511205
1568218511218
1568218511230
1568218511243
1568218511255
1568218511268
1568218511281
1568218511294
1568218511306
1568218511320
1568218511333
1568218511345
1568218511357
1568218511369
