1568218512558
1568218512570
1568218512584
1568218512596
1568218512608
1568218512620
1568218512632
1568218512645
1568218512657
1568218512669
1568218512681
1568218512694
1568218512706
1568218512719
1568218512732
1568218512744
1568218512756
1568218512769
1568218512781
1568218512793
1568218512805
1568218512817
1568218512829
1568218512841
1568218512853
1568218512866
1568218512879
1568218512891
1568218512904
1568218512916
1568218512929
1568218512943
1568218512955
1568218512968
1568218512982
1568218512995
1568218513008
1568218513021
1568218513034
1568218513047
1568218513059
1568218513072
1568218513085
1568218513098
1568218513111
1568218513123
1568218513136
1568218513147
1568218513159
1568218513172
1568218513185
1568218513198
1568218513211
1568218513223
1568218513236
1568218513248
1568218513261
1568218513273
1568218513284
1568218513297
1568218513309
1568218513323
1568218513336
1568218513348
1568218513361
1568218513374
1568218513386
1568218513399
1568218513412
1568218513425
1568218513436
1568218513448
1568218513461
1568218513474
1568218513488
1568218513501
1568218513513
1568218513526
1568218513539
1568218513552
1568218513565
1568218513577
1568218513590
1568218513604
1568218513617
1568218513631
1568218513644
1568218513657
1568218513671
1568218513684
1568218513696
1568218513710
1568218513723
1568218513737
1568218513750
1568218513763
1568218513776
1568218513790
1568218513803
1568218513816
1568218513829
1568218513843
1568218513856
1568218513869
1568218513882
1568218513895
1568218513908
1568218513921
1568218513934
1568218513949
1568218513961
1568218513975
1568218513988
1568218514001
1568218514014
1568218514027
1568218514040
1568218514054
1568218514067
1568218514080
1568218514092
1568218514105
1568218514118
1568218514131
1568218514144
1568218514157
1568218514170
1568218514183
1568218514195
1568218514209
1568218514221
1568218514234
1568218514247
1568218514260
1568218514273
1568218514286
1568218514299
1568218514312
1568218514324
1568218514337
1568218514350
1568218514362
1568218514374
1568218514387
1568218514401
1568218514415
1568218514427
1568218514441
1568218514454
1568218514467
