1568218506398
1568218506411
1568218506425
1568218506437
1568218506448
1568218506461
1568218506472
1568218506484
1568218506496
1568218506508
1568218506520
1568218506532
1568218506544
1568218506557
1568218506570
1568218506583
1568218506595
1568218506608
1568218506620
1568218506632
1568218506644
1568218506656
1568218506668
1568218506680
1568218506693
1568218506706
1568218506719
1568218506732
1568218506744
1568218506756
1568218506768
1568218506782
1568218506794
1568218506806
1568218506818
1568218506830
1568218506843
1568218506856
1568218506869
1568218506881
1568218506893
1568218506906
1568218506918
1568218506930
1568218506942
1568218506954
1568218506966
1568218506979
1568218506991
1568218507004
1568218507015
1568218507027
1568218507039
1568218507052
1568218507064
1568218507078
1568218507090
1568218507103
1568218507114
1568218507126
1568218507139
1568218507152
1568218507165
1568218507178
1568218507190
1568218507202
1568218507216
1568218507228
1568218507239
1568218507251
1568218507263
1568218507276
1568218507288
1568218507302
1568218507314
1568218507327
1568218507340
1568218507352
1568218507364
1568218507376
1568218507389
1568218507402
1568218507415
1568218507428
1568218507441
1568218507455
1568218507469
1568218507482
1568218507495
1568218507507
1568218507520
1568218507534
1568218507547
1568218507560
1568218507573
1568218507587
1568218507600
1568218507614
1568218507627
1568218507640
1568218507654
1568218507667
1568218507680
1568218507692
1568218507705
1568218507718
1568218507731
1568218507745
1568218507758
1568218507772
1568218507785
1568218507799
1568218507812
1568218507825
1568218507838
1568218507851
1568218507864
1568218507876
1568218507889
1568218507902
1568218507916
1568218507929
1568218507941
1568218507953
1568218507964
1568218507976
1568218507988
1568218508000
1568218508012
1568218508024
1568218508037
1568218508049
1568218508061
1568218508074
1568218508087
1568218508100
1568218508112
1568218508124
1568218508137
1568218508150
1568218508164
1568218508176
1568218508188
1568218508200
1568218508212
1568218508225
1568218508238
1568218508250
1568218508263
1568218508275
