1568218530821
1568218530835
1568218530849
1568218530862
1568218530875
1568218530889
1568218530902
1568218530915
1568218530929
1568218530941
1568218530954
1568218530965
1568218530978
1568218530992
1568218531005
1568218531018
1568218531031
1568218531043
1568218531056
1568218531069
1568218531082
1568218531096
1568218531109
1568218531122
1568218531135
1568218531150
1568218531164
1568218531178
1568218531190
1568218531203
1568218531215
1568218531229
1568218531243
1568218531258
1568218531271
1568218531284
1568218531298
1568218531312
1568218531324
1568218531337
1568218531349
1568218531361
1568218531374
1568218531386
1568218531401
1568218531415
1568218531428
1568218531441
1568218531455
1568218531472
1568218531486
1568218531500
1568218531512
1568218531525
1568218531538
1568218531551
1568218531565
1568218531577
1568218531589
1568218531600
1568218531612
1568218531628
1568218531643
1568218531656
1568218531669
1568218531683
1568218531697
1568218531711
1568218531724
1568218531736
1568218531748
1568218531762
1568218531775
1568218531789
1568218531803
1568218531816
1568218531829
1568218531842
1568218531856
1568218531870
1568218531883
1568218531896
1568218531909
1568218531922
1568218531935
1568218531951
1568218531965
1568218531979
1568218531993
1568218532008
1568218532022
1568218532035
1568218532049
1568218532063
1568218532076
1568218532091
1568218532105
1568218532119
1568218532132
1568218532146
1568218532158
1568218532172
1568218532185
1568218532199
1568218532212
1568218532225
1568218532239
1568218532253
1568218532265
1568218532280
1568218532295
1568218532309
1568218532322
1568218532336
1568218532349
1568218532361
1568218532374
1568218532387
1568218532400
1568218532414
1568218532427
1568218532441
1568218532454
1568218532468
1568218532481
1568218532494
1568218532508
1568218532522
1568218532535
1568218532549
1568218532562
1568218532575
1568218532589
1568218532603
1568218532617
1568218532631
1568218532644
1568218532658
1568218532671
1568218532685
1568218532698
1568218532711
1568218532723
1568218532735
1568218532748
1568218532762
1568218532775
1568218532787
1568218532800
1568218532814
