1568218544950
1568218544963
1568218544978
1568218544992
1568218545005
1568218545019
1568218545033
1568218545047
1568218545061
1568218545075
1568218545089
1568218545103
1568218545116
1568218545130
1568218545144
1568218545158
1568218545171
1568218545186
1568218545201
1568218545216
1568218545230
1568218545244
1568218545258
1568218545272
1568218545286
1568218545301
1568218545314
1568218545326
1568218545338
1568218545352
1568218545364
1568218545376
1568218545391
1568218545405
1568218545418
1568218545431
1568218545444
1568218545459
1568218545472
1568218545485
1568218545499
1568218545513
1568218545526
1568218545538
1568218545550
1568218545563
1568218545578
1568218545592
1568218545605
1568218545617
1568218545629
1568218545643
1568218545657
1568218545671
1568218545684
1568218545696
1568218545708
1568218545721
1568218545735
1568218545748
1568218545760
1568218545774
1568218545787
1568218545800
1568218545812
1568218545824
1568218545836
1568218545848
1568218545861
1568218545875
1568218545890
1568218545903
1568218545919
1568218545933
1568218545948
1568218545961
1568218545974
1568218545989
1568218546002
1568218546016
1568218546029
1568218546043
1568218546057
1568218546071
1568218546084
1568218546099
1568218546113
1568218546126
1568218546141
1568218546155
1568218546169
1568218546183
1568218546197
1568218546211
1568218546225
1568218546240
1568218546253
1568218546267
1568218546282
1568218546297
1568218546310
1568218546323
1568218546336
1568218546349
1568218546363
1568218546376
1568218546391
1568218546405
1568218546418
1568218546433
1568218546448
1568218546462
1568218546475
1568218546488
1568218546501
1568218546516
1568218546529
1568218546543
1568218546558
1568218546571
1568218546585
1568218546601
1568218546615
1568218546629
1568218546643
1568218546657
1568218546671
1568218546685
1568218546699
1568218546713
1568218546726
1568218546740
1568218546754
1568218546770
1568218546784
1568218546798
1568218546812
1568218546827
1568218546841
1568218546855
1568218546869
1568218546884
1568218546897
1568218546911
1568218546925
1568218546939
1568218546953
1568218546967
1568218546981
1568218546994
