1568218523174
1568218523186
1568218523200
1568218523214
1568218523227
1568218523240
1568218523252
1568218523264
1568218523277
1568218523290
1568218523303
1568218523316
1568218523328
1568218523341
1568218523355
1568218523369
1568218523384
1568218523398
1568218523411
1568218523424
1568218523437
1568218523450
1568218523463
1568218523477
1568218523490
1568218523504
1568218523518
1568218523531
1568218523545
1568218523559
1568218523584
1568218523597
1568218523611
1568218523624
1568218523640
1568218523657
1568218523684
1568218523699
1568218523712
1568218523725
1568218523738
1568218523750
1568218523763
1568218523777
1568218523791
1568218523804
1568218523817
1568218523829
1568218523842
1568218523855
1568218523868
1568218523880
1568218523893
1568218523906
1568218523921
1568218523935
1568218523947
1568218523960
1568218523974
1568218523989
1568218524001
1568218524014
1568218524027
1568218524039
1568218524051
1568218524064
1568218524077
1568218524091
1568218524103
1568218524115
1568218524126
1568218524140
1568218524158
1568218524173
1568218524186
1568218524199
1568218524213
1568218524226
1568218524239
1568218524251
1568218524263
1568218524276
1568218524288
1568218524301
1568218524314
1568218524329
1568218524345
1568218524359
1568218524371
1568218524385
1568218524398
1568218524412
1568218524425
1568218524438
1568218524452
1568218524466
1568218524479
1568218524494
1568218524508
1568218524521
1568218524534
1568218524548
1568218524561
1568218524574
1568218524586
1568218524600
1568218524612
1568218524626
1568218524639
1568218524654
1568218524667
1568218524679
1568218524691
1568218524705
1568218524720
1568218524734
1568218524748
1568218524761
1568218524774
1568218524787
1568218524801
1568218524814
1568218524828
1568218524841
1568218524855
1568218524868
1568218524881
1568218524895
1568218524909
1568218524922
1568218524935
1568218524949
1568218524962
1568218524976
1568218524989
1568218525003
1568218525015
1568218525028
1568218525041
1568218525054
1568218525067
1568218525080
1568218525092
1568218525105
1568218525118
1568218525132
1568218525146
1568218525159
1568218525173
1568218525187
