1568218537059
1568218537074
1568218537090
1568218537105
1568218537119
1568218537134
1568218537148
1568218537163
1568218537178
1568218537192
1568218537205
1568218537219
1568218537233
1568218537248
1568218537263
1568218537277
1568218537290
1568218537304
1568218537319
1568218537333
1568218537347
1568218537360
1568218537373
1568218537387
1568218537400
1568218537414
1568218537428
1568218537441
1568218537454
1568218537467
1568218537480
1568218537494
1568218537508
1568218537521
1568218537533
1568218537546
1568218537559
1568218537573
1568218537586
1568218537600
1568218537613
1568218537626
1568218537638
1568218537650
1568218537663
1568218537675
1568218537687
1568218537703
1568218537717
1568218537732
1568218537745
1568218537758
1568218537774
1568218537788
1568218537800
1568218537813
1568218537826
1568218537841
1568218537855
1568218537869
1568218537882
1568218537895
1568218537908
1568218537920
1568218537933
1568218537946
1568218537960
1568218537974
1568218537988
1568218538001
1568218538013
1568218538026
1568218538039
1568218538053
1568218538068
1568218538082
1568218538095
1568218538108
1568218538122
1568218538137
1568218538150
1568218538165
1568218538178
1568218538192
1568218538205
1568218538220
1568218538233
1568218538247
1568218538261
1568218538275
1568218538290
1568218538305
1568218538320
1568218538334
1568218538347
1568218538361
1568218538374
1568218538389
1568218538404
1568218538418
1568218538432
1568218538447
1568218538462
1568218538477
1568218538492
1568218538506
1568218538520
1568218538533
1568218538546
1568218538560
1568218538573
1568218538586
1568218538600
1568218538613
1568218538627
1568218538641
1568218538654
1568218538667
1568218538680
1568218538693
1568218538707
1568218538721
1568218538734
1568218538748
1568218538760
1568218538773
1568218538786
1568218538799
1568218538812
1568218538825
1568218538837
1568218538850
1568218538864
1568218538878
1568218538891
1568218538905
1568218538918
1568218538932
1568218538945
1568218538959
1568218538973
1568218538987
1568218539000
1568218539014
1568218539027
1568218539042
1568218539055
1568218539069
1568218539082
1568218539096
