1568218518642
1568218518657
1568218518672
1568218518686
1568218518700
1568218518713
1568218518726
1568218518739
1568218518753
1568218518766
1568218518780
1568218518793
1568218518806
1568218518819
1568218518831
1568218518844
1568218518858
1568218518871
1568218518884
1568218518897
1568218518911
1568218518924
1568218518938
1568218518951
1568218518965
1568218518980
1568218518993
1568218519007
1568218519020
1568218519034
1568218519047
1568218519061
1568218519074
1568218519087
1568218519099
1568218519111
1568218519125
1568218519138
1568218519151
1568218519164
1568218519177
1568218519189
1568218519202
1568218519215
1568218519228
1568218519240
1568218519251
1568218519264
1568218519277
1568218519291
1568218519304
1568218519316
1568218519329
1568218519341
1568218519354
1568218519366
1568218519378
1568218519390
1568218519402
1568218519414
1568218519427
1568218519440
1568218519452
1568218519465
1568218519478
1568218519491
1568218519505
1568218519517
1568218519530
1568218519542
1568218519554
1568218519566
1568218519580
1568218519593
1568218519605
1568218519619
1568218519633
1568218519645
1568218519658
1568218519671
1568218519684
1568218519698
1568218519711
1568218519724
1568218519736
1568218519750
1568218519763
1568218519776
1568218519789
1568218519803
1568218519817
1568218519831
1568218519847
1568218519862
1568218519875
1568218519888
1568218519902
1568218519917
1568218519930
1568218519943
1568218519957
1568218519971
1568218519985
1568218519998
1568218520012
1568218520025
1568218520038
1568218520052
1568218520065
1568218520079
1568218520092
1568218520106
1568218520119
1568218520133
1568218520146
1568218520158
1568218520170
1568218520183
1568218520194
1568218520207
1568218520219
1568218520232
1568218520244
1568218520257
1568218520269
1568218520282
1568218520294
1568218520306
1568218520319
1568218520331
1568218520343
1568218520355
1568218520368
1568218520381
1568218520393
1568218520406
1568218520419
1568218520433
1568218520446
1568218520460
1568218520472
1568218520484
1568218520497
1568218520510
1568218520523
1568218520536
1568218520550
1568218520562
1568218520575
1568218520587
