1568218546557
1568218546570
1568218546585
1568218546599
1568218546613
1568218546627
1568218546641
1568218546655
1568218546668
1568218546682
1568218546696
1568218546709
1568218546723
1568218546738
1568218546751
1568218546765
1568218546779
1568218546794
1568218546808
1568218546822
1568218546835
1568218546849
1568218546862
1568218546876
1568218546890
1568218546904
1568218546918
1568218546932
1568218546945
1568218546959
1568218546972
1568218546986
1568218546999
1568218547013
1568218547026
1568218547040
1568218547054
1568218547068
1568218547081
1568218547094
1568218547106
1568218547118
1568218547130
1568218547142
1568218547154
1568218547166
1568218547178
1568218547191
1568218547204
1568218547216
1568218547229
1568218547242
1568218547254
1568218547267
1568218547278
1568218547291
1568218547304
1568218547316
1568218547329
1568218547342
1568218547354
1568218547367
1568218547381
1568218547395
1568218547409
1568218547422
1568218547435
1568218547447
1568218547459
1568218547471
1568218547484
1568218547496
1568218547508
1568218547525
1568218547539
1568218547553
1568218547566
1568218547580
1568218547593
1568218547606
1568218547619
1568218547632
1568218547644
1568218547657
1568218547670
1568218547684
1568218547697
1568218547711
1568218547725
1568218547739
1568218547752
1568218547765
1568218547778
1568218547790
1568218547803
1568218547817
1568218547831
1568218547845
1568218547858
1568218547874
1568218547888
1568218547901
1568218547915
1568218547928
1568218547941
1568218547955
1568218547968
1568218547982
1568218547997
1568218548013
1568218548028
1568218548041
1568218548054
1568218548067
1568218548081
1568218548096
1568218548110
1568218548125
1568218548139
1568218548154
1568218548168
1568218548183
1568218548197
1568218548212
1568218548226
1568218548242
1568218548256
1568218548271
1568218548284
1568218548297
1568218548311
1568218548326
1568218548341
1568218548356
1568218548369
1568218548382
1568218548396
1568218548409
1568218548424
1568218548437
1568218548451
1568218548465
1568218548479
1568218548493
1568218548506
1568218548521
1568218548535
1568218548550
1568218548565
1568218548580
