1568823636992
1568823637009
1568823637024
1568823637038
1568823637050
1568823637063
1568823637076
1568823637090
1568823637104
1568823637117
1568823637130
1568823637144
1568823637157
1568823637172
1568823637185
1568823637223
1568823637285
1568823637322
1568823637356
1568823637376
1568823637394
1568823637411
1568823637425
1568823637441
1568823637454
1568823637468
1568823637481
1568823637494
1568823637508
1568823637521
1568823637534
1568823637548
1568823637561
1568823637576
1568823637590
1568823637603
1568823637615
1568823637629
1568823637643
1568823637656
1568823637670
1568823637684
1568823637698
1568823637713
1568823637727
1568823637740
1568823637753
1568823637772
1568823637787
1568823637803
1568823637817
1568823637833
1568823637846
1568823637861
1568823637875
1568823637890
1568823637955
1568823638010
1568823638044
1568823638068
1568823638088
1568823638106
1568823638123
1568823638138
1568823638153
1568823638168
1568823638181
1568823638194
1568823638207
1568823638221
1568823638235
1568823638249
1568823638263
1568823638278
1568823638292
1568823638307
1568823638322
1568823638336
1568823638350
1568823638364
1568823638378
1568823638393
1568823638408
1568823638423
1568823638438
1568823638454
1568823638469
1568823638485
1568823638500
1568823638515
1568823638529
1568823638545
1568823638559
1568823638574
1568823638589
1568823638605
1568823638619
1568823638634
1568823638650
1568823638666
1568823638681
1568823638697
1568823638712
1568823638728
1568823638742
1568823638757
1568823638772
1568823638787
1568823638802
1568823638818
1568823638832
1568823638846
1568823638859
1568823638874
1568823638889
1568823638903
1568823638916
1568823638929
1568823638941
1568823638954
1568823638966
1568823638980
1568823638994
1568823639010
1568823639028
1568823639046
1568823639062
1568823639080
1568823639095
1568823639109
1568823639125
1568823639140
1568823639155
1568823639172
1568823639186
1568823639199
1568823639212
1568823639225
1568823639238
1568823639251
1568823639264
1568823639278
1568823639293
1568823639310
1568823639325
1568823639341
1568823639356
1568823639370
1568823639384
1568823639400
