1568823644867
1568823644884
1568823644902
1568823644918
1568823644934
1568823644950
1568823644965
1568823644981
1568823644996
1568823645012
1568823645027
1568823645042
1568823645057
1568823645074
1568823645089
1568823645103
1568823645117
1568823645133
1568823645149
1568823645164
1568823645178
1568823645193
1568823645207
1568823645220
1568823645236
1568823645252
1568823645266
1568823645281
1568823645298
1568823645313
1568823645327
1568823645342
1568823645357
1568823645372
1568823645385
1568823645401
1568823645416
1568823645435
1568823645451
1568823645466
1568823645483
1568823645499
1568823645515
1568823645530
1568823645544
1568823645557
1568823645571
1568823645589
1568823645605
1568823645624
1568823645640
1568823645657
1568823645672
1568823645688
1568823645704
1568823645719
1568823645799
1568823645853
1568823645887
1568823645909
1568823645928
1568823645947
1568823645963
1568823645978
1568823645992
1568823646007
1568823646021
1568823646035
1568823646049
1568823646064
1568823646078
1568823646092
1568823646106
1568823646123
1568823646139
1568823646155
1568823646172
1568823646188
1568823646203
1568823646219
1568823646235
1568823646250
1568823646266
1568823646282
1568823646297
1568823646312
1568823646327
1568823646343
1568823646358
1568823646376
1568823646392
1568823646407
1568823646424
1568823646441
1568823646456
1568823646471
1568823646487
1568823646503
1568823646520
1568823646536
1568823646550
1568823646566
1568823646582
1568823646597
1568823646612
1568823646627
1568823646642
1568823646656
1568823646672
1568823646688
1568823646702
1568823646717
1568823646731
1568823646745
1568823646760
1568823646775
1568823646791
1568823646808
1568823646825
1568823646840
1568823646854
1568823646869
1568823646884
1568823646898
1568823646915
1568823646930
1568823646946
1568823646960
1568823646974
1568823646989
1568823647002
1568823647016
1568823647029
1568823647047
1568823647062
1568823647077
1568823647093
1568823647109
1568823647127
1568823647145
1568823647160
1568823647173
1568823647188
1568823647206
1568823647222
1568823647239
1568823647253
1568823647266
1568823647283
1568823647299
