1568823678697
1568823678713
1568823678731
1568823678747
1568823678763
1568823678778
1568823678793
1568823678808
1568823678823
1568823678838
1568823678854
1568823678870
1568823678885
1568823678900
1568823678916
1568823678933
1568823678948
1568823678965
1568823678981
1568823678996
1568823679010
1568823679025
1568823679041
1568823679057
1568823679072
1568823679089
1568823679106
1568823679120
1568823679134
1568823679147
1568823679161
1568823679175
1568823679190
1568823679206
1568823679222
1568823679239
1568823679254
1568823679268
1568823679282
1568823679298
1568823679313
1568823679328
1568823679346
1568823679370
1568823679391
1568823679413
1568823679433
1568823679453
1568823679476
1568823679493
1568823679507
1568823679525
1568823679541
1568823679555
1568823679570
1568823679585
1568823679601
1568823679618
1568823679633
1568823679648
1568823679661
1568823679677
1568823679693
1568823679712
1568823679729
1568823679746
1568823679762
1568823679778
1568823679794
1568823679810
1568823679824
1568823679839
1568823679856
1568823679874
1568823679890
1568823679907
1568823679923
1568823679939
1568823679954
1568823679971
1568823679987
1568823680002
1568823680018
1568823680036
1568823680051
1568823680068
1568823680085
1568823680101
1568823680115
1568823680130
1568823680146
1568823680166
1568823680181
1568823680196
1568823680211
1568823680226
1568823680242
1568823680259
1568823680276
1568823680294
1568823680310
1568823680327
1568823680342
1568823680358
1568823680375
1568823680390
1568823680404
1568823680420
1568823680435
1568823680452
1568823680470
1568823680487
1568823680505
1568823680521
1568823680538
1568823680555
1568823680570
1568823680586
1568823680602
1568823680618
1568823680633
1568823680647
1568823680665
1568823680681
1568823680696
1568823680710
1568823680726
1568823680744
1568823680759
1568823680775
1568823680792
1568823680808
1568823680824
1568823680842
1568823680857
1568823680875
1568823680891
1568823680907
1568823680923
1568823680938
1568823680954
1568823680970
1568823680987
1568823681002
1568823681016
1568823681035
1568823681051
1568823681067
1568823681082
1568823681100
