1568646691325
1568646691340
1568646691354
1568646691367
1568646691379
1568646691392
1568646691403
1568646691415
1568646691428
1568646691440
1568646691452
1568646691464
1568646691476
1568646691489
1568646691501
1568646691514
1568646691526
1568646691539
1568646691551
1568646691563
1568646691576
1568646691588
1568646691600
1568646691612
1568646691624
1568646691637
1568646691650
1568646691663
1568646691677
1568646691690
1568646691703
1568646691717
1568646691732
1568646691747
1568646691760
1568646691772
1568646691785
1568646691801
1568646691814
1568646691828
1568646691841
1568646691854
1568646691868
1568646691881
1568646691894
1568646691908
1568646691922
1568646691936
1568646691949
1568646691963
1568646691975
1568646691989
1568646692002
1568646692015
1568646692028
1568646692041
1568646692054
1568646692067
1568646692080
1568646692092
1568646692106
1568646692120
1568646692134
1568646692147
1568646692160
1568646692173
1568646692186
1568646692199
1568646692212
1568646692226
1568646692238
1568646692252
1568646692265
1568646692279
1568646692293
1568646692308
1568646692321
1568646692335
1568646692348
1568646692361
1568646692374
1568646692388
1568646692402
1568646692415
1568646692428
1568646692442
1568646692456
1568646692469
1568646692482
1568646692495
1568646692509
1568646692523
1568646692536
1568646692550
1568646692563
1568646692577
1568646692591
1568646692605
1568646692619
1568646692633
1568646692646
1568646692659
1568646692674
1568646692688
1568646692701
1568646692715
1568646692728
1568646692742
1568646692756
1568646692770
1568646692784
1568646692798
1568646692811
1568646692826
1568646692838
1568646692852
1568646692866
1568646692879
1568646692892
1568646692906
1568646692919
1568646692933
1568646692946
1568646692959
1568646692971
1568646692984
1568646692997
1568646693010
1568646693022
1568646693035
1568646693049
1568646693063
1568646693076
1568646693089
1568646693102
1568646693115
1568646693128
1568646693141
1568646693153
1568646693166
1568646693179
1568646693192
1568646693204
1568646693217
1568646693229
1568646693242
1568646693255
1568646693268
1568646693280
1568646693292
