1568646727998
1568646728012
1568646728028
1568646728041
1568646728057
1568646728071
1568646728085
1568646728101
1568646728115
1568646728133
1568646728150
1568646728165
1568646728180
1568646728197
1568646728211
1568646728225
1568646728240
1568646728255
1568646728270
1568646728284
1568646728299
1568646728313
1568646728328
1568646728342
1568646728357
1568646728373
1568646728389
1568646728406
1568646728420
1568646728434
1568646728450
1568646728465
1568646728478
1568646728492
1568646728506
1568646728520
1568646728533
1568646728547
1568646728563
1568646728578
1568646728592
1568646728605
1568646728620
1568646728633
1568646728648
1568646728663
1568646728677
1568646728691
1568646728705
1568646728719
1568646728733
1568646728747
1568646728761
1568646728776
1568646728790
1568646728804
1568646728816
1568646728830
1568646728845
1568646728859
1568646728873
1568646728886
1568646728899
1568646728914
1568646728931
1568646728947
1568646728960
1568646728975
1568646728991
1568646729006
1568646729021
1568646729037
1568646729052
1568646729068
1568646729083
1568646729100
1568646729116
1568646729131
1568646729146
1568646729162
1568646729177
1568646729192
1568646729209
1568646729224
1568646729239
1568646729256
1568646729273
1568646729290
1568646729306
1568646729322
1568646729338
1568646729353
1568646729368
1568646729384
1568646729398
1568646729414
1568646729430
1568646729447
1568646729464
1568646729479
1568646729494
1568646729510
1568646729526
1568646729542
1568646729557
1568646729573
1568646729587
1568646729603
1568646729618
1568646729633
1568646729649
1568646729664
1568646729678
1568646729693
1568646729709
1568646729723
1568646729738
1568646729753
1568646729766
1568646729780
1568646729794
1568646729808
1568646729822
1568646729836
1568646729852
1568646729867
1568646729881
1568646729895
1568646729909
1568646729922
1568646729936
1568646729951
1568646729966
1568646729984
1568646729999
1568646730018
1568646730033
1568646730052
1568646730065
1568646730078
1568646730091
1568646730105
1568646730118
1568646730131
1568646730146
1568646730161
1568646730174
1568646730188
1568646730202
1568646730215
