1568646729593
1568646729608
1568646729623
1568646729637
1568646729651
1568646729665
1568646729679
1568646729694
1568646729708
1568646729722
1568646729735
1568646729750
1568646729764
1568646729778
1568646729793
1568646729807
1568646729820
1568646729834
1568646729848
1568646729862
1568646729875
1568646729889
1568646729903
1568646729916
1568646729930
1568646729947
1568646729961
1568646729978
1568646729993
1568646730009
1568646730024
1568646730045
1568646730058
1568646730072
1568646730085
1568646730098
1568646730112
1568646730125
1568646730139
1568646730153
1568646730166
1568646730179
1568646730192
1568646730206
1568646730221
1568646730235
1568646730248
1568646730262
1568646730275
1568646730290
1568646730304
1568646730319
1568646730333
1568646730349
1568646730363
1568646730376
1568646730389
1568646730402
1568646730415
1568646730429
1568646730442
1568646730457
1568646730470
1568646730485
1568646730498
1568646730512
1568646730526
1568646730539
1568646730551
1568646730566
1568646730580
1568646730595
1568646730610
1568646730625
1568646730638
1568646730651
1568646730665
1568646730681
1568646730695
1568646730709
1568646730722
1568646730737
1568646730753
1568646730766
1568646730779
1568646730796
1568646730810
1568646730826
1568646730840
1568646730854
1568646730868
1568646730884
1568646730900
1568646730914
1568646730928
1568646730942
1568646730956
1568646730972
1568646730989
1568646731003
1568646731017
1568646731031
1568646731045
1568646731061
1568646731076
1568646731090
1568646731104
1568646731126
1568646731148
1568646731165
1568646731191
1568646731208
1568646731238
1568646731256
1568646731276
1568646731293
1568646731323
1568646731342
1568646731358
1568646731374
1568646731404
1568646731421
1568646731437
1568646731459
1568646731473
1568646731488
1568646731503
1568646731516
1568646731528
1568646731542
1568646731555
1568646731569
1568646731584
1568646731598
1568646731613
1568646731626
1568646731638
1568646731650
1568646731664
1568646731678
1568646731692
1568646731705
1568646731717
1568646731729
1568646731742
1568646731756
1568646731769
1568646731783
1568646731797
1568646731809
