1568646737298
1568646737312
1568646737327
1568646737341
1568646737354
1568646737367
1568646737380
1568646737393
1568646737406
1568646737418
1568646737430
1568646737441
1568646737454
1568646737470
1568646737483
1568646737498
1568646737511
1568646737525
1568646737538
1568646737551
1568646737563
1568646737576
1568646737589
1568646737602
1568646737615
1568646737628
1568646737640
1568646737652
1568646737664
1568646737677
1568646737690
1568646737703
1568646737716
1568646737728
1568646737739
1568646737751
1568646737763
1568646737780
1568646737792
1568646737805
1568646737816
1568646737829
1568646737841
1568646737854
1568646737866
1568646737878
1568646737891
1568646737906
1568646737919
1568646737932
1568646737946
1568646737959
1568646737998
1568646738060
1568646738105
1568646738134
1568646738157
1568646738175
1568646738191
1568646738208
1568646738221
1568646738235
1568646738249
1568646738264
1568646738277
1568646738290
1568646738303
1568646738316
1568646738330
1568646738343
1568646738357
1568646738369
1568646738382
1568646738398
1568646738412
1568646738426
1568646738439
1568646738454
1568646738468
1568646738481
1568646738495
1568646738508
1568646738521
1568646738534
1568646738548
1568646738562
1568646738576
1568646738590
1568646738604
1568646738617
1568646738632
1568646738645
1568646738659
1568646738671
1568646738684
1568646738699
1568646738713
1568646738728
1568646738742
1568646738757
1568646738772
1568646738788
1568646738802
1568646738817
1568646738832
1568646738847
1568646738861
1568646738875
1568646738888
1568646738900
1568646738912
1568646738926
1568646738940
1568646738954
1568646738966
1568646738978
1568646738991
1568646739003
1568646739014
1568646739027
1568646739040
1568646739054
1568646739066
1568646739079
1568646739091
1568646739105
1568646739118
1568646739131
1568646739144
1568646739159
1568646739174
1568646739188
1568646739203
1568646739218
1568646739231
1568646739245
1568646739258
1568646739270
1568646739282
1568646739294
1568646739307
1568646739320
1568646739334
1568646739347
1568646739361
1568646739375
1568646739389
1568646739401
1568646739414
1568646739427
