1568646702549
1568646702562
1568646702577
1568646702591
1568646702603
1568646702616
1568646702628
1568646702640
1568646702652
1568646702665
1568646702679
1568646702692
1568646702705
1568646702721
1568646702734
1568646702746
1568646702759
1568646702773
1568646702786
1568646702799
1568646702812
1568646702825
1568646702839
1568646702853
1568646702866
1568646702879
1568646702893
1568646702907
1568646702921
1568646702933
1568646702958
1568646702973
1568646702986
1568646702999
1568646703013
1568646703026
1568646703039
1568646703053
1568646703080
1568646703095
1568646703107
1568646703121
1568646703133
1568646703146
1568646703158
1568646703171
1568646703183
1568646703196
1568646703211
1568646703226
1568646703239
1568646703251
1568646703264
1568646703277
1568646703290
1568646703303
1568646703316
1568646703328
1568646703341
1568646703354
1568646703367
1568646703380
1568646703393
1568646703406
1568646703419
1568646703430
1568646703442
1568646703455
1568646703467
1568646703480
1568646703492
1568646703505
1568646703518
1568646703531
1568646703544
1568646703558
1568646703571
1568646703584
1568646703597
1568646703610
1568646703624
1568646703637
1568646703650
1568646703663
1568646703676
1568646703690
1568646703704
1568646703717
1568646703730
1568646703744
1568646703757
1568646703770
1568646703783
1568646703797
1568646703810
1568646703823
1568646703837
1568646703851
1568646703863
1568646703877
1568646703890
1568646703903
1568646703916
1568646703929
1568646703942
1568646703955
1568646703968
1568646703981
1568646703995
1568646704008
1568646704021
1568646704035
1568646704048
1568646704062
1568646704075
1568646704088
1568646704101
1568646704114
1568646704127
1568646704140
1568646704154
1568646704167
1568646704179
1568646704192
1568646704204
1568646704216
1568646704229
1568646704241
1568646704254
1568646704266
1568646704278
1568646704293
1568646704307
1568646704321
1568646704334
1568646704347
1568646704360
1568646704373
1568646704386
1568646704399
1568646704413
1568646704426
1568646704439
1568646704452
1568646704464
1568646704477
1568646704491
1568646704506
1568646704519
1568646704532
