1568825555513
1568825555528
1568825555544
1568825555558
1568825555571
1568825555586
1568825555600
1568825555616
1568825555629
1568825555642
1568825555655
1568825555669
1568825555683
1568825555698
1568825555713
1568825555727
1568825555740
1568825555753
1568825555766
1568825555780
1568825555793
1568825555807
1568825555820
1568825555834
1568825555848
1568825555865
1568825555881
1568825555895
1568825555909
1568825555924
1568825555938
1568825555952
1568825555966
1568825555981
1568825555995
1568825556009
1568825556024
1568825556039
1568825556053
1568825556069
1568825556083
1568825556097
1568825556110
1568825556123
1568825556137
1568825556152
1568825556167
1568825556181
1568825556194
1568825556209
1568825556222
1568825556239
1568825556255
1568825556270
1568825556283
1568825556296
1568825556309
1568825556325
1568825556339
1568825556354
1568825556367
1568825556383
1568825556397
1568825556410
1568825556426
1568825556443
1568825556458
1568825556472
1568825556487
1568825556501
1568825556517
1568825556532
1568825556546
1568825556560
1568825556574
1568825556589
1568825556604
1568825556619
1568825556633
1568825556646
1568825556660
1568825556674
1568825556689
1568825556704
1568825556718
1568825556734
1568825556751
1568825556767
1568825556783
1568825556797
1568825556812
1568825556827
1568825556841
1568825556857
1568825556871
1568825556885
1568825556901
1568825556917
1568825556931
1568825556945
1568825556960
1568825556975
1568825556990
1568825557005
1568825557018
1568825557031
1568825557045
1568825557059
1568825557073
1568825557088
1568825557103
1568825557118
1568825557132
1568825557146
1568825557160
1568825557174
1568825557188
1568825557201
1568825557215
1568825557229
1568825557242
1568825557256
1568825557270
1568825557284
1568825557298
1568825557315
1568825557331
1568825557345
1568825557360
1568825557376
1568825557392
1568825557407
1568825557423
1568825557438
1568825557452
1568825557466
1568825557481
1568825557495
1568825557510
1568825557526
1568825557542
1568825557556
1568825557569
1568825557582
1568825557596
1568825557611
1568825557624
1568825557638
1568825557652
1568825557666
