1568825536633
1568825536646
1568825536660
1568825536675
1568825536690
1568825536706
1568825536720
1568825536735
1568825536748
1568825536762
1568825536776
1568825536791
1568825536805
1568825536822
1568825536838
1568825536852
1568825536866
1568825536879
1568825536893
1568825536907
1568825536922
1568825536936
1568825536950
1568825536963
1568825536977
1568825536991
1568825537004
1568825537017
1568825537031
1568825537045
1568825537058
1568825537071
1568825537085
1568825537099
1568825537112
1568825537128
1568825537142
1568825537156
1568825537170
1568825537184
1568825537198
1568825537213
1568825537226
1568825537239
1568825537251
1568825537267
1568825537282
1568825537296
1568825537309
1568825537325
1568825537339
1568825537352
1568825537366
1568825537380
1568825537392
1568825537406
1568825537420
1568825537433
1568825537446
1568825537459
1568825537472
1568825537486
1568825537499
1568825537513
1568825537525
1568825537537
1568825537551
1568825537568
1568825537582
1568825537595
1568825537609
1568825537622
1568825537636
1568825537651
1568825537667
1568825537682
1568825537695
1568825537709
1568825537723
1568825537737
1568825537750
1568825537765
1568825537778
1568825537793
1568825537807
1568825537823
1568825537838
1568825537853
1568825537868
1568825537917
1568825537967
1568825538004
1568825538030
1568825538051
1568825538070
1568825538087
1568825538103
1568825538119
1568825538133
1568825538145
1568825538158
1568825538172
1568825538186
1568825538201
1568825538215
1568825538229
1568825538244
1568825538258
1568825538272
1568825538287
1568825538301
1568825538317
1568825538331
1568825538346
1568825538360
1568825538375
1568825538390
1568825538404
1568825538418
1568825538434
1568825538450
1568825538466
1568825538481
1568825538498
1568825538515
1568825538530
1568825538544
1568825538557
1568825538570
1568825538585
1568825538600
1568825538614
1568825538628
1568825538645
1568825538660
1568825538675
1568825538689
1568825538703
1568825538717
1568825538731
1568825538743
1568825538757
1568825538770
1568825538785
1568825538799
1568825538814
1568825538828
1568825538843
1568825538857
1568825538870
