1568825520106
1568825520122
1568825520138
1568825520151
1568825520164
1568825520176
1568825520189
1568825520202
1568825520214
1568825520227
1568825520240
1568825520254
1568825520267
1568825520282
1568825520295
1568825520308
1568825520321
1568825520333
1568825520347
1568825520361
1568825520375
1568825520388
1568825520401
1568825520415
1568825520427
1568825520441
1568825520454
1568825520467
1568825520480
1568825520493
1568825520506
1568825520519
1568825520532
1568825520545
1568825520558
1568825520572
1568825520585
1568825520600
1568825520614
1568825520628
1568825520642
1568825520655
1568825520668
1568825520682
1568825520695
1568825520707
1568825520721
1568825520734
1568825520747
1568825520761
1568825520774
1568825520788
1568825520802
1568825520816
1568825520829
1568825520844
1568825520858
1568825520872
1568825520885
1568825520899
1568825520912
1568825520927
1568825520941
1568825520955
1568825520970
1568825520985
1568825520998
1568825521012
1568825521026
1568825521042
1568825521056
1568825521070
1568825521083
1568825521097
1568825521114
1568825521129
1568825521142
1568825521157
1568825521170
1568825521185
1568825521199
1568825521214
1568825521227
1568825521242
1568825521256
1568825521270
1568825521283
1568825521298
1568825521312
1568825521326
1568825521340
1568825521354
1568825521368
1568825521382
1568825521395
1568825521410
1568825521424
1568825521439
1568825521453
1568825521467
1568825521482
1568825521496
1568825521511
1568825521525
1568825521539
1568825521552
1568825521565
1568825521581
1568825521596
1568825521611
1568825521625
1568825521639
1568825521652
1568825521666
1568825521679
1568825521694
1568825521708
1568825521720
1568825521735
1568825521750
1568825521765
1568825521780
1568825521793
1568825521806
1568825521820
1568825521833
1568825521846
1568825521859
1568825521873
1568825521886
1568825521900
1568825521914
1568825521927
1568825521943
1568825521958
1568825521974
1568825521987
1568825522001
1568825522016
1568825522030
1568825522044
1568825522059
1568825522073
1568825522087
1568825522100
1568825522117
1568825522130
1568825522145
1568825522161
1568825522175
