1568825512186
1568825512199
1568825512212
1568825512224
1568825512237
1568825512251
1568825512264
1568825512276
1568825512289
1568825512302
1568825512314
1568825512327
1568825512340
1568825512353
1568825512365
1568825512378
1568825512390
1568825512402
1568825512414
1568825512427
1568825512439
1568825512451
1568825512463
1568825512476
1568825512490
1568825512504
1568825512518
1568825512531
1568825512544
1568825512557
1568825512570
1568825512583
1568825512597
1568825512610
1568825512623
1568825512636
1568825512650
1568825512664
1568825512677
1568825512690
1568825512703
1568825512716
1568825512729
1568825512743
1568825512755
1568825512769
1568825512782
1568825512795
1568825512808
1568825512823
1568825512836
1568825512849
1568825512862
1568825512875
1568825512888
1568825512901
1568825512914
1568825512927
1568825512940
1568825512953
1568825512966
1568825512980
1568825512993
1568825513006
1568825513022
1568825513036
1568825513050
1568825513064
1568825513078
1568825513092
1568825513107
1568825513121
1568825513135
1568825513149
1568825513164
1568825513178
1568825513191
1568825513204
1568825513217
1568825513230
1568825513243
1568825513256
1568825513268
1568825513282
1568825513294
1568825513308
1568825513322
1568825513337
1568825513350
1568825513364
1568825513377
1568825513392
1568825513406
1568825513419
1568825513433
1568825513450
1568825513464
1568825513479
1568825513493
1568825513507
1568825513519
1568825513533
1568825513547
1568825513560
1568825513574
1568825513587
1568825513600
1568825513613
1568825513627
1568825513641
1568825513655
1568825513669
1568825513682
1568825513696
1568825513711
1568825513724
1568825513736
1568825513749
1568825513762
1568825513776
1568825513789
1568825513804
1568825513818
1568825513832
1568825513846
1568825513859
1568825513873
1568825513887
1568825513901
1568825513914
1568825513928
1568825513940
1568825513953
1568825513967
1568825513981
1568825513996
1568825514010
1568825514023
1568825514036
1568825514050
1568825514062
1568825514075
1568825514088
1568825514102
1568825514117
1568825514134
1568825514148
1568825514162
1568825514175
1568825514188
