1568825533230
1568825533244
1568825533261
1568825533275
1568825533289
1568825533304
1568825533317
1568825533331
1568825533345
1568825533359
1568825533374
1568825533388
1568825533403
1568825533420
1568825533434
1568825533449
1568825533463
1568825533477
1568825533491
1568825533506
1568825533521
1568825533536
1568825533550
1568825533563
1568825533577
1568825533594
1568825533609
1568825533623
1568825533636
1568825533650
1568825533662
1568825533677
1568825533692
1568825533708
1568825533723
1568825533738
1568825533752
1568825533768
1568825533784
1568825533799
1568825533813
1568825533829
1568825533845
1568825533859
1568825533873
1568825533888
1568825533904
1568825533919
1568825533937
1568825533953
1568825533968
1568825533982
1568825533996
1568825534012
1568825534026
1568825534041
1568825534054
1568825534066
1568825534079
1568825534096
1568825534115
1568825534131
1568825534149
1568825534168
1568825534183
1568825534200
1568825534216
1568825534235
1568825534252
1568825534270
1568825534285
1568825534300
1568825534316
1568825534333
1568825534347
1568825534362
1568825534375
1568825534389
1568825534402
1568825534417
1568825534431
1568825534446
1568825534460
1568825534475
1568825534490
1568825534506
1568825534521
1568825534536
1568825534551
1568825534568
1568825534582
1568825534597
1568825534610
1568825534626
1568825534641
1568825534658
1568825534673
1568825534688
1568825534702
1568825534718
1568825534733
1568825534748
1568825534762
1568825534778
1568825534793
1568825534808
1568825534823
1568825534839
1568825534853
1568825534868
1568825534883
1568825534898
1568825534913
1568825534928
1568825534943
1568825534958
1568825534972
1568825534985
1568825534998
1568825535012
1568825535025
1568825535042
1568825535057
1568825535074
1568825535089
1568825535104
1568825535118
1568825535134
1568825535150
1568825535165
1568825535179
1568825535194
1568825535209
1568825535225
1568825535239
1568825535253
1568825535268
1568825535284
1568825535299
1568825535315
1568825535331
1568825535347
1568825535362
1568825535379
1568825535394
1568825535410
1568825535424
1568825535438
1568825535453
1568825535468
