1568825551997
1568825552013
1568825552030
1568825552044
1568825552057
1568825552071
1568825552084
1568825552098
1568825552113
1568825552127
1568825552140
1568825552154
1568825552169
1568825552185
1568825552200
1568825552216
1568825552229
1568825552245
1568825552259
1568825552273
1568825552287
1568825552301
1568825552313
1568825552325
1568825552337
1568825552351
1568825552365
1568825552379
1568825552393
1568825552406
1568825552419
1568825552433
1568825552447
1568825552461
1568825552475
1568825552491
1568825552506
1568825552520
1568825552532
1568825552546
1568825552558
1568825552573
1568825552587
1568825552601
1568825552615
1568825552629
1568825552642
1568825552657
1568825552674
1568825552689
1568825552704
1568825552719
1568825552732
1568825552745
1568825552760
1568825552779
1568825552795
1568825552811
1568825552825
1568825552839
1568825552854
1568825552870
1568825552883
1568825552895
1568825552908
1568825552921
1568825552933
1568825552946
1568825552959
1568825552972
1568825552984
1568825552997
1568825553011
1568825553026
1568825553041
1568825553054
1568825553068
1568825553082
1568825553095
1568825553108
1568825553122
1568825553136
1568825553149
1568825553163
1568825553180
1568825553197
1568825553213
1568825553228
1568825553241
1568825553254
1568825553268
1568825553284
1568825553299
1568825553314
1568825553328
1568825553343
1568825553357
1568825553375
1568825553390
1568825553405
1568825553420
1568825553436
1568825553450
1568825553465
1568825553479
1568825553496
1568825553511
1568825553527
1568825553542
1568825553558
1568825553573
1568825553588
1568825553602
1568825553617
1568825553632
1568825553648
1568825553663
1568825553677
1568825553691
1568825553707
1568825553722
1568825553737
1568825553751
1568825553766
1568825553779
1568825553794
1568825553808
1568825553824
1568825553838
1568825553854
1568825553870
1568825553885
1568825553900
1568825553915
1568825553929
1568825553943
1568825553959
1568825553974
1568825553988
1568825554003
1568825554017
1568825554034
1568825554050
1568825554066
1568825554082
1568825554100
1568825554116
1568825554132
1568825554148
1568825554167
