1568135276556
1568135276570
1568135276585
1568135276598
1568135276611
1568135276625
1568135276637
1568135276651
1568135276663
1568135276676
1568135276689
1568135276702
1568135276715
1568135276729
1568135276742
1568135276754
1568135276767
1568135276780
1568135276793
1568135276806
1568135276818
1568135276831
1568135276843
1568135276856
1568135276870
1568135276884
1568135276897
1568135276910
1568135276922
1568135276936
1568135276950
1568135276964
1568135276978
1568135276993
1568135277007
1568135277021
1568135277036
1568135277051
1568135277065
1568135277080
1568135277095
1568135277109
1568135277122
1568135277137
1568135277150
1568135277163
1568135277177
1568135277191
1568135277205
1568135277220
1568135277234
1568135277248
1568135277262
1568135277275
1568135277288
1568135277301
1568135277314
1568135277327
1568135277341
1568135277354
1568135277368
1568135277384
1568135277398
1568135277412
1568135277426
1568135277439
1568135277453
1568135277467
1568135277480
1568135277493
1568135277506
1568135277520
1568135277534
1568135277549
1568135277563
1568135277577
1568135277590
1568135277603
1568135277616
1568135277629
1568135277642
1568135277655
1568135277667
1568135277681
1568135277695
1568135277709
1568135277721
1568135277735
1568135277748
1568135277761
1568135277774
1568135277787
1568135277800
1568135277813
1568135277826
1568135277839
1568135277852
1568135277866
1568135277879
1568135277892
1568135277905
1568135277919
1568135277931
1568135277944
1568135277957
1568135277971
1568135277984
1568135277997
1568135278011
1568135278026
1568135278039
1568135278052
1568135278065
1568135278077
1568135278090
1568135278103
1568135278116
1568135278129
1568135278141
1568135278154
1568135278168
1568135278182
1568135278195
1568135278208
1568135278221
1568135278234
1568135278247
1568135278260
1568135278273
1568135278287
1568135278300
1568135278313
1568135278327
1568135278341
1568135278354
1568135278367
1568135278380
1568135278393
1568135278406
1568135278419
1568135278432
1568135278445
1568135278459
1568135278472
1568135278486
1568135278500
1568135278513
1568135278526
1568135278539
1568135278552
