1568135261324
1568135261337
1568135261351
1568135261364
1568135261377
1568135261390
1568135261402
1568135261416
1568135261428
1568135261441
1568135261454
1568135261467
1568135261481
1568135261495
1568135261508
1568135261521
1568135261534
1568135261547
1568135261561
1568135261573
1568135261586
1568135261599
1568135261612
1568135261624
1568135261638
1568135261651
1568135261665
1568135261679
1568135261692
1568135261706
1568135261719
1568135261734
1568135261748
1568135261761
1568135261775
1568135261788
1568135261802
1568135261818
1568135261832
1568135261845
1568135261859
1568135261872
1568135261886
1568135261900
1568135261913
1568135261927
1568135261940
1568135261954
1568135261969
1568135261984
1568135261999
1568135262015
1568135262029
1568135262043
1568135262059
1568135262075
1568135262089
1568135262103
1568135262117
1568135262131
1568135262146
1568135262161
1568135262175
1568135262189
1568135262202
1568135262217
1568135262231
1568135262245
1568135262259
1568135262273
1568135262287
1568135262300
1568135262315
1568135262330
1568135262344
1568135262359
1568135262372
1568135262388
1568135262402
1568135262416
1568135262430
1568135262445
1568135262459
1568135262473
1568135262488
1568135262504
1568135262519
1568135262533
1568135262547
1568135262562
1568135262576
1568135262591
1568135262605
1568135262620
1568135262635
1568135262650
1568135262666
1568135262681
1568135262696
1568135262711
1568135262725
1568135262739
1568135262753
1568135262767
1568135262781
1568135262795
1568135262808
1568135262822
1568135262836
1568135262852
1568135262866
1568135262881
1568135262895
1568135262910
1568135262924
1568135262939
1568135262954
1568135262968
1568135262983
1568135262997
1568135263011
1568135263026
1568135263039
1568135263053
1568135263066
1568135263080
1568135263092
1568135263106
1568135263119
1568135263132
1568135263145
1568135263158
1568135263172
1568135263186
1568135263203
1568135263220
1568135263234
1568135263250
1568135263264
1568135263286
1568135263299
1568135263312
1568135263326
1568135263339
1568135263353
1568135263366
1568135263380
1568135263393
1568135263408
1568135263422
