1568135245145
1568135245160
1568135245175
1568135245188
1568135245201
1568135245214
1568135245227
1568135245240
1568135245253
1568135245266
1568135245279
1568135245293
1568135245306
1568135245321
1568135245336
1568135245350
1568135245363
1568135245377
1568135245390
1568135245405
1568135245418
1568135245431
1568135245445
1568135245458
1568135245472
1568135245487
1568135245500
1568135245514
1568135245528
1568135245542
1568135245555
1568135245569
1568135245581
1568135245595
1568135245607
1568135245620
1568135245634
1568135245648
1568135245662
1568135245675
1568135245689
1568135245705
1568135245720
1568135245734
1568135245748
1568135245765
1568135245780
1568135245794
1568135245809
1568135245825
1568135245840
1568135245856
1568135245871
1568135245885
1568135245900
1568135245915
1568135245930
1568135245946
1568135245962
1568135245977
1568135245992
1568135246009
1568135246023
1568135246038
1568135246052
1568135246067
1568135246081
1568135246096
1568135246110
1568135246125
1568135246138
1568135246153
1568135246168
1568135246183
1568135246197
1568135246212
1568135246226
1568135246240
1568135246254
1568135246269
1568135246283
1568135246297
1568135246312
1568135246326
1568135246342
1568135246359
1568135246373
1568135246389
1568135246404
1568135246418
1568135246432
1568135246447
1568135246461
1568135246475
1568135246490
1568135246504
1568135246519
1568135246535
1568135246550
1568135246565
1568135246579
1568135246594
1568135246609
1568135246623
1568135246637
1568135246652
1568135246667
1568135246681
1568135246696
1568135246711
1568135246724
1568135246738
1568135246750
1568135246764
1568135246778
1568135246791
1568135246804
1568135246817
1568135246830
1568135246843
1568135246857
1568135246871
1568135246884
1568135246897
1568135246910
1568135246923
1568135246935
1568135246949
1568135246962
1568135246975
1568135246988
1568135247001
1568135247015
1568135247028
1568135247042
1568135247055
1568135247068
1568135247082
1568135247094
1568135247108
1568135247120
1568135247133
1568135247146
1568135247160
1568135247173
1568135247187
1568135247200
1568135247213
1568135247226
1568135247239
