1568135249912
1568135249926
1568135249942
1568135249955
1568135249969
1568135249983
1568135249996
1568135250010
1568135250023
1568135250037
1568135250050
1568135250064
1568135250078
1568135250093
1568135250109
1568135250123
1568135250137
1568135250150
1568135250164
1568135250178
1568135250191
1568135250203
1568135250216
1568135250229
1568135250243
1568135250257
1568135250271
1568135250284
1568135250297
1568135250310
1568135250322
1568135250335
1568135250347
1568135250360
1568135250373
1568135250386
1568135250400
1568135250415
1568135250428
1568135250442
1568135250456
1568135250469
1568135250483
1568135250497
1568135250511
1568135250524
1568135250538
1568135250552
1568135250566
1568135250581
1568135250595
1568135250609
1568135250622
1568135250636
1568135250649
1568135250663
1568135250676
1568135250690
1568135250704
1568135250718
1568135250732
1568135250747
1568135250761
1568135250774
1568135250788
1568135250802
1568135250815
1568135250828
1568135250842
1568135250856
1568135250870
1568135250883
1568135250897
1568135250912
1568135250927
1568135250940
1568135250954
1568135250969
1568135250984
1568135250997
1568135251011
1568135251024
1568135251038
1568135251052
1568135251066
1568135251081
1568135251096
1568135251111
1568135251125
1568135251139
1568135251153
1568135251167
1568135251181
1568135251196
1568135251209
1568135251224
1568135251238
1568135251254
1568135251269
1568135251283
1568135251298
1568135251313
1568135251326
1568135251340
1568135251354
1568135251369
1568135251383
1568135251397
1568135251412
1568135251428
1568135251442
1568135251456
1568135251470
1568135251485
1568135251499
1568135251513
1568135251526
1568135251539
1568135251552
1568135251565
1568135251579
1568135251593
1568135251607
1568135251620
1568135251634
1568135251647
1568135251660
1568135251673
1568135251686
1568135251700
1568135251714
1568135251728
1568135251742
1568135251756
1568135251770
1568135251784
1568135251798
1568135251813
1568135251826
1568135251840
1568135251854
1568135251867
1568135251881
1568135251896
1568135251910
1568135251924
1568135251938
1568135251952
1568135251966
1568135251980
