1568135231348
1568135231362
1568135231377
1568135231389
1568135231401
1568135231413
1568135231426
1568135231439
1568135231451
1568135231464
1568135231477
1568135231490
1568135231503
1568135231516
1568135231529
1568135231542
1568135231555
1568135231568
1568135231581
1568135231593
1568135231606
1568135231619
1568135231631
1568135231644
1568135231657
1568135231671
1568135231684
1568135231697
1568135231709
1568135231722
1568135231734
1568135231747
1568135231760
1568135231773
1568135231785
1568135231798
1568135231811
1568135231825
1568135231843
1568135231856
1568135231870
1568135231883
1568135231896
1568135231909
1568135231922
1568135231935
1568135231947
1568135231960
1568135231973
1568135231988
1568135232001
1568135232013
1568135232025
1568135232039
1568135232052
1568135232065
1568135232079
1568135232092
1568135232105
1568135232118
1568135232131
1568135232145
1568135232159
1568135232172
1568135232185
1568135232199
1568135232211
1568135232225
1568135232238
1568135232251
1568135232265
1568135232278
1568135232292
1568135232306
1568135232320
1568135232334
1568135232348
1568135232362
1568135232377
1568135232391
1568135232404
1568135232418
1568135232432
1568135232446
1568135232459
1568135232475
1568135232490
1568135232504
1568135232519
1568135232533
1568135232547
1568135232560
1568135232574
1568135232588
1568135232603
1568135232617
1568135232631
1568135232646
1568135232661
1568135232676
1568135232690
1568135232703
1568135232717
1568135232731
1568135232745
1568135232759
1568135232772
1568135232786
1568135232801
1568135232815
1568135232829
1568135232843
1568135232856
1568135232869
1568135232881
1568135232894
1568135232906
1568135232918
1568135232931
1568135232943
1568135232956
1568135232969
1568135232982
1568135232996
1568135233008
1568135233020
1568135233032
1568135233044
1568135233056
1568135233069
1568135233081
1568135233094
1568135233106
1568135233119
1568135233132
1568135233145
1568135233158
1568135233171
1568135233184
1568135233220
1568135233233
1568135233246
1568135233259
1568135233273
1568135233291
1568135233305
1568135233317
1568135233330
1568135233343
1568135233356
