1568909047043
1568909047058
1568909047073
1568909047087
1568909047100
1568909047113
1568909047126
1568909047139
1568909047151
1568909047164
1568909047176
1568909047190
1568909047205
1568909047218
1568909047231
1568909047244
1568909047257
1568909047269
1568909047282
1568909047297
1568909047311
1568909047324
1568909047336
1568909047350
1568909047362
1568909047377
1568909047392
1568909047405
1568909047418
1568909047433
1568909047449
1568909047463
1568909047476
1568909047489
1568909047503
1568909047518
1568909047531
1568909047546
1568909047559
1568909047572
1568909047584
1568909047597
1568909047612
1568909047627
1568909047642
1568909047655
1568909047668
1568909047681
1568909047694
1568909047707
1568909047722
1568909047736
1568909047749
1568909047762
1568909047775
1568909047789
1568909047804
1568909047819
1568909047833
1568909047846
1568909047859
1568909047873
1568909047886
1568909047898
1568909047911
1568909047924
1568909047937
1568909047950
1568909047964
1568909047979
1568909047994
1568909048008
1568909048022
1568909048036
1568909048048
1568909048061
1568909048074
1568909048087
1568909048100
1568909048114
1568909048126
1568909048139
1568909048152
1568909048165
1568909048181
1568909048194
1568909048208
1568909048221
1568909048235
1568909048249
1568909048262
1568909048275
1568909048288
1568909048303
1568909048316
1568909048329
1568909048343
1568909048357
1568909048371
1568909048385
1568909048399
1568909048413
1568909048426
1568909048439
1568909048452
1568909048466
1568909048480
1568909048494
1568909048506
1568909048520
1568909048534
1568909048548
1568909048561
1568909048574
1568909048588
1568909048602
1568909048615
1568909048628
1568909048642
1568909048655
1568909048669
1568909048683
1568909048696
1568909048709
1568909048722
1568909048735
1568909048748
1568909048761
1568909048775
1568909048788
1568909048801
1568909048814
1568909048827
1568909048841
1568909048856
1568909048869
1568909048882
1568909048895
1568909048908
1568909048923
1568909048936
1568909048950
1568909048963
1568909048977
1568909048990
1568909049004
1568909049017
1568909049032
1568909049045
1568909049058
