1568909014426
1568909014439
1568909014452
1568909014464
1568909014476
1568909014487
1568909014499
1568909014511
1568909014522
1568909014534
1568909014546
1568909014558
1568909014569
1568909014582
1568909014594
1568909014606
1568909014617
1568909014629
1568909014641
1568909014654
1568909014666
1568909014679
1568909014691
1568909014705
1568909014717
1568909014731
1568909014745
1568909014758
1568909014770
1568909014783
1568909014796
1568909014808
1568909014821
1568909014834
1568909014846
1568909014860
1568909014872
1568909014886
1568909014898
1568909014911
1568909014924
1568909014937
1568909014949
1568909014962
1568909014973
1568909014986
1568909014998
1568909015011
1568909015023
1568909015037
1568909015050
1568909015062
1568909015075
1568909015088
1568909015100
1568909015112
1568909015124
1568909015137
1568909015149
1568909015162
1568909015174
1568909015188
1568909015201
1568909015214
1568909015226
1568909015239
1568909015251
1568909015263
1568909015275
1568909015288
1568909015300
1568909015312
1568909015325
1568909015339
1568909015352
1568909015364
1568909015376
1568909015388
1568909015402
1568909015415
1568909015427
1568909015441
1568909015453
1568909015466
1568909015481
1568909015495
1568909015509
1568909015522
1568909015535
1568909015548
1568909015561
1568909015575
1568909015588
1568909015601
1568909015614
1568909015627
1568909015640
1568909015654
1568909015667
1568909015681
1568909015693
1568909015707
1568909015719
1568909015733
1568909015746
1568909015759
1568909015772
1568909015785
1568909015798
1568909015812
1568909015826
1568909015839
1568909015853
1568909015866
1568909015879
1568909015893
1568909015906
1568909015920
1568909015933
1568909015945
1568909015958
1568909015971
1568909015984
1568909015996
1568909016008
1568909016020
1568909016033
1568909016045
1568909016057
1568909016069
1568909016081
1568909016093
1568909016106
1568909016118
1568909016131
1568909016144
1568909016156
1568909016169
1568909016181
1568909016194
1568909016207
1568909016219
1568909016231
1568909016244
1568909016255
1568909016269
1568909016282
1568909016295
1568909016307
1568909016322
