1568909023575
1568909023588
1568909023602
1568909023615
1568909023627
1568909023640
1568909023652
1568909023663
1568909023675
1568909023688
1568909023700
1568909023712
1568909023724
1568909023738
1568909023751
1568909023764
1568909023777
1568909023790
1568909023802
1568909023814
1568909023827
1568909023841
1568909023855
1568909023868
1568909023882
1568909023895
1568909023907
1568909023921
1568909023934
1568909023948
1568909023961
1568909023975
1568909023987
1568909023999
1568909024012
1568909024026
1568909024038
1568909024052
1568909024065
1568909024080
1568909024094
1568909024107
1568909024120
1568909024134
1568909024147
1568909024160
1568909024174
1568909024187
1568909024200
1568909024214
1568909024227
1568909024241
1568909024254
1568909024268
1568909024281
1568909024295
1568909024308
1568909024322
1568909024335
1568909024348
1568909024361
1568909024376
1568909024390
1568909024404
1568909024418
1568909024431
1568909024445
1568909024459
1568909024473
1568909024486
1568909024499
1568909024512
1568909024526
1568909024541
1568909024555
1568909024568
1568909024581
1568909024594
1568909024608
1568909024621
1568909024635
1568909024648
1568909024661
1568909024674
1568909024687
1568909024701
1568909024714
1568909024728
1568909024742
1568909024756
1568909024768
1568909024781
1568909024794
1568909024808
1568909024821
1568909024835
1568909024847
1568909024862
1568909024876
1568909024890
1568909024903
1568909024917
1568909024931
1568909024944
1568909024958
1568909024972
1568909024985
1568909024998
1568909025011
1568909025026
1568909025040
1568909025052
1568909025066
1568909025079
1568909025091
1568909025103
1568909025115
1568909025128
1568909025139
1568909025151
1568909025163
1568909025177
1568909025190
1568909025202
1568909025215
1568909025228
1568909025240
1568909025253
1568909025265
1568909025276
1568909025289
1568909025301
1568909025314
1568909025328
1568909025340
1568909025353
1568909025365
1568909025378
1568909025390
1568909025403
1568909025415
1568909025428
1568909025441
1568909025453
1568909025466
1568909025480
1568909025493
1568909025506
1568909025518
1568909025532
