1568909037480
1568909037494
1568909037510
1568909037523
1568909037536
1568909037548
1568909037560
1568909037572
1568909037584
1568909037597
1568909037611
1568909037625
1568909037638
1568909037652
1568909037664
1568909037679
1568909037693
1568909037706
1568909037719
1568909037731
1568909037745
1568909037758
1568909037770
1568909037783
1568909037795
1568909037809
1568909037823
1568909037835
1568909037847
1568909037860
1568909037874
1568909037889
1568909037901
1568909037914
1568909037929
1568909037942
1568909037956
1568909037969
1568909037982
1568909037996
1568909038009
1568909038021
1568909038032
1568909038044
1568909038057
1568909038069
1568909038081
1568909038094
1568909038107
1568909038120
1568909038132
1568909038144
1568909038157
1568909038169
1568909038182
1568909038194
1568909038207
1568909038220
1568909038232
1568909038245
1568909038256
1568909038269
1568909038281
1568909038294
1568909038306
1568909038319
1568909038332
1568909038345
1568909038357
1568909038370
1568909038381
1568909038393
1568909038406
1568909038420
1568909038432
1568909038445
1568909038459
1568909038473
1568909038486
1568909038499
1568909038511
1568909038525
1568909038538
1568909038551
1568909038564
1568909038578
1568909038591
1568909038604
1568909038617
1568909038630
1568909038643
1568909038657
1568909038671
1568909038684
1568909038696
1568909038711
1568909038725
1568909038740
1568909038753
1568909038767
1568909038780
1568909038793
1568909038807
1568909038820
1568909038834
1568909038847
1568909038860
1568909038875
1568909038887
1568909038901
1568909038914
1568909038928
1568909038941
1568909038955
1568909038969
1568909038983
1568909038997
1568909039010
1568909039024
1568909039038
1568909039050
1568909039063
1568909039076
1568909039090
1568909039102
1568909039116
1568909039129
1568909039142
1568909039155
1568909039168
1568909039180
1568909039193
1568909039205
1568909039219
1568909039233
1568909039246
1568909039260
1568909039274
1568909039286
1568909039299
1568909039311
1568909039324
1568909039337
1568909039350
1568909039363
1568909039376
1568909039388
1568909039400
1568909039412
1568909039426
