1568909043813
1568909043826
1568909043843
1568909043858
1568909043870
1568909043883
1568909043895
1568909043906
1568909043918
1568909043931
1568909043943
1568909043956
1568909043969
1568909043982
1568909043995
1568909044007
1568909044020
1568909044032
1568909044045
1568909044059
1568909044073
1568909044086
1568909044098
1568909044111
1568909044126
1568909044141
1568909044154
1568909044167
1568909044180
1568909044193
1568909044206
1568909044219
1568909044233
1568909044247
1568909044261
1568909044275
1568909044288
1568909044302
1568909044315
1568909044328
1568909044341
1568909044354
1568909044367
1568909044380
1568909044392
1568909044405
1568909044417
1568909044430
1568909044443
1568909044457
1568909044470
1568909044484
1568909044497
1568909044510
1568909044522
1568909044536
1568909044548
1568909044562
1568909044574
1568909044588
1568909044601
1568909044614
1568909044628
1568909044641
1568909044654
1568909044667
1568909044680
1568909044693
1568909044706
1568909044719
1568909044732
1568909044745
1568909044758
1568909044771
1568909044787
1568909044800
1568909044814
1568909044827
1568909044840
1568909044853
1568909044866
1568909044881
1568909044893
1568909044906
1568909044919
1568909044933
1568909044946
1568909044959
1568909044973
1568909044986
1568909044999
1568909045014
1568909045027
1568909045041
1568909045055
1568909045069
1568909045083
1568909045097
1568909045112
1568909045126
1568909045141
1568909045154
1568909045168
1568909045181
1568909045195
1568909045208
1568909045221
1568909045235
1568909045250
1568909045265
1568909045278
1568909045292
1568909045306
1568909045319
1568909045333
1568909045346
1568909045360
1568909045374
1568909045387
1568909045400
1568909045414
1568909045428
1568909045442
1568909045455
1568909045468
1568909045479
1568909045492
1568909045504
1568909045517
1568909045530
1568909045542
1568909045555
1568909045570
1568909045585
1568909045598
1568909045610
1568909045623
1568909045636
1568909045649
1568909045661
1568909045674
1568909045687
1568909045701
1568909045716
1568909045730
1568909045745
1568909045760
1568909045774
1568909045788
1568909045802
