1568909025096
1568909025109
1568909025124
1568909025136
1568909025148
1568909025160
1568909025172
1568909025184
1568909025196
1568909025208
1568909025221
1568909025233
1568909025246
1568909025258
1568909025270
1568909025283
1568909025295
1568909025307
1568909025319
1568909025331
1568909025344
1568909025356
1568909025369
1568909025381
1568909025394
1568909025407
1568909025420
1568909025433
1568909025446
1568909025458
1568909025471
1568909025484
1568909025496
1568909025508
1568909025521
1568909025534
1568909025549
1568909025563
1568909025576
1568909025588
1568909025601
1568909025613
1568909025624
1568909025638
1568909025650
1568909025663
1568909025675
1568909025689
1568909025701
1568909025715
1568909025727
1568909025740
1568909025753
1568909025766
1568909025779
1568909025791
1568909025802
1568909025814
1568909025827
1568909025839
1568909025852
1568909025866
1568909025879
1568909025892
1568909025905
1568909025918
1568909025930
1568909025943
1568909025954
1568909025966
1568909025979
1568909025991
1568909026004
1568909026017
1568909026030
1568909026043
1568909026055
1568909026069
1568909026084
1568909026097
1568909026110
1568909026124
1568909026138
1568909026150
1568909026163
1568909026178
1568909026192
1568909026206
1568909026221
1568909026236
1568909026250
1568909026263
1568909026277
1568909026290
1568909026302
1568909026316
1568909026342
1568909026357
1568909026372
1568909026386
1568909026401
1568909026416
1568909026432
1568909026449
1568909026473
1568909026486
1568909026498
1568909026512
1568909026525
1568909026539
1568909026552
1568909026565
1568909026578
1568909026591
1568909026604
1568909026617
1568909026629
1568909026642
1568909026654
1568909026667
1568909026680
1568909026695
1568909026708
1568909026720
1568909026732
1568909026744
1568909026755
1568909026768
1568909026780
1568909026793
1568909026805
1568909026818
1568909026830
1568909026844
1568909026857
1568909026871
1568909026884
1568909026896
1568909026909
1568909026923
1568909026936
1568909026950
1568909026964
1568909026978
1568909026992
1568909027006
1568909027020
1568909027035
1568909027048
1568909027061
