1568909003658
1568909003671
1568909003686
1568909003698
1568909003709
1568909003722
1568909003733
1568909003745
1568909003757
1568909003769
1568909003781
1568909003794
1568909003806
1568909003819
1568909003832
1568909003844
1568909003857
1568909003869
1568909003880
1568909003892
1568909003904
1568909003916
1568909003928
1568909003940
1568909003952
1568909003965
1568909003977
1568909003992
1568909004004
1568909004017
1568909004029
1568909004041
1568909004053
1568909004065
1568909004078
1568909004090
1568909004103
1568909004116
1568909004129
1568909004141
1568909004154
1568909004166
1568909004178
1568909004190
1568909004202
1568909004215
1568909004227
1568909004240
1568909004252
1568909004264
1568909004277
1568909004290
1568909004302
1568909004314
1568909004327
1568909004339
1568909004352
1568909004365
1568909004377
1568909004389
1568909004401
1568909004414
1568909004427
1568909004440
1568909004452
1568909004465
1568909004477
1568909004489
1568909004501
1568909004513
1568909004525
1568909004538
1568909004550
1568909004563
1568909004576
1568909004588
1568909004601
1568909004613
1568909004625
1568909004638
1568909004650
1568909004663
1568909004676
1568909004689
1568909004702
1568909004715
1568909004728
1568909004742
1568909004754
1568909004768
1568909004781
1568909004794
1568909004807
1568909004820
1568909004833
1568909004846
1568909004859
1568909004873
1568909004886
1568909004900
1568909004913
1568909004926
1568909004940
1568909004953
1568909004965
1568909004978
1568909004991
1568909005004
1568909005018
1568909005031
1568909005044
1568909005058
1568909005071
1568909005084
1568909005097
1568909005110
1568909005123
1568909005136
1568909005149
1568909005163
1568909005176
1568909005190
1568909005202
1568909005216
1568909005228
1568909005240
1568909005252
1568909005265
1568909005277
1568909005290
1568909005302
1568909005315
1568909005326
1568909005340
1568909005352
1568909005365
1568909005377
1568909005389
1568909005401
1568909005413
1568909005426
1568909005439
1568909005452
1568909005464
1568909005477
1568909005491
1568909005503
1568909005515
1568909005528
1568909005540
