1568909022051
1568909022064
1568909022078
1568909022090
1568909022103
1568909022116
1568909022129
1568909022141
1568909022153
1568909022165
1568909022176
1568909022189
1568909022202
1568909022215
1568909022227
1568909022239
1568909022251
1568909022264
1568909022276
1568909022290
1568909022302
1568909022316
1568909022330
1568909022344
1568909022358
1568909022373
1568909022385
1568909022398
1568909022410
1568909022423
1568909022434
1568909022446
1568909022459
1568909022472
1568909022486
1568909022499
1568909022513
1568909022526
1568909022538
1568909022552
1568909022565
1568909022578
1568909022591
1568909022604
1568909022616
1568909022630
1568909022643
1568909022656
1568909022669
1568909022684
1568909022696
1568909022709
1568909022722
1568909022735
1568909022748
1568909022761
1568909022774
1568909022787
1568909022800
1568909022813
1568909022826
1568909022839
1568909022853
1568909022865
1568909022878
1568909022892
1568909022905
1568909022919
1568909022932
1568909022946
1568909022959
1568909022973
1568909022986
1568909023000
1568909023013
1568909023026
1568909023039
1568909023051
1568909023064
1568909023077
1568909023091
1568909023104
1568909023116
1568909023129
1568909023142
1568909023155
1568909023168
1568909023181
1568909023194
1568909023208
1568909023221
1568909023234
1568909023247
1568909023261
1568909023274
1568909023287
1568909023300
1568909023313
1568909023327
1568909023340
1568909023353
1568909023366
1568909023379
1568909023393
1568909023406
1568909023420
1568909023433
1568909023446
1568909023459
1568909023474
1568909023487
1568909023500
1568909023513
1568909023525
1568909023538
1568909023552
1568909023564
1568909023576
1568909023589
1568909023602
1568909023615
1568909023629
1568909023642
1568909023655
1568909023667
1568909023679
1568909023691
1568909023703
1568909023715
1568909023728
1568909023740
1568909023753
1568909023767
1568909023781
1568909023793
1568909023806
1568909023818
1568909023832
1568909023846
1568909023860
1568909023874
1568909023888
1568909023900
1568909023913
1568909023927
1568909023942
1568909023955
1568909023969
1568909023983
1568909023995
