1568909028169
1568909028181
1568909028194
1568909028207
1568909028220
1568909028233
1568909028245
1568909028258
1568909028270
1568909028284
1568909028297
1568909028310
1568909028323
1568909028337
1568909028350
1568909028363
1568909028376
1568909028389
1568909028401
1568909028414
1568909028426
1568909028438
1568909028451
1568909028463
1568909028474
1568909028488
1568909028500
1568909028512
1568909028525
1568909028537
1568909028549
1568909028562
1568909028575
1568909028588
1568909028603
1568909028616
1568909028630
1568909028645
1568909028660
1568909028673
1568909028686
1568909028698
1568909028709
1568909028722
1568909028734
1568909028747
1568909028760
1568909028773
1568909028786
1568909028799
1568909028813
1568909028826
1568909028839
1568909028853
1568909028867
1568909028880
1568909028893
1568909028905
1568909028918
1568909028930
1568909028942
1568909028955
1568909028967
1568909028979
1568909028992
1568909029006
1568909029018
1568909029031
1568909029044
1568909029057
1568909029069
1568909029082
1568909029096
1568909029110
1568909029123
1568909029138
1568909029151
1568909029164
1568909029177
1568909029189
1568909029203
1568909029216
1568909029231
1568909029243
1568909029255
1568909029270
1568909029284
1568909029297
1568909029310
1568909029324
1568909029339
1568909029353
1568909029367
1568909029380
1568909029393
1568909029407
1568909029421
1568909029436
1568909029450
1568909029464
1568909029478
1568909029491
1568909029505
1568909029518
1568909029531
1568909029545
1568909029558
1568909029571
1568909029584
1568909029599
1568909029612
1568909029625
1568909029638
1568909029652
1568909029665
1568909029678
1568909029689
1568909029702
1568909029715
1568909029728
1568909029741
1568909029754
1568909029767
1568909029781
1568909029795
1568909029808
1568909029821
1568909029833
1568909029846
1568909029859
1568909029871
1568909029884
1568909029897
1568909029911
1568909029924
1568909029937
1568909029950
1568909029963
1568909029975
1568909029987
1568909029999
1568909030012
1568909030024
1568909030038
1568909030051
1568909030065
1568909030077
1568909030091
1568909030104
1568909030116
