1568131049939
1568131049952
1568131049967
1568131049979
1568131049992
1568131050005
1568131050018
1568131050030
1568131050042
1568131050055
1568131050068
1568131050081
1568131050094
1568131050108
1568131050121
1568131050134
1568131050147
1568131050160
1568131050173
1568131050186
1568131050198
1568131050211
1568131050224
1568131050237
1568131050250
1568131050263
1568131050276
1568131050289
1568131050302
1568131050315
1568131050328
1568131050341
1568131050354
1568131050367
1568131050379
1568131050392
1568131050405
1568131050420
1568131050434
1568131050448
1568131050462
1568131050476
1568131050490
1568131050504
1568131050519
1568131050533
1568131050547
1568131050561
1568131050575
1568131050590
1568131050604
1568131050619
1568131050633
1568131050648
1568131050662
1568131050675
1568131050690
1568131050703
1568131050717
1568131050731
1568131050744
1568131050760
1568131050774
1568131050788
1568131050802
1568131050816
1568131050830
1568131050845
1568131050859
1568131050874
1568131050888
1568131050902
1568131050916
1568131050931
1568131050946
1568131050961
1568131050975
1568131050990
1568131051003
1568131051017
1568131051030
1568131051043
1568131051058
1568131051072
1568131051087
1568131051102
1568131051117
1568131051131
1568131051145
1568131051161
1568131051175
1568131051190
1568131051204
1568131051218
1568131051232
1568131051246
1568131051260
1568131051276
1568131051290
1568131051305
1568131051319
1568131051334
1568131051348
1568131051362
1568131051375
1568131051391
1568131051405
1568131051418
1568131051432
1568131051447
1568131051461
1568131051475
1568131051489
1568131051504
1568131051518
1568131051532
1568131051545
1568131051558
1568131051571
1568131051584
1568131051597
1568131051611
1568131051624
1568131051637
1568131051649
1568131051662
1568131051675
1568131051689
1568131051702
1568131051715
1568131051727
1568131051740
1568131051753
1568131051767
1568131051779
1568131051793
1568131051806
1568131051819
1568131051832
1568131051846
1568131051859
1568131051872
1568131051885
1568131051899
1568131051911
1568131051925
1568131051939
1568131051953
1568131051966
1568131051981
