1568131082513
1568131082527
1568131082542
1568131082555
1568131082568
1568131082581
1568131082593
1568131082607
1568131082620
1568131082633
1568131082646
1568131082659
1568131082672
1568131082686
1568131082700
1568131082713
1568131082726
1568131082739
1568131082751
1568131082764
1568131082777
1568131082790
1568131082802
1568131082815
1568131082828
1568131082842
1568131082855
1568131082868
1568131082881
1568131082894
1568131082907
1568131082920
1568131082932
1568131082946
1568131082958
1568131082971
1568131082984
1568131082997
1568131083010
1568131083023
1568131083036
1568131083049
1568131083062
1568131083076
1568131083089
1568131083104
1568131083118
1568131083133
1568131083147
1568131083164
1568131083179
1568131083193
1568131083207
1568131083221
1568131083236
1568131083250
1568131083265
1568131083279
1568131083293
1568131083306
1568131083320
1568131083335
1568131083349
1568131083363
1568131083377
1568131083391
1568131083404
1568131083418
1568131083431
1568131083444
1568131083457
1568131083471
1568131083485
1568131083501
1568131083515
1568131083529
1568131083544
1568131083559
1568131083573
1568131083587
1568131083602
1568131083617
1568131083630
1568131083645
1568131083660
1568131083675
1568131083690
1568131083705
1568131083720
1568131083734
1568131083748
1568131083763
1568131083777
1568131083792
1568131083806
1568131083820
1568131083834
1568131083851
1568131083866
1568131083880
1568131083895
1568131083910
1568131083925
1568131083940
1568131083954
1568131083969
1568131083983
1568131083998
1568131084013
1568131084028
1568131084043
1568131084057
1568131084072
1568131084086
1568131084099
1568131084112
1568131084125
1568131084139
1568131084152
1568131084165
1568131084179
1568131084193
1568131084207
1568131084222
1568131084235
1568131084249
1568131084262
1568131084275
1568131084288
1568131084301
1568131084314
1568131084327
1568131084340
1568131084353
1568131084366
1568131084379
1568131084392
1568131084405
1568131084417
1568131084431
1568131084444
1568131084458
1568131084472
1568131084486
1568131084498
1568131084512
1568131084525
1568131084539
1568131084552
1568131084566
