1568131085650
1568131085664
1568131085679
1568131085692
1568131085704
1568131085718
1568131085730
1568131085743
1568131085756
1568131085769
1568131085782
1568131085796
1568131085809
1568131085823
1568131085836
1568131085849
1568131085861
1568131085874
1568131085888
1568131085901
1568131085914
1568131085927
1568131085940
1568131085953
1568131085966
1568131085979
1568131085992
1568131086005
1568131086018
1568131086031
1568131086044
1568131086057
1568131086070
1568131086083
1568131086096
1568131086110
1568131086124
1568131086138
1568131086152
1568131086166
1568131086179
1568131086193
1568131086206
1568131086219
1568131086232
1568131086245
1568131086258
1568131086271
1568131086284
1568131086298
1568131086311
1568131086325
1568131086338
1568131086351
1568131086364
1568131086378
1568131086391
1568131086404
1568131086417
1568131086430
1568131086443
1568131086457
1568131086470
1568131086484
1568131086497
1568131086511
1568131086523
1568131086536
1568131086549
1568131086562
1568131086575
1568131086590
1568131086604
1568131086620
1568131086635
1568131086649
1568131086664
1568131086678
1568131086692
1568131086706
1568131086719
1568131086733
1568131086746
1568131086760
1568131086774
1568131086791
1568131086805
1568131086820
1568131086834
1568131086847
1568131086862
1568131086877
1568131086892
1568131086906
1568131086919
1568131086933
1568131086948
1568131086964
1568131086978
1568131086993
1568131087007
1568131087022
1568131087037
1568131087051
1568131087064
1568131087080
1568131087094
1568131087109
1568131087123
1568131087140
1568131087156
1568131087173
1568131087188
1568131087202
1568131087217
1568131087230
1568131087244
1568131087257
1568131087271
1568131087284
1568131087298
1568131087312
1568131087325
1568131087338
1568131087351
1568131087364
1568131087377
1568131087390
1568131087403
1568131087415
1568131087428
1568131087441
1568131087454
1568131087468
1568131087481
1568131087494
1568131087507
1568131087521
1568131087534
1568131087547
1568131087560
1568131087573
1568131087596
1568131087627
1568131087640
1568131087654
1568131087669
1568131087683
1568131087699
1568131087712
