1568131084084
1568131084097
1568131084112
1568131084125
1568131084138
1568131084152
1568131084165
1568131084178
1568131084191
1568131084205
1568131084218
1568131084231
1568131084244
1568131084258
1568131084272
1568131084285
1568131084298
1568131084311
1568131084323
1568131084336
1568131084349
1568131084362
1568131084375
1568131084388
1568131084401
1568131084415
1568131084428
1568131084441
1568131084454
1568131084467
1568131084479
1568131084493
1568131084506
1568131084519
1568131084532
1568131084545
1568131084558
1568131084573
1568131084588
1568131084602
1568131084616
1568131084631
1568131084645
1568131084659
1568131084673
1568131084689
1568131084702
1568131084717
1568131084731
1568131084746
1568131084762
1568131084776
1568131084790
1568131084805
1568131084819
1568131084832
1568131084846
1568131084860
1568131084874
1568131084888
1568131084902
1568131084917
1568131084931
1568131084945
1568131084958
1568131084973
1568131084987
1568131085001
1568131085016
1568131085030
1568131085045
1568131085059
1568131085073
1568131085089
1568131085103
1568131085117
1568131085131
1568131085145
1568131085159
1568131085173
1568131085187
1568131085201
1568131085215
1568131085230
1568131085244
1568131085259
1568131085274
1568131085289
1568131085303
1568131085318
1568131085332
1568131085347
1568131085361
1568131085376
1568131085390
1568131085405
1568131085418
1568131085433
1568131085448
1568131085462
1568131085477
1568131085491
1568131085505
1568131085520
1568131085534
1568131085549
1568131085563
1568131085577
1568131085592
1568131085607
1568131085621
1568131085636
1568131085649
1568131085663
1568131085676
1568131085690
1568131085702
1568131085716
1568131085729
1568131085742
1568131085755
1568131085769
1568131085782
1568131085796
1568131085809
1568131085822
1568131085835
1568131085848
1568131085861
1568131085875
1568131085888
1568131085901
1568131085914
1568131085928
1568131085941
1568131085954
1568131085967
1568131085980
1568131085993
1568131086006
1568131086019
1568131086032
1568131086045
1568131086059
1568131086072
1568131086087
1568131086100
1568131086115
1568131086129
1568131086143
