1568389045178
1568389045193
1568389045208
1568389045221
1568389045235
1568389045249
1568389045263
1568389045277
1568389045290
1568389045304
1568389045317
1568389045331
1568389045344
1568389045359
1568389045372
1568389045386
1568389045399
1568389045413
1568389045427
1568389045440
1568389045453
1568389045467
1568389045481
1568389045494
1568389045508
1568389045522
1568389045536
1568389045549
1568389045563
1568389045577
1568389045590
1568389045604
1568389045617
1568389045630
1568389045643
1568389045657
1568389045671
1568389045685
1568389045699
1568389045713
1568389045726
1568389045740
1568389045753
1568389045767
1568389045781
1568389045795
1568389045810
1568389045824
1568389045839
1568389045853
1568389045868
1568389045883
1568389045898
1568389045913
1568389045927
1568389045941
1568389045956
1568389045970
1568389045985
1568389046000
1568389046015
1568389046030
1568389046045
1568389046062
1568389046078
1568389046095
1568389046111
1568389046128
1568389046148
1568389046167
1568389046181
1568389046196
1568389046212
1568389046229
1568389046245
1568389046261
1568389046276
1568389046291
1568389046306
1568389046321
1568389046336
1568389046351
1568389046366
1568389046383
1568389046397
1568389046413
1568389046429
1568389046444
1568389046459
1568389046475
1568389046490
1568389046506
1568389046521
1568389046536
1568389046552
1568389046567
1568389046582
1568389046599
1568389046615
1568389046631
1568389046646
1568389046662
1568389046677
1568389046693
1568389046708
1568389046722
1568389046737
1568389046751
1568389046765
1568389046780
1568389046793
1568389046807
1568389046820
1568389046833
1568389046847
1568389046860
1568389046873
1568389046886
1568389046899
1568389046913
1568389046927
1568389046942
1568389046955
1568389046970
1568389046984
1568389046998
1568389047012
1568389047025
1568389047038
1568389047053
1568389047067
1568389047081
1568389047095
1568389047109
1568389047123
1568389047137
1568389047150
1568389047163
1568389047177
1568389047191
1568389047204
1568389047218
1568389047231
1568389047246
1568389047259
1568389047275
1568389047288
1568389047303
1568389047317
1568389047331
