1568388998822
1568388998835
1568388998851
1568388998864
1568388998877
1568388998890
1568388998903
1568388998916
1568388998929
1568388998942
1568388998954
1568388998968
1568388998980
1568388998995
1568388999008
1568388999021
1568388999033
1568388999046
1568388999059
1568388999072
1568388999084
1568388999099
1568388999111
1568388999124
1568388999138
1568388999152
1568388999166
1568388999180
1568388999194
1568388999207
1568388999220
1568388999233
1568388999246
1568388999258
1568388999271
1568388999283
1568388999296
1568388999312
1568388999326
1568388999339
1568388999352
1568388999365
1568388999378
1568388999391
1568388999404
1568388999419
1568388999432
1568388999445
1568388999458
1568388999472
1568388999485
1568388999498
1568388999511
1568388999524
1568388999537
1568388999550
1568388999563
1568388999577
1568388999590
1568388999603
1568388999616
1568388999630
1568388999644
1568388999658
1568388999672
1568388999686
1568388999699
1568388999713
1568388999727
1568388999740
1568388999753
1568388999767
1568388999780
1568388999795
1568388999810
1568388999824
1568388999837
1568388999852
1568388999865
1568388999880
1568388999894
1568388999909
1568388999923
1568388999937
1568388999951
1568388999966
1568388999980
1568388999994
1568389000008
1568389000022
1568389000036
1568389000051
1568389000065
1568389000079
1568389000093
1568389000106
1568389000120
1568389000135
1568389000149
1568389000164
1568389000178
1568389000193
1568389000207
1568389000221
1568389000236
1568389000251
1568389000265
1568389000279
1568389000293
1568389000308
1568389000322
1568389000337
1568389000351
1568389000366
1568389000380
1568389000394
1568389000409
1568389000423
1568389000436
1568389000450
1568389000463
1568389000477
1568389000491
1568389000504
1568389000517
1568389000531
1568389000544
1568389000557
1568389000572
1568389000585
1568389000600
1568389000613
1568389000626
1568389000640
1568389000653
1568389000666
1568389000679
1568389000693
1568389000705
1568389000719
1568389000732
1568389000745
1568389000759
1568389000773
1568389000786
1568389000800
1568389000813
1568389000827
1568389000840
1568389000853
