1568389019819
1568389019833
1568389019848
1568389019862
1568389019876
1568389019889
1568389019903
1568389019917
1568389019930
1568389019944
1568389019958
1568389019971
1568389019985
1568389019999
1568389020014
1568389020028
1568389020042
1568389020056
1568389020070
1568389020083
1568389020097
1568389020111
1568389020124
1568389020139
1568389020152
1568389020167
1568389020181
1568389020195
1568389020208
1568389020222
1568389020236
1568389020249
1568389020263
1568389020277
1568389020291
1568389020305
1568389020319
1568389020333
1568389020348
1568389020363
1568389020378
1568389020393
1568389020407
1568389020424
1568389020438
1568389020454
1568389020469
1568389020485
1568389020499
1568389020516
1568389020531
1568389020546
1568389020562
1568389020577
1568389020591
1568389020608
1568389020623
1568389020637
1568389020653
1568389020668
1568389020682
1568389020697
1568389020713
1568389020728
1568389020742
1568389020759
1568389020774
1568389020788
1568389020803
1568389020818
1568389020834
1568389020849
1568389020864
1568389020880
1568389020895
1568389020910
1568389020925
1568389020941
1568389020955
1568389020970
1568389020986
1568389021002
1568389021017
1568389021034
1568389021050
1568389021066
1568389021081
1568389021097
1568389021113
1568389021129
1568389021144
1568389021160
1568389021175
1568389021191
1568389021206
1568389021221
1568389021237
1568389021254
1568389021269
1568389021285
1568389021301
1568389021316
1568389021331
1568389021347
1568389021362
1568389021377
1568389021393
1568389021409
1568389021423
1568389021438
1568389021452
1568389021466
1568389021480
1568389021495
1568389021509
1568389021524
1568389021539
1568389021554
1568389021569
1568389021583
1568389021597
1568389021613
1568389021627
1568389021641
1568389021654
1568389021668
1568389021682
1568389021696
1568389021709
1568389021723
1568389021736
1568389021750
1568389021764
1568389021779
1568389021793
1568389021806
1568389021820
1568389021834
1568389021847
1568389021861
1568389021876
1568389021890
1568389021904
1568389021918
1568389021932
1568389021947
1568389021962
1568389021977
1568389021991
1568389022006
