1568389026340
1568389026354
1568389026370
1568389026384
1568389026398
1568389026412
1568389026426
1568389026440
1568389026455
1568389026469
1568389026483
1568389026497
1568389026511
1568389026526
1568389026540
1568389026553
1568389026567
1568389026581
1568389026594
1568389026607
1568389026620
1568389026634
1568389026647
1568389026661
1568389026674
1568389026688
1568389026702
1568389026716
1568389026731
1568389026745
1568389026759
1568389026773
1568389026787
1568389026801
1568389026816
1568389026830
1568389026843
1568389026858
1568389026873
1568389026888
1568389026903
1568389026918
1568389026933
1568389026947
1568389026963
1568389026978
1568389026993
1568389027009
1568389027025
1568389027043
1568389027058
1568389027075
1568389027091
1568389027107
1568389027121
1568389027136
1568389027150
1568389027165
1568389027180
1568389027195
1568389027209
1568389027224
1568389027239
1568389027254
1568389027269
1568389027285
1568389027300
1568389027317
1568389027333
1568389027348
1568389027363
1568389027379
1568389027395
1568389027411
1568389027427
1568389027442
1568389027457
1568389027472
1568389027488
1568389027503
1568389027518
1568389027534
1568389027549
1568389027564
1568389027580
1568389027596
1568389027611
1568389027629
1568389027644
1568389027659
1568389027675
1568389027690
1568389027705
1568389027721
1568389027736
1568389027751
1568389027767
1568389027784
1568389027799
1568389027814
1568389027830
1568389027845
1568389027861
1568389027876
1568389027892
1568389027908
1568389027923
1568389027938
1568389027953
1568389027969
1568389027984
1568389027999
1568389028012
1568389028028
1568389028042
1568389028056
1568389028069
1568389028083
1568389028097
1568389028112
1568389028126
1568389028141
1568389028155
1568389028169
1568389028183
1568389028198
1568389028212
1568389028226
1568389028239
1568389028253
1568389028266
1568389028281
1568389028295
1568389028310
1568389028325
1568389028339
1568389028353
1568389028366
1568389028380
1568389028394
1568389028408
1568389028422
1568389028435
1568389028450
1568389028463
1568389028478
1568389028492
1568389028505
1568389028519
1568389028534
