1568389013322
1568389013337
1568389013352
1568389013367
1568389013381
1568389013395
1568389013409
1568389013423
1568389013437
1568389013451
1568389013465
1568389013479
1568389013492
1568389013508
1568389013522
1568389013537
1568389013551
1568389013565
1568389013579
1568389013593
1568389013607
1568389013621
1568389013635
1568389013649
1568389013663
1568389013679
1568389013692
1568389013706
1568389013719
1568389013733
1568389013746
1568389013760
1568389013774
1568389013788
1568389013802
1568389013816
1568389013830
1568389013844
1568389013858
1568389013873
1568389013887
1568389013901
1568389013917
1568389013933
1568389013949
1568389013964
1568389013980
1568389013996
1568389014011
1568389014026
1568389014042
1568389014058
1568389014073
1568389014089
1568389014104
1568389014121
1568389014136
1568389014151
1568389014167
1568389014183
1568389014197
1568389014214
1568389014229
1568389014244
1568389014258
1568389014273
1568389014288
1568389014302
1568389014316
1568389014330
1568389014345
1568389014360
1568389014374
1568389014390
1568389014405
1568389014420
1568389014435
1568389014450
1568389014465
1568389014481
1568389014496
1568389014511
1568389014526
1568389014541
1568389014556
1568389014572
1568389014588
1568389014604
1568389014620
1568389014635
1568389014651
1568389014666
1568389014681
1568389014698
1568389014713
1568389014728
1568389014744
1568389014761
1568389014777
1568389014793
1568389014808
1568389014824
1568389014840
1568389014856
1568389014870
1568389014886
1568389014902
1568389014917
1568389014932
1568389014947
1568389014962
1568389014976
1568389014990
1568389015005
1568389015020
1568389015034
1568389015048
1568389015063
1568389015077
1568389015091
1568389015105
1568389015121
1568389015134
1568389015148
1568389015162
1568389015175
1568389015188
1568389015202
1568389015215
1568389015229
1568389015242
1568389015255
1568389015269
1568389015283
1568389015297
1568389015312
1568389015325
1568389015339
1568389015353
1568389015366
1568389015380
1568389015394
1568389015407
1568389015422
1568389015437
1568389015451
1568389015464
1568389015478
1568389015492
1568389015506
