1568389034325
1568389034339
1568389034354
1568389034368
1568389034381
1568389034395
1568389034409
1568389034423
1568389034436
1568389034450
1568389034463
1568389034477
1568389034491
1568389034505
1568389034519
1568389034533
1568389034546
1568389034560
1568389034573
1568389034586
1568389034599
1568389034612
1568389034625
1568389034639
1568389034652
1568389034666
1568389034680
1568389034693
1568389034706
1568389034720
1568389034733
1568389034746
1568389034759
1568389034773
1568389034786
1568389034799
1568389034812
1568389034826
1568389034839
1568389034853
1568389034865
1568389034879
1568389034893
1568389034907
1568389034923
1568389034938
1568389034952
1568389034967
1568389034981
1568389034995
1568389035010
1568389035025
1568389035039
1568389035054
1568389035069
1568389035083
1568389035097
1568389035111
1568389035126
1568389035140
1568389035155
1568389035170
1568389035186
1568389035201
1568389035216
1568389035232
1568389035247
1568389035261
1568389035276
1568389035292
1568389035306
1568389035321
1568389035335
1568389035350
1568389035364
1568389035378
1568389035393
1568389035407
1568389035421
1568389035436
1568389035451
1568389035466
1568389035481
1568389035496
1568389035511
1568389035527
1568389035542
1568389035557
1568389035573
1568389035587
1568389035602
1568389035616
1568389035631
1568389035646
1568389035661
1568389035676
1568389035690
1568389035707
1568389035722
1568389035737
1568389035752
1568389035766
1568389035781
1568389035797
1568389035812
1568389035827
1568389035842
1568389035857
1568389035872
1568389035887
1568389035901
1568389035914
1568389035928
1568389035941
1568389035955
1568389035969
1568389035983
1568389035996
1568389036010
1568389036023
1568389036037
1568389036051
1568389036065
1568389036079
1568389036093
1568389036106
1568389036120
1568389036133
1568389036147
1568389036160
1568389036173
1568389036187
1568389036200
1568389036214
1568389036229
1568389036242
1568389036256
1568389036270
1568389036284
1568389036298
1568389036312
1568389036326
1568389036339
1568389036353
1568389036366
1568389036380
1568389036393
1568389036407
1568389036422
1568389036436
