1568389032759
1568389032774
1568389032788
1568389032802
1568389032816
1568389032830
1568389032844
1568389032858
1568389032871
1568389032885
1568389032899
1568389032913
1568389032926
1568389032941
1568389032955
1568389032969
1568389032982
1568389032997
1568389033011
1568389033024
1568389033037
1568389033051
1568389033064
1568389033079
1568389033092
1568389033107
1568389033120
1568389033134
1568389033147
1568389033160
1568389033174
1568389033187
1568389033200
1568389033214
1568389033227
1568389033240
1568389033254
1568389033268
1568389033281
1568389033295
1568389033308
1568389033321
1568389033334
1568389033348
1568389033363
1568389033378
1568389033393
1568389033408
1568389033423
1568389033438
1568389033453
1568389033468
1568389033482
1568389033497
1568389033513
1568389033529
1568389033544
1568389033560
1568389033575
1568389033591
1568389033607
1568389033623
1568389033637
1568389033653
1568389033668
1568389033682
1568389033697
1568389033712
1568389033728
1568389033742
1568389033757
1568389033771
1568389033786
1568389033801
1568389033815
1568389033830
1568389033844
1568389033859
1568389033874
1568389033889
1568389033903
1568389033919
1568389033933
1568389033948
1568389033964
1568389033980
1568389033994
1568389034010
1568389034025
1568389034040
1568389034055
1568389034070
1568389034085
1568389034100
1568389034114
1568389034129
1568389034144
1568389034161
1568389034176
1568389034192
1568389034206
1568389034222
1568389034237
1568389034252
1568389034266
1568389034281
1568389034296
1568389034311
1568389034325
1568389034339
1568389034353
1568389034367
1568389034380
1568389034394
1568389034408
1568389034422
1568389034436
1568389034450
1568389034464
1568389034478
1568389034491
1568389034505
1568389034519
1568389034534
1568389034548
1568389034562
1568389034575
1568389034589
1568389034603
1568389034616
1568389034630
1568389034643
1568389034656
1568389034670
1568389034684
1568389034697
1568389034710
1568389034723
1568389034736
1568389034750
1568389034763
1568389034776
1568389034788
1568389034803
1568389034817
1568389034831
1568389034845
1568389034858
1568389034872
1568389034886
