1568388997249
1568388997263
1568388997277
1568388997290
1568388997303
1568388997315
1568388997329
1568388997342
1568388997354
1568388997367
1568388997380
1568388997393
1568388997406
1568388997420
1568388997433
1568388997446
1568388997458
1568388997471
1568388997484
1568388997497
1568388997509
1568388997523
1568388997536
1568388997549
1568388997562
1568388997576
1568388997588
1568388997601
1568388997614
1568388997627
1568388997639
1568388997652
1568388997665
1568388997678
1568388997690
1568388997704
1568388997717
1568388997731
1568388997745
1568388997759
1568388997773
1568388997787
1568388997801
1568388997815
1568388997829
1568388997843
1568388997856
1568388997869
1568388997882
1568388997897
1568388997912
1568388997926
1568388997939
1568388997952
1568388997965
1568388997979
1568388997992
1568388998006
1568388998019
1568388998034
1568388998048
1568388998062
1568388998076
1568388998090
1568388998103
1568388998117
1568388998130
1568388998144
1568388998157
1568388998171
1568388998184
1568388998197
1568388998212
1568388998228
1568388998243
1568388998257
1568388998271
1568388998287
1568388998301
1568388998315
1568388998329
1568388998343
1568388998356
1568388998371
1568388998386
1568388998401
1568388998417
1568388998431
1568388998445
1568388998460
1568388998475
1568388998490
1568388998504
1568388998518
1568388998532
1568388998547
1568388998561
1568388998577
1568388998592
1568388998607
1568388998621
1568388998636
1568388998650
1568388998664
1568388998679
1568388998694
1568388998709
1568388998723
1568388998737
1568388998753
1568388998767
1568388998782
1568388998796
1568388998810
1568388998824
1568388998838
1568388998852
1568388998865
1568388998878
1568388998891
1568388998904
1568388998918
1568388998931
1568388998944
1568388998957
1568388998970
1568388998983
1568388998996
1568388999009
1568388999023
1568388999036
1568388999049
1568388999062
1568388999076
1568388999089
1568388999103
1568388999116
1568388999130
1568388999143
1568388999156
1568388999171
1568388999186
1568388999201
1568388999215
1568388999228
1568388999242
1568388999256
1568388999269
1568388999282
1568388999295
