1568389024699
1568389024713
1568389024728
1568389024742
1568389024755
1568389024768
1568389024781
1568389024794
1568389024808
1568389024821
1568389024834
1568389024847
1568389024861
1568389024876
1568389024890
1568389024904
1568389024917
1568389024931
1568389024944
1568389024957
1568389024970
1568389024984
1568389024997
1568389025011
1568389025025
1568389025040
1568389025053
1568389025068
1568389025084
1568389025099
1568389025113
1568389025128
1568389025142
1568389025157
1568389025172
1568389025187
1568389025200
1568389025214
1568389025228
1568389025244
1568389025259
1568389025273
1568389025288
1568389025302
1568389025317
1568389025332
1568389025347
1568389025361
1568389025375
1568389025391
1568389025406
1568389025421
1568389025435
1568389025450
1568389025465
1568389025480
1568389025495
1568389025510
1568389025525
1568389025539
1568389025553
1568389025568
1568389025584
1568389025600
1568389025615
1568389025630
1568389025645
1568389025661
1568389025677
1568389025692
1568389025707
1568389025722
1568389025736
1568389025752
1568389025767
1568389025783
1568389025797
1568389025813
1568389025828
1568389025844
1568389025859
1568389025876
1568389025890
1568389025906
1568389025920
1568389025938
1568389025953
1568389025968
1568389025984
1568389026000
1568389026015
1568389026031
1568389026047
1568389026063
1568389026078
1568389026095
1568389026110
1568389026127
1568389026143
1568389026159
1568389026175
1568389026191
1568389026206
1568389026222
1568389026237
1568389026253
1568389026268
1568389026284
1568389026299
1568389026315
1568389026331
1568389026347
1568389026361
1568389026376
1568389026391
1568389026405
1568389026419
1568389026433
1568389026448
1568389026462
1568389026476
1568389026491
1568389026505
1568389026520
1568389026533
1568389026547
1568389026560
1568389026575
1568389026588
1568389026601
1568389026615
1568389026629
1568389026642
1568389026656
1568389026669
1568389026683
1568389026697
1568389026711
1568389026725
1568389026739
1568389026754
1568389026767
1568389026781
1568389026797
1568389026811
1568389026826
1568389026840
1568389026854
1568389026868
1568389026883
