1568390639410
1568390639424
1568390639438
1568390639453
1568390639467
1568390639481
1568390639495
1568390639508
1568390639521
1568390639535
1568390639549
1568390639562
1568390639575
1568390639589
1568390639602
1568390639616
1568390639629
1568390639642
1568390639655
1568390639668
1568390639681
1568390639694
1568390639707
1568390639721
1568390639735
1568390639751
1568390639765
1568390639779
1568390639792
1568390639805
1568390639818
1568390639831
1568390639845
1568390639859
1568390639872
1568390639886
1568390639900
1568390639914
1568390639928
1568390639944
1568390639958
1568390639971
1568390639984
1568390639998
1568390640013
1568390640026
1568390640041
1568390640055
1568390640068
1568390640083
1568390640096
1568390640111
1568390640124
1568390640138
1568390640151
1568390640165
1568390640178
1568390640191
1568390640204
1568390640218
1568390640230
1568390640245
1568390640259
1568390640273
1568390640287
1568390640301
1568390640314
1568390640329
1568390640342
1568390640356
1568390640369
1568390640385
1568390640399
1568390640414
1568390640429
1568390640443
1568390640457
1568390640471
1568390640485
1568390640499
1568390640515
1568390640530
1568390640544
1568390640559
1568390640573
1568390640589
1568390640604
1568390640618
1568390640633
1568390640647
1568390640661
1568390640676
1568390640690
1568390640705
1568390640719
1568390640733
1568390640747
1568390640762
1568390640776
1568390640791
1568390640805
1568390640819
1568390640833
1568390640847
1568390640861
1568390640875
1568390640889
1568390640903
1568390640917
1568390640932
1568390640946
1568390640960
1568390640974
1568390640988
1568390641002
1568390641016
1568390641029
1568390641044
1568390641057
1568390641071
1568390641086
1568390641101
1568390641116
1568390641130
1568390641144
1568390641158
1568390641173
1568390641187
1568390641201
1568390641215
1568390641229
1568390641242
1568390641255
1568390641269
1568390641283
1568390641296
1568390641310
1568390641323
1568390641335
1568390641348
1568390641362
1568390641377
1568390641390
1568390641404
1568390641418
1568390641433
1568390641446
1568390641459
1568390641472
1568390641484
