1568390596618
1568390596633
1568390596647
1568390596659
1568390596672
1568390596684
1568390596697
1568390596710
1568390596723
1568390596736
1568390596748
1568390596761
1568390596775
1568390596790
1568390596803
1568390596816
1568390596829
1568390596842
1568390596855
1568390596868
1568390596881
1568390596894
1568390596907
1568390596919
1568390596932
1568390596945
1568390596958
1568390596972
1568390596984
1568390596997
1568390597010
1568390597023
1568390597035
1568390597049
1568390597061
1568390597073
1568390597086
1568390597099
1568390597112
1568390597125
1568390597137
1568390597149
1568390597163
1568390597177
1568390597190
1568390597203
1568390597216
1568390597230
1568390597243
1568390597258
1568390597271
1568390597285
1568390597297
1568390597310
1568390597323
1568390597337
1568390597350
1568390597363
1568390597376
1568390597389
1568390597402
1568390597416
1568390597429
1568390597443
1568390597457
1568390597470
1568390597484
1568390597497
1568390597511
1568390597526
1568390597539
1568390597552
1568390597565
1568390597579
1568390597594
1568390597610
1568390597625
1568390597640
1568390597655
1568390597670
1568390597685
1568390597700
1568390597714
1568390597729
1568390597743
1568390597758
1568390597772
1568390597788
1568390597803
1568390597818
1568390597833
1568390597848
1568390597862
1568390597878
1568390597892
1568390597907
1568390597921
1568390597936
1568390597950
1568390597964
1568390597979
1568390597994
1568390598008
1568390598023
1568390598037
1568390598052
1568390598066
1568390598080
1568390598094
1568390598109
1568390598124
1568390598138
1568390598152
1568390598166
1568390598179
1568390598192
1568390598205
1568390598218
1568390598231
1568390598244
1568390598257
1568390598272
1568390598285
1568390598298
1568390598311
1568390598325
1568390598338
1568390598351
1568390598364
1568390598378
1568390598391
1568390598404
1568390598417
1568390598430
1568390598444
1568390598458
1568390598471
1568390598484
1568390598497
1568390598510
1568390598523
1568390598536
1568390598549
1568390598562
1568390598574
1568390598588
1568390598602
1568390598615
1568390598628
1568390598641
