1568390633141
1568390633154
1568390633169
1568390633182
1568390633196
1568390633209
1568390633222
1568390633236
1568390633249
1568390633263
1568390633276
1568390633289
1568390633302
1568390633318
1568390633331
1568390633345
1568390633357
1568390633370
1568390633383
1568390633396
1568390633409
1568390633422
1568390633436
1568390633449
1568390633461
1568390633475
1568390633489
1568390633502
1568390633515
1568390633529
1568390633542
1568390633555
1568390633568
1568390633582
1568390633595
1568390633608
1568390633620
1568390633634
1568390633647
1568390633660
1568390633673
1568390633689
1568390633702
1568390633715
1568390633728
1568390633741
1568390633754
1568390633769
1568390633782
1568390633797
1568390633812
1568390633826
1568390633840
1568390633854
1568390633868
1568390633882
1568390633895
1568390633910
1568390633924
1568390633938
1568390633951
1568390633966
1568390633979
1568390633993
1568390634006
1568390634019
1568390634033
1568390634046
1568390634060
1568390634074
1568390634088
1568390634100
1568390634116
1568390634130
1568390634144
1568390634160
1568390634174
1568390634188
1568390634202
1568390634216
1568390634230
1568390634245
1568390634259
1568390634273
1568390634287
1568390634302
1568390634319
1568390634334
1568390634348
1568390634364
1568390634379
1568390634394
1568390634410
1568390634424
1568390634439
1568390634453
1568390634468
1568390634483
1568390634498
1568390634513
1568390634528
1568390634542
1568390634557
1568390634571
1568390634586
1568390634600
1568390634614
1568390634628
1568390634643
1568390634658
1568390634673
1568390634688
1568390634703
1568390634717
1568390634730
1568390634744
1568390634759
1568390634775
1568390634789
1568390634803
1568390634816
1568390634832
1568390634847
1568390634861
1568390634875
1568390634890
1568390634904
1568390634918
1568390634932
1568390634946
1568390634960
1568390634975
1568390634989
1568390635004
1568390635018
1568390635032
1568390635046
1568390635062
1568390635076
1568390635091
1568390635105
1568390635119
1568390635133
1568390635147
1568390635161
1568390635176
1568390635190
1568390635203
1568390635216
1568390635230
