1568390625472
1568390625485
1568390625500
1568390625513
1568390625525
1568390625538
1568390625550
1568390625563
1568390625575
1568390625588
1568390625600
1568390625612
1568390625625
1568390625639
1568390625651
1568390625665
1568390625679
1568390625692
1568390625706
1568390625719
1568390625733
1568390625746
1568390625759
1568390625772
1568390625787
1568390625802
1568390625815
1568390625828
1568390625841
1568390625855
1568390625868
1568390625881
1568390625894
1568390625907
1568390625921
1568390625934
1568390625947
1568390625962
1568390625977
1568390625992
1568390626005
1568390626019
1568390626033
1568390626047
1568390626063
1568390626076
1568390626090
1568390626104
1568390626117
1568390626131
1568390626145
1568390626159
1568390626172
1568390626185
1568390626198
1568390626212
1568390626225
1568390626239
1568390626253
1568390626266
1568390626280
1568390626294
1568390626307
1568390626320
1568390626334
1568390626348
1568390626361
1568390626374
1568390626387
1568390626401
1568390626414
1568390626427
1568390626441
1568390626457
1568390626470
1568390626485
1568390626499
1568390626513
1568390626528
1568390626542
1568390626557
1568390626570
1568390626584
1568390626599
1568390626612
1568390626628
1568390626643
1568390626658
1568390626671
1568390626685
1568390626699
1568390626713
1568390626728
1568390626743
1568390626756
1568390626771
1568390626785
1568390626801
1568390626816
1568390626831
1568390626845
1568390626860
1568390626874
1568390626889
1568390626903
1568390626917
1568390626932
1568390626946
1568390626960
1568390626975
1568390626988
1568390627001
1568390627014
1568390627027
1568390627040
1568390627053
1568390627066
1568390627081
1568390627094
1568390627107
1568390627121
1568390627136
1568390627149
1568390627162
1568390627175
1568390627189
1568390627202
1568390627215
1568390627228
1568390627242
1568390627255
1568390627268
1568390627281
1568390627295
1568390627309
1568390627322
1568390627336
1568390627351
1568390627365
1568390627378
1568390627391
1568390627404
1568390627417
1568390627430
1568390627442
1568390627456
1568390627470
1568390627483
1568390627497
1568390627510
