1568710630664
1568710630689
1568710630703
1568710630717
1568710630730
1568710630742
1568710630754
1568710630769
1568710630793
1568710630805
1568710630817
1568710630829
1568710630840
1568710630853
1568710630865
1568710630878
1568710630890
1568710630903
1568710630915
1568710630927
1568710630939
1568710630951
1568710630963
1568710630975
1568710630987
1568710631000
1568710631012
1568710631026
1568710631038
1568710631050
1568710631062
1568710631075
1568710631088
1568710631102
1568710631118
1568710631133
1568710631147
1568710631162
1568710631176
1568710631191
1568710631209
1568710631223
1568710631240
1568710631254
1568710631267
1568710631280
1568710631294
1568710631307
1568710631321
1568710631338
1568710631352
1568710631366
1568710631380
1568710631394
1568710631407
1568710631421
1568710631434
1568710631448
1568710631461
1568710631474
1568710631487
1568710631500
1568710631513
1568710631526
1568710631542
1568710631554
1568710631566
1568710631579
1568710631592
1568710631605
1568710631618
1568710631632
1568710631645
1568710631660
1568710631673
1568710631687
1568710631700
1568710631714
1568710631728
1568710631742
1568710631755
1568710631769
1568710631781
1568710631794
1568710631808
1568710631823
1568710631836
1568710631850
1568710631863
1568710631877
1568710631890
1568710631903
1568710631916
1568710631930
1568710631942
1568710631956
1568710631969
1568710631984
1568710631998
1568710632011
1568710632024
1568710632038
1568710632052
1568710632066
1568710632079
1568710632092
1568710632106
1568710632120
1568710632133
1568710632147
1568710632161
1568710632175
1568710632188
1568710632200
1568710632211
1568710632224
1568710632236
1568710632248
1568710632260
1568710632272
1568710632284
1568710632297
1568710632309
1568710632321
1568710632334
1568710632346
1568710632358
1568710632371
1568710632392
1568710632404
1568710632416
1568710632430
1568710632442
1568710632456
1568710632471
1568710632496
1568710632510
1568710632531
1568710632543
1568710632556
1568710632567
1568710632579
1568710632591
1568710632603
1568710632616
1568710632629
1568710632641
1568710632653
1568710632666
1568710632678
