1568710674666
1568710674685
1568710674702
1568710674719
1568710674734
1568710674749
1568710674765
1568710674781
1568710674797
1568710674815
1568710674831
1568710674847
1568710674864
1568710674882
1568710674897
1568710674912
1568710674927
1568710674945
1568710674959
1568710674977
1568710674993
1568710675009
1568710675024
1568710675042
1568710675056
1568710675077
1568710675094
1568710675111
1568710675128
1568710675143
1568710675159
1568710675175
1568710675190
1568710675206
1568710675224
1568710675239
1568710675254
1568710675273
1568710675287
1568710675304
1568710675320
1568710675335
1568710675351
1568710675368
1568710675385
1568710675401
1568710675418
1568710675436
1568710675452
1568710675471
1568710675489
1568710675506
1568710675523
1568710675540
1568710675558
1568710675576
1568710675593
1568710675610
1568710675629
1568710675646
1568710675663
1568710675681
1568710675697
1568710675714
1568710675731
1568710675748
1568710675765
1568710675782
1568710675799
1568710675818
1568710675835
1568710675852
1568710675869
1568710675886
1568710675904
1568710675922
1568710675938
1568710675958
1568710675976
1568710675995
1568710676011
1568710676029
1568710676046
1568710676063
1568710676081
1568710676100
1568710676117
1568710676134
1568710676152
1568710676170
1568710676186
1568710676203
1568710676223
1568710676241
1568710676259
1568710676276
1568710676293
1568710676311
1568710676330
1568710676352
1568710676371
1568710676389
1568710676406
1568710676425
1568710676443
1568710676462
1568710676478
1568710676497
1568710676514
1568710676530
1568710676546
1568710676563
1568710676580
1568710676596
1568710676611
1568710676629
1568710676645
1568710676661
1568710676675
1568710676690
1568710676706
1568710676722
1568710676737
1568710676753
1568710676769
1568710676785
1568710676800
1568710676815
1568710676832
1568710676847
1568710676861
1568710676877
1568710676893
1568710676909
1568710676925
1568710676940
1568710676956
1568710676971
1568710676985
1568710677002
1568710677017
1568710677032
1568710677048
1568710677063
1568710677078
1568710677096
1568710677111
1568710677127
1568710677143
1568710677157
