1568710680172
1568710680188
1568710680205
1568710680221
1568710680236
1568710680251
1568710680265
1568710680280
1568710680295
1568710680310
1568710680325
1568710680340
1568710680355
1568710680371
1568710680385
1568710680400
1568710680415
1568710680430
1568710680444
1568710680459
1568710680473
1568710680489
1568710680503
1568710680518
1568710680534
1568710680550
1568710680565
1568710680580
1568710680595
1568710680610
1568710680626
1568710680640
1568710680655
1568710680670
1568710680687
1568710680701
1568710680718
1568710680734
1568710680753
1568710680773
1568710680792
1568710680810
1568710680828
1568710680846
1568710680865
1568710680884
1568710680902
1568710680920
1568710680939
1568710680959
1568710680978
1568710680998
1568710681016
1568710681034
1568710681051
1568710681070
1568710681089
1568710681108
1568710681127
1568710681147
1568710681163
1568710681181
1568710681197
1568710681214
1568710681230
1568710681246
1568710681262
1568710681278
1568710681295
1568710681312
1568710681327
1568710681344
1568710681361
1568710681378
1568710681396
1568710681412
1568710681429
1568710681445
1568710681462
1568710681477
1568710681494
1568710681512
1568710681529
1568710681546
1568710681563
1568710681581
1568710681597
1568710681614
1568710681631
1568710681648
1568710681665
1568710681682
1568710681700
1568710681716
1568710681733
1568710681749
1568710681766
1568710681784
1568710681802
1568710681819
1568710681837
1568710681853
1568710681871
1568710681887
1568710681904
1568710681921
1568710681936
1568710681953
1568710681969
1568710681986
1568710682002
1568710682017
1568710682032
1568710682047
1568710682062
1568710682078
1568710682093
1568710682109
1568710682126
1568710682141
1568710682157
1568710682173
1568710682189
1568710682204
1568710682219
1568710682234
1568710682249
1568710682264
1568710682280
1568710682294
1568710682308
1568710682324
1568710682339
1568710682354
1568710682370
1568710682385
1568710682399
1568710682414
1568710682430
1568710682445
1568710682460
1568710682476
1568710682491
1568710682506
1568710682521
1568710682538
1568710682553
1568710682569
1568710682583
1568710682598
