1568710667320
1568710667336
1568710667353
1568710667368
1568710667383
1568710667399
1568710667413
1568710667429
1568710667444
1568710667459
1568710667475
1568710667490
1568710667505
1568710667521
1568710667536
1568710667551
1568710667565
1568710667580
1568710667595
1568710667609
1568710667623
1568710667638
1568710667654
1568710667668
1568710667683
1568710667699
1568710667714
1568710667729
1568710667744
1568710667758
1568710667773
1568710667789
1568710667804
1568710667819
1568710667834
1568710667849
1568710667865
1568710667880
1568710667896
1568710667911
1568710667927
1568710667945
1568710667963
1568710667980
1568710667997
1568710668014
1568710668030
1568710668048
1568710668064
1568710668083
1568710668101
1568710668121
1568710668138
1568710668156
1568710668175
1568710668193
1568710668210
1568710668228
1568710668247
1568710668266
1568710668282
1568710668299
1568710668316
1568710668333
1568710668350
1568710668367
1568710668383
1568710668400
1568710668417
1568710668433
1568710668449
1568710668466
1568710668482
1568710668500
1568710668516
1568710668534
1568710668551
1568710668568
1568710668585
1568710668602
1568710668619
1568710668636
1568710668653
1568710668671
1568710668687
1568710668705
1568710668722
1568710668740
1568710668758
1568710668775
1568710668793
1568710668809
1568710668826
1568710668844
1568710668860
1568710668877
1568710668894
1568710668912
1568710668929
1568710668946
1568710668963
1568710668980
1568710668997
1568710669014
1568710669030
1568710669048
1568710669064
1568710669082
1568710669100
1568710669116
1568710669133
1568710669149
1568710669165
1568710669180
1568710669197
1568710669214
1568710669229
1568710669245
1568710669260
1568710669275
1568710669291
1568710669307
1568710669323
1568710669338
1568710669353
1568710669368
1568710669383
1568710669397
1568710669412
1568710669427
1568710669442
1568710669457
1568710669472
1568710669488
1568710669503
1568710669518
1568710669532
1568710669547
1568710669562
1568710669577
1568710669592
1568710669609
1568710669624
1568710669641
1568710669657
1568710669675
1568710669691
1568710669708
1568710669723
1568710669739
