1568710646607
1568710646623
1568710646638
1568710646655
1568710646669
1568710646683
1568710646698
1568710646713
1568710646727
1568710646742
1568710646756
1568710646771
1568710646786
1568710646801
1568710646817
1568710646833
1568710646848
1568710646863
1568710646878
1568710646893
1568710646909
1568710646924
1568710646940
1568710646955
1568710646971
1568710646986
1568710647002
1568710647016
1568710647031
1568710647045
1568710647060
1568710647075
1568710647090
1568710647105
1568710647120
1568710647137
1568710647152
1568710647169
1568710647185
1568710647201
1568710647215
1568710647232
1568710647248
1568710647263
1568710647280
1568710647294
1568710647309
1568710647324
1568710647339
1568710647358
1568710647374
1568710647392
1568710647411
1568710647429
1568710647446
1568710647465
1568710647481
1568710647499
1568710647517
1568710647537
1568710647555
1568710647574
1568710647590
1568710647607
1568710647623
1568710647640
1568710647656
1568710647673
1568710647689
1568710647707
1568710647722
1568710647739
1568710647756
1568710647774
1568710647792
1568710647809
1568710647826
1568710647845
1568710647862
1568710647879
1568710647896
1568710647913
1568710647930
1568710647946
1568710647963
1568710647981
1568710647997
1568710648015
1568710648031
1568710648049
1568710648065
1568710648082
1568710648099
1568710648115
1568710648132
1568710648148
1568710648165
1568710648182
1568710648200
1568710648217
1568710648233
1568710648249
1568710648265
1568710648280
1568710648295
1568710648310
1568710648326
1568710648341
1568710648356
1568710648373
1568710648389
1568710648404
1568710648419
1568710648434
1568710648449
1568710648464
1568710648479
1568710648495
1568710648509
1568710648525
1568710648540
1568710648556
1568710648571
1568710648587
1568710648602
1568710648617
1568710648633
1568710648648
1568710648663
1568710648678
1568710648693
1568710648709
1568710648725
1568710648740
1568710648755
1568710648771
1568710648787
1568710648801
1568710648817
1568710648833
1568710648847
1568710648863
1568710648878
1568710648892
1568710648908
1568710648925
1568710648940
1568710648956
1568710648971
1568710648986
