1568648180716
1568648180729
1568648180742
1568648180754
1568648180766
1568648180779
1568648180792
1568648180804
1568648180817
1568648180829
1568648180842
1568648180854
1568648180867
1568648180880
1568648180893
1568648180906
1568648180918
1568648180930
1568648180941
1568648180953
1568648180966
1568648180978
1568648180991
1568648181003
1568648181018
1568648181031
1568648181043
1568648181057
1568648181070
1568648181082
1568648181094
1568648181107
1568648181118
1568648181130
1568648181142
1568648181154
1568648181167
1568648181181
1568648181193
1568648181206
1568648181219
1568648181231
1568648181242
1568648181255
1568648181268
1568648181280
1568648181293
1568648181305
1568648181318
1568648181331
1568648181342
1568648181354
1568648181366
1568648181379
1568648181391
1568648181404
1568648181416
1568648181429
1568648181440
1568648181452
1568648181465
1568648181478
1568648181490
1568648181503
1568648181515
1568648181527
1568648181538
1568648181550
1568648181562
1568648181575
1568648181587
1568648181599
1568648181611
1568648181624
1568648181636
1568648181649
1568648181661
1568648181674
1568648181686
1568648181699
1568648181712
1568648181724
1568648181739
1568648181751
1568648181765
1568648181779
1568648181792
1568648181805
1568648181817
1568648181832
1568648181844
1568648181858
1568648181871
1568648181884
1568648181898
1568648181911
1568648181925
1568648181939
1568648181952
1568648181966
1568648181979
1568648181992
1568648182006
1568648182018
1568648182032
1568648182044
1568648182057
1568648182071
1568648182084
1568648182099
1568648182112
1568648182126
1568648182139
1568648182152
1568648182165
1568648182178
1568648182192
1568648182205
1568648182218
1568648182232
1568648182245
1568648182260
1568648182275
1568648182288
1568648182301
1568648182314
1568648182327
1568648182341
1568648182353
1568648182366
1568648182380
1568648182393
1568648182408
1568648182423
1568648182437
1568648182451
1568648182465
1568648182479
1568648182492
1568648182506
1568648182520
1568648182533
1568648182547
1568648182561
1568648182573
1568648182587
1568648182599
1568648182611
1568648182623
1568648182636
