1568648231398
1568648231414
1568648231431
1568648231444
1568648231457
1568648231472
1568648231486
1568648231500
1568648231513
1568648231528
1568648231542
1568648231556
1568648231570
1568648231585
1568648231598
1568648231611
1568648231625
1568648231639
1568648231653
1568648231667
1568648231680
1568648231693
1568648231705
1568648231719
1568648231734
1568648231749
1568648231763
1568648231778
1568648231791
1568648231804
1568648231818
1568648231833
1568648231847
1568648231862
1568648231877
1568648231891
1568648231906
1568648231921
1568648231933
1568648231945
1568648231959
1568648231973
1568648231986
1568648231999
1568648232012
1568648232028
1568648232041
1568648232056
1568648232068
1568648232082
1568648232095
1568648232107
1568648232122
1568648232135
1568648232147
1568648232178
1568648232251
1568648232291
1568648232314
1568648232337
1568648232357
1568648232373
1568648232388
1568648232402
1568648232415
1568648232426
1568648232439
1568648232451
1568648232464
1568648232477
1568648232491
1568648232503
1568648232517
1568648232533
1568648232548
1568648232562
1568648232575
1568648232589
1568648232603
1568648232618
1568648232630
1568648232643
1568648232655
1568648232667
1568648232681
1568648232697
1568648232710
1568648232724
1568648232739
1568648232753
1568648232767
1568648232781
1568648232794
1568648232808
1568648232822
1568648232836
1568648232851
1568648232866
1568648232882
1568648232898
1568648232913
1568648232927
1568648232953
1568648232972
1568648232987
1568648233003
1568648233020
1568648233035
1568648233050
1568648233067
1568648233086
1568648233100
1568648233115
1568648233129
1568648233144
1568648233161
1568648233174
1568648233189
1568648233203
1568648233218
1568648233233
1568648233248
1568648233264
1568648233279
1568648233293
1568648233307
1568648233323
1568648233339
1568648233355
1568648233368
1568648233382
1568648233396
1568648233410
1568648233424
1568648233438
1568648233453
1568648233467
1568648233483
1568648233497
1568648233511
1568648233525
1568648233539
1568648233554
1568648233568
1568648233583
1568648233598
1568648233610
1568648233626
1568648233640
1568648233652
