1568648200514
1568648200531
1568648200547
1568648200561
1568648200573
1568648200586
1568648200598
1568648200609
1568648200625
1568648200639
1568648200653
1568648200667
1568648200682
1568648200698
1568648200712
1568648200727
1568648200741
1568648200755
1568648200769
1568648200784
1568648200797
1568648200812
1568648200825
1568648200839
1568648200852
1568648200867
1568648200882
1568648200895
1568648200908
1568648200922
1568648200935
1568648200948
1568648200960
1568648200973
1568648200985
1568648200999
1568648201012
1568648201025
1568648201037
1568648201052
1568648201064
1568648201078
1568648201091
1568648201109
1568648201126
1568648201140
1568648201154
1568648201169
1568648201182
1568648201197
1568648201209
1568648201223
1568648201235
1568648201248
1568648201263
1568648201279
1568648201294
1568648201312
1568648201328
1568648201345
1568648201362
1568648201380
1568648201397
1568648201413
1568648201430
1568648201445
1568648201459
1568648201475
1568648201493
1568648201507
1568648201522
1568648201538
1568648201556
1568648201575
1568648201592
1568648201609
1568648201626
1568648201643
1568648201661
1568648201676
1568648201692
1568648201707
1568648201723
1568648201740
1568648201757
1568648201775
1568648201790
1568648201807
1568648201824
1568648201840
1568648201856
1568648201871
1568648201887
1568648201904
1568648201920
1568648201936
1568648201952
1568648201971
1568648201988
1568648202005
1568648202022
1568648202037
1568648202053
1568648202069
1568648202085
1568648202101
1568648202117
1568648202134
1568648202151
1568648202169
1568648202185
1568648202202
1568648202218
1568648202233
1568648202248
1568648202265
1568648202281
1568648202296
1568648202310
1568648202325
1568648202339
1568648202353
1568648202367
1568648202382
1568648202395
1568648202410
1568648202424
1568648202438
1568648202450
1568648202463
1568648202474
1568648202486
1568648202499
1568648202513
1568648202528
1568648202543
1568648202556
1568648202568
1568648202580
1568648202593
1568648202607
1568648202619
1568648202631
1568648202644
1568648202659
1568648202675
1568648202688
1568648202703
1568648202718
1568648202732
