1568648215754
1568648215770
1568648215786
1568648215799
1568648215813
1568648215826
1568648215839
1568648215853
1568648215866
1568648215879
1568648215892
1568648215903
1568648215918
1568648215932
1568648215946
1568648215959
1568648215971
1568648215983
1568648215996
1568648216010
1568648216023
1568648216037
1568648216051
1568648216065
1568648216080
1568648216095
1568648216109
1568648216123
1568648216136
1568648216152
1568648216166
1568648216179
1568648216192
1568648216250
1568648216297
1568648216331
1568648216357
1568648216377
1568648216394
1568648216411
1568648216427
1568648216440
1568648216453
1568648216465
1568648216478
1568648216490
1568648216503
1568648216516
1568648216531
1568648216545
1568648216558
1568648216570
1568648216583
1568648216596
1568648216609
1568648216622
1568648216634
1568648216646
1568648216658
1568648216670
1568648216685
1568648216701
1568648216713
1568648216726
1568648216739
1568648216752
1568648216765
1568648216778
1568648216792
1568648216805
1568648216817
1568648216831
1568648216845
1568648216859
1568648216873
1568648216887
1568648216900
1568648216913
1568648216928
1568648216941
1568648216956
1568648216970
1568648216985
1568648216999
1568648217013
1568648217028
1568648217042
1568648217057
1568648217070
1568648217084
1568648217097
1568648217112
1568648217126
1568648217140
1568648217154
1568648217168
1568648217185
1568648217200
1568648217215
1568648217229
1568648217242
1568648217255
1568648217268
1568648217282
1568648217297
1568648217311
1568648217324
1568648217339
1568648217353
1568648217368
1568648217382
1568648217398
1568648217413
1568648217426
1568648217439
1568648217454
1568648217468
1568648217483
1568648217496
1568648217510
1568648217523
1568648217537
1568648217551
1568648217566
1568648217579
1568648217592
1568648217604
1568648217616
1568648217629
1568648217643
1568648217656
1568648217669
1568648217682
1568648217695
1568648217708
1568648217723
1568648217737
1568648217752
1568648217765
1568648217780
1568648217793
1568648217807
1568648217820
1568648217834
1568648217848
1568648217863
1568648217878
1568648217892
1568648217905
1568648217918
