1568648193868
1568648193882
1568648193898
1568648193912
1568648193925
1568648193939
1568648193952
1568648193966
1568648193980
1568648193994
1568648194008
1568648194021
1568648194035
1568648194048
1568648194061
1568648194075
1568648194088
1568648194101
1568648194114
1568648194128
1568648194141
1568648194154
1568648194167
1568648194181
1568648194195
1568648194209
1568648194221
1568648194234
1568648194246
1568648194258
1568648194271
1568648194284
1568648194297
1568648194312
1568648194325
1568648194339
1568648194354
1568648194371
1568648194385
1568648194399
1568648194413
1568648194426
1568648194439
1568648194452
1568648194465
1568648194477
1568648194490
1568648194505
1568648194521
1568648194536
1568648194550
1568648194564
1568648194577
1568648194590
1568648194603
1568648194616
1568648194629
1568648194642
1568648194656
1568648194670
1568648194683
1568648194697
1568648194709
1568648194725
1568648194739
1568648194752
1568648194765
1568648194778
1568648194791
1568648194804
1568648194817
1568648194834
1568648194849
1568648194864
1568648194877
1568648194891
1568648194903
1568648194917
1568648194930
1568648194942
1568648194955
1568648194970
1568648194984
1568648194998
1568648195011
1568648195026
1568648195040
1568648195054
1568648195067
1568648195081
1568648195094
1568648195107
1568648195120
1568648195133
1568648195148
1568648195162
1568648195176
1568648195190
1568648195203
1568648195216
1568648195230
1568648195243
1568648195257
1568648195271
1568648195285
1568648195299
1568648195312
1568648195325
1568648195338
1568648195351
1568648195365
1568648195378
1568648195392
1568648195407
1568648195420
1568648195434
1568648195448
1568648195463
1568648195476
1568648195491
1568648195506
1568648195521
1568648195535
1568648195550
1568648195564
1568648195579
1568648195593
1568648195607
1568648195620
1568648195634
1568648195648
1568648195662
1568648195677
1568648195693
1568648195707
1568648195721
1568648195736
1568648195751
1568648195765
1568648195779
1568648195792
1568648195806
1568648195818
1568648195832
1568648195846
1568648195861
1568648195875
1568648195890
1568648195904
1568648195917
