1568648187254
1568648187268
1568648187284
1568648187296
1568648187308
1568648187320
1568648187335
1568648187350
1568648187363
1568648187375
1568648187389
1568648187403
1568648187417
1568648187431
1568648187445
1568648187458
1568648187471
1568648187484
1568648187497
1568648187509
1568648187522
1568648187536
1568648187549
1568648187563
1568648187577
1568648187592
1568648187606
1568648187619
1568648187633
1568648187646
1568648187659
1568648187672
1568648187685
1568648187700
1568648187713
1568648187726
1568648187741
1568648187756
1568648187768
1568648187781
1568648187794
1568648187806
1568648187819
1568648187833
1568648187845
1568648187858
1568648187872
1568648187887
1568648187901
1568648187916
1568648187928
1568648187939
1568648187953
1568648187967
1568648187979
1568648187991
1568648188004
1568648188018
1568648188031
1568648188045
1568648188058
1568648188073
1568648188088
1568648188104
1568648188118
1568648188131
1568648188143
1568648188156
1568648188170
1568648188183
1568648188196
1568648188209
1568648188223
1568648188236
1568648188251
1568648188265
1568648188278
1568648188291
1568648188304
1568648188317
1568648188331
1568648188345
1568648188358
1568648188370
1568648188383
1568648188398
1568648188412
1568648188426
1568648188439
1568648188452
1568648188465
1568648188479
1568648188491
1568648188506
1568648188520
1568648188534
1568648188547
1568648188562
1568648188575
1568648188589
1568648188602
1568648188616
1568648188629
1568648188644
1568648188660
1568648188673
1568648188687
1568648188701
1568648188715
1568648188729
1568648188743
1568648188757
1568648188770
1568648188783
1568648188796
1568648188809
1568648188822
1568648188837
1568648188850
1568648188864
1568648188877
1568648188891
1568648188905
1568648188919
1568648188932
1568648188946
1568648188960
1568648188974
1568648188988
1568648189002
1568648189015
1568648189029
1568648189043
1568648189057
1568648189071
1568648189086
1568648189098
1568648189111
1568648189125
1568648189139
1568648189152
1568648189166
1568648189178
1568648189191
1568648189205
1568648189220
1568648189233
1568648189247
1568648189260
1568648189274
