1568648227921
1568648227935
1568648227951
1568648227966
1568648227980
1568648227992
1568648228005
1568648228018
1568648228033
1568648228046
1568648228059
1568648228071
1568648228084
1568648228097
1568648228112
1568648228127
1568648228139
1568648228152
1568648228165
1568648228177
1568648228188
1568648228201
1568648228213
1568648228226
1568648228239
1568648228252
1568648228268
1568648228283
1568648228296
1568648228311
1568648228325
1568648228338
1568648228353
1568648228369
1568648228384
1568648228398
1568648228410
1568648228423
1568648228437
1568648228451
1568648228465
1568648228478
1568648228490
1568648228503
1568648228515
1568648228528
1568648228541
1568648228555
1568648228569
1568648228582
1568648228595
1568648228608
1568648228621
1568648228634
1568648228646
1568648228658
1568648228670
1568648228682
1568648228695
1568648228708
1568648228721
1568648228734
1568648228747
1568648228760
1568648228774
1568648228786
1568648228799
1568648228813
1568648228827
1568648228842
1568648228855
1568648228867
1568648228879
1568648228894
1568648228907
1568648228921
1568648228936
1568648228950
1568648228963
1568648228977
1568648228991
1568648229005
1568648229018
1568648229031
1568648229046
1568648229060
1568648229074
1568648229088
1568648229101
1568648229116
1568648229130
1568648229145
1568648229159
1568648229173
1568648229186
1568648229201
1568648229214
1568648229228
1568648229243
1568648229256
1568648229269
1568648229285
1568648229300
1568648229315
1568648229328
1568648229342
1568648229355
1568648229370
1568648229386
1568648229402
1568648229416
1568648229430
1568648229443
1568648229457
1568648229472
1568648229485
1568648229500
1568648229514
1568648229530
1568648229544
1568648229559
1568648229574
1568648229587
1568648229602
1568648229616
1568648229632
1568648229647
1568648229661
1568648229675
1568648229690
1568648229705
1568648229719
1568648229734
1568648229749
1568648229762
1568648229778
1568648229791
1568648229806
1568648229820
1568648229835
1568648229849
1568648229863
1568648229877
1568648229893
1568648229907
1568648229921
1568648229934
1568648229947
1568648229960
1568648229973
