1568907769996
1568907770010
1568907770027
1568907770041
1568907770055
1568907770069
1568907770082
1568907770096
1568907770110
1568907770125
1568907770138
1568907770152
1568907770166
1568907770181
1568907770195
1568907770210
1568907770223
1568907770236
1568907770248
1568907770263
1568907770276
1568907770291
1568907770305
1568907770319
1568907770333
1568907770348
1568907770362
1568907770377
1568907770391
1568907770404
1568907770418
1568907770432
1568907770446
1568907770460
1568907770475
1568907770489
1568907770503
1568907770517
1568907770529
1568907770543
1568907770556
1568907770570
1568907770582
1568907770595
1568907770608
1568907770621
1568907770634
1568907770648
1568907770662
1568907770676
1568907770688
1568907770702
1568907770715
1568907770731
1568907770744
1568907770758
1568907770772
1568907770786
1568907770799
1568907770813
1568907770826
1568907770840
1568907770853
1568907770867
1568907770882
1568907770896
1568907770911
1568907770928
1568907770942
1568907770957
1568907770970
1568907770985
1568907770998
1568907771012
1568907771026
1568907771041
1568907771057
1568907771073
1568907771087
1568907771102
1568907771115
1568907771129
1568907771142
1568907771155
1568907771169
1568907771184
1568907771199
1568907771213
1568907771228
1568907771242
1568907771256
1568907771269
1568907771283
1568907771297
1568907771311
1568907771325
1568907771339
1568907771355
1568907771370
1568907771386
1568907771401
1568907771416
1568907771431
1568907771446
1568907771460
1568907771474
1568907771490
1568907771506
1568907771521
1568907771536
1568907771551
1568907771565
1568907771579
1568907771594
1568907771608
1568907771622
1568907771636
1568907771652
1568907771666
1568907771680
1568907771693
1568907771707
1568907771720
1568907771734
1568907771750
1568907771764
1568907771778
1568907771792
1568907771806
1568907771819
1568907771833
1568907771848
1568907771862
1568907771876
1568907771890
1568907771903
1568907771917
1568907771931
1568907771945
1568907771959
1568907771972
1568907771984
1568907771999
1568907772016
1568907772032
1568907772048
1568907772062
1568907772075
1568907772089
1568907772103
