1568220076735
1568220076750
1568220076765
1568220076779
1568220076794
1568220076809
1568220076824
1568220076839
1568220076853
1568220076868
1568220076883
1568220076899
1568220076915
1568220076930
1568220076945
1568220076960
1568220076975
1568220076991
1568220077006
1568220077020
1568220077035
1568220077050
1568220077065
1568220077081
1568220077096
1568220077111
1568220077127
1568220077143
1568220077157
1568220077171
1568220077188
1568220077203
1568220077219
1568220077234
1568220077248
1568220077263
1568220077280
1568220077298
1568220077315
1568220077332
1568220077347
1568220077362
1568220077377
1568220077391
1568220077405
1568220077420
1568220077435
1568220077452
1568220077466
1568220077481
1568220077497
1568220077514
1568220077532
1568220077549
1568220077566
1568220077585
1568220077603
1568220077618
1568220077634
1568220077650
1568220077668
1568220077685
1568220077701
1568220077716
1568220077731
1568220077747
1568220077761
1568220077774
1568220077788
1568220077802
1568220077816
1568220077829
1568220077844
1568220077858
1568220077872
1568220077887
1568220077900
1568220077914
1568220077928
1568220077943
1568220077957
1568220077971
1568220077985
1568220077999
1568220078013
1568220078028
1568220078044
1568220078058
1568220078073
1568220078089
1568220078104
1568220078118
1568220078132
1568220078146
1568220078159
1568220078174
1568220078188
1568220078204
1568220078219
1568220078234
1568220078249
1568220078263
1568220078277
1568220078291
1568220078304
1568220078318
1568220078332
1568220078346
1568220078360
1568220078375
1568220078390
1568220078407
1568220078423
1568220078438
1568220078453
1568220078468
1568220078483
1568220078498
1568220078512
1568220078525
1568220078540
1568220078555
1568220078570
1568220078585
1568220078599
1568220078615
1568220078629
1568220078643
1568220078658
1568220078674
1568220078689
1568220078704
1568220078719
1568220078734
1568220078752
1568220078768
1568220078783
1568220078798
1568220078812
1568220078826
1568220078839
1568220078852
1568220078867
1568220078882
1568220078897
1568220078915
1568220078931
1568220078947
1568220078963
1568220078979
