1568220041457
1568220041472
1568220041488
1568220041505
1568220041520
1568220041539
1568220041556
1568220041572
1568220041587
1568220041603
1568220041620
1568220041635
1568220041650
1568220041665
1568220041683
1568220041699
1568220041714
1568220041730
1568220041746
1568220041761
1568220041776
1568220041792
1568220041809
1568220041825
1568220041841
1568220041858
1568220041874
1568220041890
1568220041906
1568220041923
1568220041940
1568220041957
1568220041972
1568220041991
1568220042007
1568220042023
1568220042039
1568220042057
1568220042073
1568220042090
1568220042106
1568220042122
1568220042138
1568220042153
1568220042170
1568220042188
1568220042203
1568220042219
1568220042236
1568220042255
1568220042271
1568220042286
1568220042300
1568220042316
1568220042333
1568220042347
1568220042361
1568220042376
1568220042390
1568220042405
1568220042419
1568220042435
1568220042451
1568220042466
1568220042481
1568220042497
1568220042511
1568220042526
1568220042543
1568220042559
1568220042573
1568220042589
1568220042604
1568220042622
1568220042638
1568220042655
1568220042671
1568220042688
1568220042705
1568220042720
1568220042736
1568220042751
1568220042766
1568220042782
1568220042797
1568220042814
1568220042829
1568220042846
1568220042862
1568220042878
1568220042894
1568220042909
1568220042925
1568220042941
1568220042956
1568220042972
1568220042989
1568220043007
1568220043023
1568220043040
1568220043055
1568220043071
1568220043086
1568220043103
1568220043118
1568220043134
1568220043152
1568220043169
1568220043183
1568220043198
1568220043216
1568220043232
1568220043247
1568220043263
1568220043280
1568220043296
1568220043312
1568220043328
1568220043343
1568220043360
1568220043375
1568220043392
1568220043409
1568220043426
1568220043442
1568220043458
1568220043473
1568220043488
1568220043505
1568220043523
1568220043537
1568220043552
1568220043568
1568220043585
1568220043601
1568220043617
1568220043632
1568220043651
1568220043666
1568220043683
1568220043698
1568220043716
1568220043731
1568220043748
1568220043763
1568220043781
1568220043797
1568220043815
1568220043830
1568220043846
