1568220075197
1568220075214
1568220075231
1568220075247
1568220075263
1568220075279
1568220075294
1568220075309
1568220075323
1568220075339
1568220075354
1568220075369
1568220075384
1568220075402
1568220075417
1568220075433
1568220075448
1568220075464
1568220075479
1568220075495
1568220075510
1568220075524
1568220075538
1568220075553
1568220075567
1568220075583
1568220075599
1568220075614
1568220075629
1568220075645
1568220075660
1568220075674
1568220075688
1568220075704
1568220075718
1568220075734
1568220075752
1568220075767
1568220075782
1568220075800
1568220075815
1568220075830
1568220075846
1568220075861
1568220075874
1568220075890
1568220075906
1568220075921
1568220075935
1568220075950
1568220075964
1568220075980
1568220075994
1568220076009
1568220076022
1568220076036
1568220076051
1568220076068
1568220076083
1568220076099
1568220076115
1568220076131
1568220076148
1568220076163
1568220076178
1568220076195
1568220076211
1568220076227
1568220076242
1568220076258
1568220076273
1568220076289
1568220076303
1568220076318
1568220076331
1568220076347
1568220076363
1568220076380
1568220076396
1568220076412
1568220076428
1568220076444
1568220076460
1568220076476
1568220076491
1568220076507
1568220076522
1568220076539
1568220076555
1568220076570
1568220076584
1568220076601
1568220076616
1568220076633
1568220076649
1568220076666
1568220076682
1568220076698
1568220076714
1568220076730
1568220076744
1568220076759
1568220076773
1568220076788
1568220076803
1568220076818
1568220076833
1568220076848
1568220076863
1568220076879
1568220076895
1568220076912
1568220076927
1568220076942
1568220076957
1568220076973
1568220076989
1568220077004
1568220077019
1568220077034
1568220077050
1568220077066
1568220077082
1568220077097
1568220077112
1568220077129
1568220077144
1568220077158
1568220077173
1568220077190
1568220077206
1568220077221
1568220077236
1568220077252
1568220077267
1568220077286
1568220077303
1568220077320
1568220077336
1568220077351
1568220077366
1568220077381
1568220077395
1568220077410
1568220077425
1568220077443
1568220077459
1568220077474
1568220077491
1568220077506
