1568220073638
1568220073654
1568220073671
1568220073686
1568220073701
1568220073716
1568220073730
1568220073746
1568220073760
1568220073776
1568220073791
1568220073806
1568220073820
1568220073836
1568220073851
1568220073866
1568220073882
1568220073897
1568220073912
1568220073927
1568220073942
1568220073958
1568220073973
1568220073989
1568220074004
1568220074020
1568220074036
1568220074051
1568220074066
1568220074082
1568220074097
1568220074112
1568220074128
1568220074143
1568220074158
1568220074174
1568220074189
1568220074204
1568220074219
1568220074235
1568220074248
1568220074263
1568220074277
1568220074290
1568220074305
1568220074319
1568220074335
1568220074351
1568220074365
1568220074381
1568220074397
1568220074412
1568220074426
1568220074440
1568220074454
1568220074469
1568220074484
1568220074500
1568220074514
1568220074528
1568220074540
1568220074556
1568220074570
1568220074585
1568220074599
1568220074613
1568220074627
1568220074641
1568220074656
1568220074670
1568220074686
1568220074702
1568220074717
1568220074732
1568220074746
1568220074762
1568220074776
1568220074791
1568220074806
1568220074822
1568220074838
1568220074853
1568220074867
1568220074882
1568220074897
1568220074912
1568220074927
1568220074942
1568220074957
1568220074973
1568220074988
1568220075004
1568220075020
1568220075035
1568220075049
1568220075066
1568220075083
1568220075100
1568220075117
1568220075135
1568220075152
1568220075170
1568220075187
1568220075203
1568220075218
1568220075233
1568220075248
1568220075264
1568220075279
1568220075295
1568220075310
1568220075326
1568220075341
1568220075356
1568220075370
1568220075385
1568220075400
1568220075415
1568220075430
1568220075444
1568220075459
1568220075476
1568220075492
1568220075507
1568220075521
1568220075535
1568220075550
1568220075565
1568220075579
1568220075596
1568220075610
1568220075625
1568220075641
1568220075656
1568220075670
1568220075684
1568220075700
1568220075714
1568220075729
1568220075744
1568220075760
1568220075775
1568220075790
1568220075806
1568220075821
1568220075838
1568220075853
1568220075868
1568220075883
1568220075898
