1568220059405
1568220059421
1568220059438
1568220059455
1568220059472
1568220059487
1568220059502
1568220059517
1568220059532
1568220059549
1568220059565
1568220059581
1568220059597
1568220059612
1568220059627
1568220059643
1568220059658
1568220059675
1568220059690
1568220059705
1568220059720
1568220059736
1568220059751
1568220059767
1568220059783
1568220059800
1568220059816
1568220059832
1568220059847
1568220059864
1568220059879
1568220059894
1568220059910
1568220059925
1568220059939
1568220059955
1568220059970
1568220059986
1568220060003
1568220060018
1568220060033
1568220060051
1568220060067
1568220060084
1568220060099
1568220060115
1568220060130
1568220060145
1568220060162
1568220060179
1568220060196
1568220060211
1568220060226
1568220060241
1568220060256
1568220060275
1568220060290
1568220060304
1568220060318
1568220060333
1568220060348
1568220060364
1568220060378
1568220060394
1568220060409
1568220060425
1568220060440
1568220060456
1568220060472
1568220060488
1568220060503
1568220060518
1568220060533
1568220060550
1568220060565
1568220060582
1568220060598
1568220060614
1568220060630
1568220060645
1568220060662
1568220060677
1568220060693
1568220060708
1568220060723
1568220060740
1568220060756
1568220060773
1568220060788
1568220060804
1568220060820
1568220060836
1568220060855
1568220060873
1568220060890
1568220060907
1568220060923
1568220060942
1568220060958
1568220060976
1568220060992
1568220061007
1568220061023
1568220061038
1568220061054
1568220061070
1568220061087
1568220061103
1568220061118
1568220061136
1568220061152
1568220061167
1568220061182
1568220061197
1568220061211
1568220061227
1568220061243
1568220061257
1568220061271
1568220061286
1568220061301
1568220061317
1568220061332
1568220061347
1568220061362
1568220061377
1568220061392
1568220061407
1568220061421
1568220061438
1568220061453
1568220061468
1568220061484
1568220061500
1568220061515
1568220061530
1568220061544
1568220061559
1568220061574
1568220061590
1568220061605
1568220061621
1568220061637
1568220061653
1568220061669
1568220061685
1568220061701
1568220061717
1568220061731
1568220061747
