1568220068968
1568220068984
1568220069001
1568220069016
1568220069031
1568220069046
1568220069062
1568220069078
1568220069094
1568220069110
1568220069125
1568220069139
1568220069154
1568220069171
1568220069186
1568220069201
1568220069216
1568220069231
1568220069245
1568220069260
1568220069275
1568220069290
1568220069305
1568220069320
1568220069333
1568220069349
1568220069364
1568220069379
1568220069393
1568220069408
1568220069423
1568220069438
1568220069453
1568220069467
1568220069483
1568220069499
1568220069513
1568220069531
1568220069547
1568220069562
1568220069577
1568220069592
1568220069609
1568220069625
1568220069640
1568220069658
1568220069672
1568220069687
1568220069702
1568220069717
1568220069735
1568220069751
1568220069767
1568220069781
1568220069795
1568220069810
1568220069823
1568220069837
1568220069852
1568220069868
1568220069882
1568220069898
1568220069912
1568220069927
1568220069942
1568220069956
1568220069971
1568220069987
1568220070002
1568220070017
1568220070032
1568220070048
1568220070062
1568220070078
1568220070095
1568220070110
1568220070126
1568220070141
1568220070157
1568220070175
1568220070190
1568220070206
1568220070221
1568220070237
1568220070253
1568220070268
1568220070283
1568220070298
1568220070316
1568220070332
1568220070350
1568220070366
1568220070381
1568220070397
1568220070413
1568220070430
1568220070445
1568220070461
1568220070478
1568220070493
1568220070508
1568220070523
1568220070539
1568220070555
1568220070569
1568220070586
1568220070601
1568220070617
1568220070634
1568220070650
1568220070666
1568220070683
1568220070700
1568220070716
1568220070731
1568220070745
1568220070760
1568220070775
1568220070789
1568220070808
1568220070822
1568220070841
1568220070856
1568220070872
1568220070889
1568220070904
1568220070921
1568220070937
1568220070952
1568220070969
1568220070983
1568220070997
1568220071012
1568220071028
1568220071043
1568220071058
1568220071075
1568220071093
1568220071109
1568220071125
1568220071142
1568220071157
1568220071172
1568220071188
1568220071203
1568220071220
1568220071235
1568220071250
1568220071264
1568220071280
