1568220057795
1568220057810
1568220057827
1568220057841
1568220057856
1568220057871
1568220057885
1568220057900
1568220057914
1568220057929
1568220057944
1568220057960
1568220057975
1568220057990
1568220058005
1568220058019
1568220058036
1568220058052
1568220058066
1568220058082
1568220058097
1568220058112
1568220058128
1568220058143
1568220058158
1568220058174
1568220058190
1568220058207
1568220058222
1568220058237
1568220058254
1568220058270
1568220058287
1568220058303
1568220058319
1568220058337
1568220058353
1568220058370
1568220058386
1568220058400
1568220058418
1568220058434
1568220058451
1568220058465
1568220058480
1568220058495
1568220058511
1568220058529
1568220058545
1568220058559
1568220058574
1568220058589
1568220058604
1568220058622
1568220058638
1568220058655
1568220058671
1568220058687
1568220058702
1568220058717
1568220058731
1568220058748
1568220058763
1568220058779
1568220058795
1568220058810
1568220058825
1568220058841
1568220058858
1568220058873
1568220058888
1568220058904
1568220058921
1568220058939
1568220058955
1568220058971
1568220058988
1568220059004
1568220059020
1568220059037
1568220059053
1568220059069
1568220059084
1568220059101
1568220059115
1568220059131
1568220059147
1568220059164
1568220059180
1568220059197
1568220059212
1568220059228
1568220059244
1568220059260
1568220059276
1568220059293
1568220059310
1568220059326
1568220059342
1568220059358
1568220059374
1568220059390
1568220059404
1568220059420
1568220059436
1568220059453
1568220059469
1568220059484
1568220059498
1568220059514
1568220059530
1568220059546
1568220059562
1568220059578
1568220059594
1568220059609
1568220059624
1568220059640
1568220059655
1568220059671
1568220059687
1568220059702
1568220059717
1568220059733
1568220059748
1568220059764
1568220059780
1568220059796
1568220059811
1568220059827
1568220059841
1568220059857
1568220059873
1568220059889
1568220059905
1568220059920
1568220059934
1568220059949
1568220059965
1568220059980
1568220059995
1568220060011
1568220060026
1568220060043
1568220060058
1568220060076
1568220060092
1568220060108
1568220060124
1568220060138
