1568220031807
1568220031823
1568220031838
1568220031854
1568220031868
1568220031884
1568220031899
1568220031915
1568220031929
1568220031944
1568220031958
1568220031973
1568220031987
1568220032003
1568220032018
1568220032033
1568220032047
1568220032061
1568220032076
1568220032090
1568220032105
1568220032119
1568220032133
1568220032148
1568220032163
1568220032178
1568220032194
1568220032209
1568220032224
1568220032239
1568220032254
1568220032270
1568220032285
1568220032301
1568220032315
1568220032329
1568220032342
1568220032357
1568220032372
1568220032388
1568220032404
1568220032418
1568220032433
1568220032448
1568220032463
1568220032479
1568220032495
1568220032511
1568220032525
1568220032539
1568220032553
1568220032568
1568220032583
1568220032597
1568220032612
1568220032625
1568220032639
1568220032655
1568220032669
1568220032684
1568220032697
1568220032712
1568220032726
1568220032741
1568220032755
1568220032770
1568220032785
1568220032800
1568220032815
1568220032830
1568220032844
1568220032859
1568220032874
1568220032889
1568220032904
1568220032920
1568220032935
1568220032952
1568220032968
1568220032984
1568220032999
1568220033014
1568220033030
1568220033045
1568220033060
1568220033077
1568220033092
1568220033109
1568220033124
1568220033140
1568220033156
1568220033171
1568220033187
1568220033203
1568220033219
1568220033235
1568220033250
1568220033266
1568220033282
1568220033298
1568220033313
1568220033329
1568220033345
1568220033361
1568220033376
1568220033392
1568220033407
1568220033422
1568220033437
1568220033454
1568220033469
1568220033484
1568220033499
1568220033515
1568220033529
1568220033545
1568220033559
1568220033575
1568220033590
1568220033605
1568220033619
1568220033635
1568220033651
1568220033666
1568220033681
1568220033696
1568220033711
1568220033727
1568220033741
1568220033756
1568220033772
1568220033787
1568220033801
1568220033816
1568220033830
1568220033845
1568220033860
1568220033875
1568220033889
1568220033903
1568220033917
1568220033932
1568220033946
1568220033962
1568220033979
1568220033997
1568220034012
1568220034027
1568220034044
1568220034059
