1568220043094
1568220043110
1568220043129
1568220043145
1568220043162
1568220043177
1568220043191
1568220043207
1568220043223
1568220043239
1568220043253
1568220043270
1568220043286
1568220043302
1568220043318
1568220043334
1568220043350
1568220043367
1568220043384
1568220043400
1568220043416
1568220043432
1568220043447
1568220043464
1568220043478
1568220043494
1568220043511
1568220043528
1568220043543
1568220043558
1568220043574
1568220043591
1568220043607
1568220043622
1568220043639
1568220043656
1568220043672
1568220043688
1568220043705
1568220043723
1568220043740
1568220043756
1568220043771
1568220043789
1568220043805
1568220043820
1568220043835
1568220043853
1568220043868
1568220043884
1568220043899
1568220043914
1568220043928
1568220043944
1568220043960
1568220043975
1568220043990
1568220044005
1568220044020
1568220044037
1568220044052
1568220044069
1568220044084
1568220044100
1568220044116
1568220044132
1568220044149
1568220044165
1568220044181
1568220044197
1568220044214
1568220044231
1568220044247
1568220044264
1568220044280
1568220044296
1568220044313
1568220044330
1568220044346
1568220044364
1568220044380
1568220044397
1568220044412
1568220044428
1568220044445
1568220044463
1568220044480
1568220044498
1568220044514
1568220044530
1568220044545
1568220044562
1568220044578
1568220044596
1568220044613
1568220044629
1568220044644
1568220044660
1568220044676
1568220044695
1568220044711
1568220044726
1568220044742
1568220044758
1568220044774
1568220044790
1568220044807
1568220044823
1568220044839
1568220044856
1568220044873
1568220044889
1568220044906
1568220044922
1568220044939
1568220044955
1568220044971
1568220044987
1568220045002
1568220045018
1568220045033
1568220045051
1568220045067
1568220045084
1568220045100
1568220045117
1568220045131
1568220045148
1568220045164
1568220045180
1568220045196
1568220045211
1568220045228
1568220045246
1568220045262
1568220045280
1568220045295
1568220045311
1568220045327
1568220045344
1568220045360
1568220045375
1568220045390
1568220045407
1568220045423
1568220045441
1568220045458
1568220045475
1568220045492
1568220045510
