1568220052871
1568220052886
1568220052903
1568220052918
1568220052934
1568220052950
1568220052965
1568220052980
1568220052995
1568220053010
1568220053026
1568220053043
1568220053058
1568220053075
1568220053092
1568220053108
1568220053123
1568220053137
1568220053152
1568220053168
1568220053183
1568220053198
1568220053215
1568220053231
1568220053247
1568220053263
1568220053281
1568220053300
1568220053315
1568220053332
1568220053347
1568220053363
1568220053379
1568220053395
1568220053412
1568220053428
1568220053441
1568220053459
1568220053475
1568220053492
1568220053515
1568220053535
1568220053554
1568220053573
1568220053591
1568220053609
1568220053627
1568220053644
1568220053659
1568220053678
1568220053696
1568220053712
1568220053729
1568220053747
1568220053762
1568220053778
1568220053793
1568220053810
1568220053826
1568220053842
1568220053859
1568220053876
1568220053892
1568220053908
1568220053925
1568220053941
1568220053958
1568220053976
1568220053993
1568220054010
1568220054026
1568220054043
1568220054060
1568220054077
1568220054094
1568220054112
1568220054129
1568220054146
1568220054162
1568220054178
1568220054193
1568220054210
1568220054226
1568220054242
1568220054259
1568220054276
1568220054293
1568220054310
1568220054326
1568220054343
1568220054360
1568220054379
1568220054395
1568220054412
1568220054427
1568220054444
1568220054460
1568220054479
1568220054496
1568220054512
1568220054529
1568220054545
1568220054562
1568220054580
1568220054597
1568220054615
1568220054631
1568220054647
1568220054663
1568220054680
1568220054696
1568220054711
1568220054728
1568220054745
1568220054760
1568220054775
1568220054789
1568220054804
1568220054819
1568220054836
1568220054853
1568220054869
1568220054886
1568220054901
1568220054917
1568220054935
1568220054950
1568220054969
1568220054985
1568220055002
1568220055017
1568220055034
1568220055052
1568220055071
1568220055089
1568220055106
1568220055123
1568220055143
1568220055159
1568220055176
1568220055191
1568220055206
1568220055224
1568220055243
1568220055262
1568220055281
1568220055296
1568220055313
1568220055329
1568220055347
