1568220062603
1568220062619
1568220062636
1568220062651
1568220062666
1568220062681
1568220062695
1568220062710
1568220062726
1568220062742
1568220062757
1568220062772
1568220062787
1568220062804
1568220062820
1568220062836
1568220062851
1568220062866
1568220062879
1568220062894
1568220062910
1568220062926
1568220062941
1568220062958
1568220062972
1568220062987
1568220063003
1568220063019
1568220063034
1568220063049
1568220063065
1568220063083
1568220063102
1568220063117
1568220063131
1568220063146
1568220063160
1568220063176
1568220063191
1568220063207
1568220063222
1568220063237
1568220063253
1568220063269
1568220063283
1568220063299
1568220063313
1568220063331
1568220063347
1568220063363
1568220063378
1568220063393
1568220063408
1568220063424
1568220063440
1568220063459
1568220063475
1568220063491
1568220063506
1568220063525
1568220063539
1568220063555
1568220063571
1568220063588
1568220063604
1568220063621
1568220063638
1568220063655
1568220063670
1568220063687
1568220063703
1568220063720
1568220063736
1568220063753
1568220063769
1568220063786
1568220063802
1568220063818
1568220063835
1568220063853
1568220063869
1568220063885
1568220063901
1568220063918
1568220063933
1568220063950
1568220063966
1568220063984
1568220064000
1568220064016
1568220064031
1568220064047
1568220064063
1568220064079
1568220064096
1568220064112
1568220064129
1568220064146
1568220064161
1568220064178
1568220064193
1568220064210
1568220064227
1568220064243
1568220064259
1568220064275
1568220064292
1568220064308
1568220064325
1568220064341
1568220064357
1568220064373
1568220064388
1568220064405
1568220064421
1568220064436
1568220064452
1568220064467
1568220064483
1568220064498
1568220064512
1568220064529
1568220064546
1568220064562
1568220064577
1568220064592
1568220064608
1568220064624
1568220064639
1568220064657
1568220064673
1568220064692
1568220064707
1568220064725
1568220064740
1568220064757
1568220064772
1568220064787
1568220064800
1568220064817
1568220064832
1568220064849
1568220064864
1568220064880
1568220064896
1568220064912
1568220064927
1568220064944
1568220064959
1568220064975
