1568220072079
1568220072095
1568220072112
1568220072128
1568220072143
1568220072158
1568220072173
1568220072188
1568220072203
1568220072218
1568220072233
1568220072249
1568220072264
1568220072280
1568220072294
1568220072309
1568220072324
1568220072339
1568220072354
1568220072368
1568220072384
1568220072399
1568220072413
1568220072428
1568220072443
1568220072459
1568220072473
1568220072488
1568220072502
1568220072516
1568220072530
1568220072545
1568220072559
1568220072574
1568220072588
1568220072603
1568220072619
1568220072634
1568220072648
1568220072663
1568220072679
1568220072694
1568220072709
1568220072725
1568220072741
1568220072756
1568220072770
1568220072784
1568220072798
1568220072814
1568220072828
1568220072842
1568220072856
1568220072870
1568220072884
1568220072898
1568220072912
1568220072927
1568220072942
1568220072957
1568220072972
1568220072989
1568220073005
1568220073020
1568220073036
1568220073052
1568220073068
1568220073082
1568220073096
1568220073111
1568220073127
1568220073143
1568220073158
1568220073173
1568220073188
1568220073203
1568220073218
1568220073235
1568220073250
1568220073266
1568220073281
1568220073296
1568220073311
1568220073326
1568220073340
1568220073356
1568220073373
1568220073388
1568220073403
1568220073417
1568220073433
1568220073450
1568220073465
1568220073481
1568220073496
1568220073511
1568220073526
1568220073543
1568220073558
1568220073574
1568220073589
1568220073604
1568220073619
1568220073634
1568220073650
1568220073665
1568220073680
1568220073695
1568220073710
1568220073725
1568220073739
1568220073754
1568220073769
1568220073785
1568220073800
1568220073815
1568220073830
1568220073845
1568220073859
1568220073874
1568220073888
1568220073904
1568220073920
1568220073936
1568220073951
1568220073966
1568220073982
1568220073997
1568220074012
1568220074028
1568220074043
1568220074058
1568220074072
1568220074090
1568220074105
1568220074120
1568220074136
1568220074151
1568220074166
1568220074181
1568220074195
1568220074210
1568220074225
1568220074240
1568220074254
1568220074269
1568220074283
1568220074298
1568220074312
1568220074327
