1568218693958
1568218693973
1568218693989
1568218694004
1568218694018
1568218694032
1568218694047
1568218694061
1568218694076
1568218694090
1568218694104
1568218694117
1568218694130
1568218694145
1568218694159
1568218694172
1568218694186
1568218694199
1568218694213
1568218694227
1568218694240
1568218694254
1568218694267
1568218694280
1568218694294
1568218694308
1568218694321
1568218694335
1568218694349
1568218694362
1568218694376
1568218694389
1568218694402
1568218694415
1568218694428
1568218694442
1568218694455
1568218694468
1568218694481
1568218694496
1568218694509
1568218694522
1568218694537
1568218694551
1568218694565
1568218694578
1568218694593
1568218694607
1568218694621
1568218694635
1568218694649
1568218694663
1568218694676
1568218694690
1568218694703
1568218694717
1568218694731
1568218694744
1568218694758
1568218694772
1568218694786
1568218694801
1568218694815
1568218694828
1568218694842
1568218694856
1568218694870
1568218694884
1568218694899
1568218694912
1568218694926
1568218694942
1568218694956
1568218694972
1568218694986
1568218695001
1568218695015
1568218695029
1568218695043
1568218695057
1568218695073
1568218695088
1568218695103
1568218695118
1568218695133
1568218695150
1568218695165
1568218695180
1568218695194
1568218695212
1568218695226
1568218695241
1568218695256
1568218695269
1568218695284
1568218695299
1568218695314
1568218695329
1568218695344
1568218695359
1568218695373
1568218695387
1568218695402
1568218695416
1568218695430
1568218695444
1568218695459
1568218695474
1568218695488
1568218695504
1568218695519
1568218695535
1568218695549
1568218695562
1568218695576
1568218695589
1568218695602
1568218695615
1568218695629
1568218695642
1568218695656
1568218695670
1568218695684
1568218695698
1568218695711
1568218695725
1568218695738
1568218695751
1568218695765
1568218695778
1568218695792
1568218695805
1568218695819
1568218695833
1568218695846
1568218695860
1568218695873
1568218695887
1568218695900
1568218695914
1568218695927
1568218695942
1568218695955
1568218695969
1568218695983
1568218695997
1568218696010
1568218696024
1568218696037
1568218696051
