1568218671123
1568218671137
1568218671152
1568218671166
1568218671180
1568218671194
1568218671207
1568218671221
1568218671234
1568218671248
1568218671262
1568218671276
1568218671290
1568218671304
1568218671318
1568218671332
1568218671346
1568218671360
1568218671373
1568218671387
1568218671401
1568218671415
1568218671429
1568218671443
1568218671457
1568218671471
1568218671485
1568218671499
1568218671513
1568218671528
1568218671541
1568218671555
1568218671569
1568218671583
1568218671596
1568218671610
1568218671623
1568218671638
1568218671652
1568218671666
1568218671680
1568218671696
1568218671711
1568218671726
1568218671740
1568218671755
1568218671771
1568218671786
1568218671801
1568218671816
1568218671832
1568218671847
1568218671861
1568218671876
1568218671890
1568218671905
1568218671920
1568218671934
1568218671947
1568218671963
1568218671978
1568218671995
1568218672010
1568218672025
1568218672042
1568218672056
1568218672071
1568218672086
1568218672104
1568218672121
1568218672137
1568218672153
1568218672167
1568218672183
1568218672198
1568218672213
1568218672227
1568218672242
1568218672257
1568218672272
1568218672287
1568218672302
1568218672317
1568218672332
1568218672347
1568218672363
1568218672378
1568218672395
1568218672410
1568218672425
1568218672440
1568218672455
1568218672470
1568218672485
1568218672500
1568218672515
1568218672530
1568218672547
1568218672562
1568218672578
1568218672594
1568218672610
1568218672625
1568218672640
1568218672654
1568218672669
1568218672683
1568218672699
1568218672714
1568218672730
1568218672745
1568218672759
1568218672774
1568218672789
1568218672804
1568218672818
1568218672832
1568218672847
1568218672861
1568218672876
1568218672890
1568218672906
1568218672920
1568218672936
1568218672951
1568218672966
1568218672980
1568218672995
1568218673009
1568218673024
1568218673039
1568218673054
1568218673067
1568218673083
1568218673098
1568218673114
1568218673129
1568218673144
1568218673159
1568218673174
1568218673189
1568218673203
1568218673216
1568218673231
1568218673244
1568218673261
1568218673275
1568218673291
1568218673305
1568218673318
