1568218677617
1568218677632
1568218677648
1568218677662
1568218677676
1568218677690
1568218677705
1568218677719
1568218677733
1568218677747
1568218677761
1568218677775
1568218677789
1568218677805
1568218677819
1568218677834
1568218677848
1568218677863
1568218677877
1568218677892
1568218677906
1568218677920
1568218677935
1568218677949
1568218677962
1568218677977
1568218677991
1568218678005
1568218678018
1568218678032
1568218678046
1568218678060
1568218678074
1568218678088
1568218678101
1568218678115
1568218678128
1568218678142
1568218678157
1568218678171
1568218678187
1568218678202
1568218678216
1568218678232
1568218678247
1568218678261
1568218678276
1568218678291
1568218678305
1568218678321
1568218678335
1568218678350
1568218678365
1568218678379
1568218678393
1568218678409
1568218678423
1568218678438
1568218678452
1568218678467
1568218678482
1568218678497
1568218678513
1568218678529
1568218678543
1568218678558
1568218678574
1568218678588
1568218678603
1568218678618
1568218678632
1568218678648
1568218678664
1568218678680
1568218678696
1568218678711
1568218678727
1568218678741
1568218678756
1568218678771
1568218678786
1568218678802
1568218678817
1568218678832
1568218678847
1568218678863
1568218678879
1568218678895
1568218678910
1568218678926
1568218678942
1568218678957
1568218678972
1568218678989
1568218679004
1568218679020
1568218679036
1568218679052
1568218679068
1568218679084
1568218679098
1568218679114
1568218679129
1568218679145
1568218679161
1568218679176
1568218679192
1568218679208
1568218679223
1568218679240
1568218679255
1568218679271
1568218679285
1568218679300
1568218679314
1568218679328
1568218679343
1568218679359
1568218679374
1568218679389
1568218679404
1568218679419
1568218679436
1568218679451
1568218679465
1568218679480
1568218679495
1568218679510
1568218679525
1568218679540
1568218679554
1568218679569
1568218679582
1568218679598
1568218679612
1568218679627
1568218679641
1568218679655
1568218679668
1568218679682
1568218679696
1568218679709
1568218679723
1568218679738
1568218679751
1568218679766
1568218679780
1568218679795
1568218679808
1568218679823
