1568218669465
1568218669479
1568218669495
1568218669510
1568218669524
1568218669539
1568218669553
1568218669567
1568218669582
1568218669596
1568218669610
1568218669625
1568218669639
1568218669654
1568218669669
1568218669683
1568218669697
1568218669712
1568218669726
1568218669740
1568218669754
1568218669768
1568218669781
1568218669795
1568218669809
1568218669824
1568218669838
1568218669852
1568218669866
1568218669879
1568218669893
1568218669907
1568218669921
1568218669936
1568218669951
1568218669965
1568218669979
1568218669994
1568218670009
1568218670023
1568218670037
1568218670050
1568218670064
1568218670080
1568218670094
1568218670109
1568218670124
1568218670139
1568218670154
1568218670170
1568218670186
1568218670201
1568218670215
1568218670232
1568218670247
1568218670262
1568218670277
1568218670292
1568218670308
1568218670322
1568218670338
1568218670353
1568218670367
1568218670382
1568218670398
1568218670413
1568218670428
1568218670443
1568218670459
1568218670475
1568218670492
1568218670508
1568218670523
1568218670540
1568218670556
1568218670573
1568218670590
1568218670606
1568218670621
1568218670637
1568218670653
1568218670669
1568218670685
1568218670701
1568218670716
1568218670733
1568218670749
1568218670765
1568218670781
1568218670797
1568218670813
1568218670829
1568218670845
1568218670860
1568218670876
1568218670892
1568218670907
1568218670925
1568218670941
1568218670958
1568218670974
1568218670990
1568218671005
1568218671022
1568218671037
1568218671053
1568218671069
1568218671084
1568218671100
1568218671116
1568218671131
1568218671146
1568218671160
1568218671174
1568218671188
1568218671202
1568218671216
1568218671230
1568218671244
1568218671258
1568218671272
1568218671287
1568218671300
1568218671314
1568218671328
1568218671342
1568218671356
1568218671370
1568218671384
1568218671398
1568218671412
1568218671426
1568218671440
1568218671455
1568218671469
1568218671483
1568218671497
1568218671511
1568218671525
1568218671539
1568218671552
1568218671567
1568218671581
1568218671596
1568218671609
1568218671624
1568218671638
1568218671652
1568218671666
1568218671680
