1568218680904
1568218680919
1568218680937
1568218680951
1568218680964
1568218680978
1568218680992
1568218681006
1568218681021
1568218681035
1568218681048
1568218681062
1568218681076
1568218681090
1568218681104
1568218681119
1568218681132
1568218681147
1568218681160
1568218681174
1568218681187
1568218681201
1568218681215
1568218681229
1568218681243
1568218681258
1568218681273
1568218681287
1568218681300
1568218681314
1568218681328
1568218681342
1568218681357
1568218681371
1568218681385
1568218681398
1568218681412
1568218681427
1568218681442
1568218681459
1568218681473
1568218681489
1568218681503
1568218681518
1568218681532
1568218681548
1568218681562
1568218681577
1568218681592
1568218681608
1568218681623
1568218681637
1568218681653
1568218681668
1568218681683
1568218681698
1568218681713
1568218681728
1568218681743
1568218681758
1568218681772
1568218681788
1568218681803
1568218681818
1568218681832
1568218681847
1568218681861
1568218681878
1568218681892
1568218681907
1568218681923
1568218681937
1568218681952
1568218681968
1568218681983
1568218681998
1568218682014
1568218682030
1568218682044
1568218682060
1568218682076
1568218682091
1568218682107
1568218682122
1568218682137
1568218682155
1568218682170
1568218682186
1568218682201
1568218682218
1568218682235
1568218682250
1568218682265
1568218682280
1568218682294
1568218682310
1568218682325
1568218682341
1568218682357
1568218682372
1568218682388
1568218682404
1568218682419
1568218682435
1568218682451
1568218682466
1568218682482
1568218682497
1568218682512
1568218682529
1568218682544
1568218682559
1568218682573
1568218682587
1568218682601
1568218682615
1568218682630
1568218682644
1568218682658
1568218682672
1568218682687
1568218682702
1568218682716
1568218682731
1568218682745
1568218682760
1568218682774
1568218682791
1568218682808
1568218682824
1568218682839
1568218682853
1568218682867
1568218682883
1568218682897
1568218682911
1568218682925
1568218682939
1568218682952
1568218682966
1568218682980
1568218682993
1568218683007
1568218683021
1568218683035
1568218683050
1568218683065
1568218683079
1568218683093
1568218683107
