1567790658086
1567790658098
1567790658111
1567790658122
1567790658134
1567790658145
1567790658156
1567790658167
1567790658178
1567790658190
1567790658201
1567790658213
1567790658225
1567790658237
1567790658249
1567790658261
1567790658272
1567790658284
1567790658296
1567790658307
1567790658318
1567790658331
1567790658342
1567790658354
1567790658367
1567790658379
1567790658390
1567790658403
1567790658416
1567790658428
1567790658440
1567790658451
1567790658463
1567790658475
1567790658487
1567790658499
1567790658511
1567790658524
1567790658536
1567790658548
1567790658561
1567790658573
1567790658586
1567790658598
1567790658608
1567790658621
1567790658633
1567790658645
1567790658658
1567790658671
1567790658684
1567790658698
1567790658710
1567790658723
1567790658734
1567790658746
1567790658758
1567790658771
1567790658783
1567790658795
1567790658806
1567790658819
1567790658831
1567790658844
1567790658856
1567790658868
1567790658879
1567790658891
1567790658903
1567790658916
1567790658928
1567790658941
1567790658953
1567790658965
1567790658976
1567790658988
1567790659000
1567790659011
1567790659022
1567790659035
1567790659046
1567790659060
1567790659073
1567790659087
1567790659101
1567790659114
1567790659127
1567790659141
1567790659155
1567790659171
1567790659184
1567790659196
1567790659209
1567790659223
1567790659236
1567790659249
1567790659262
1567790659276
1567790659290
1567790659303
1567790659316
1567790659329
1567790659342
1567790659356
1567790659368
1567790659381
1567790659394
1567790659407
1567790659420
1567790659434
1567790659447
1567790659461
1567790659473
1567790659486
1567790659500
1567790659513
1567790659526
1567790659539
1567790659552
1567790659564
1567790659578
1567790659592
1567790659605
1567790659618
1567790659631
1567790659644
1567790659657
1567790659671
1567790659683
1567790659696
1567790659707
1567790659719
1567790659731
1567790659743
1567790659755
1567790659767
1567790659779
1567790659791
1567790659803
1567790659815
1567790659826
1567790659838
1567790659850
1567790659862
1567790659875
1567790659887
1567790659898
1567790659910
1567790659922
1567790659933
