1567790669606
1567790669618
1567790669630
1567790669641
1567790669652
1567790669664
1567790669675
1567790669687
1567790669698
1567790669710
1567790669722
1567790669734
1567790669745
1567790669759
1567790669772
1567790669784
1567790669797
1567790669809
1567790669821
1567790669832
1567790669844
1567790669857
1567790669870
1567790669882
1567790669895
1567790669909
1567790669922
1567790669934
1567790669947
1567790669960
1567790669973
1567790669984
1567790669996
1567790670010
1567790670022
1567790670035
1567790670048
1567790670061
1567790670074
1567790670088
1567790670100
1567790670113
1567790670125
1567790670138
1567790670149
1567790670161
1567790670174
1567790670186
1567790670199
1567790670212
1567790670225
1567790670237
1567790670250
1567790670262
1567790670273
1567790670285
1567790670298
1567790670310
1567790670322
1567790670333
1567790670345
1567790670358
1567790670371
1567790670384
1567790670396
1567790670409
1567790670422
1567790670435
1567790670447
1567790670460
1567790670473
1567790670484
1567790670496
1567790670510
1567790670522
1567790670535
1567790670548
1567790670560
1567790670573
1567790670585
1567790670598
1567790670611
1567790670624
1567790670636
1567790670650
1567790670663
1567790670676
1567790670690
1567790670702
1567790670713
1567790670726
1567790670739
1567790670752
1567790670765
1567790670778
1567790670792
1567790670805
1567790670818
1567790670832
1567790670845
1567790670858
1567790670872
1567790670884
1567790670897
1567790670909
1567790670923
1567790670936
1567790670949
1567790670962
1567790670976
1567790670990
1567790671003
1567790671016
1567790671029
1567790671042
1567790671055
1567790671068
1567790671082
1567790671095
1567790671108
1567790671122
1567790671135
1567790671148
1567790671161
1567790671174
1567790671187
1567790671200
1567790671213
1567790671226
1567790671239
1567790671251
1567790671264
1567790671276
1567790671288
1567790671299
1567790671311
1567790671323
1567790671334
1567790671346
1567790671358
1567790671370
1567790671383
1567790671395
1567790671406
1567790671419
1567790671431
1567790671443
1567790671455
1567790671466
1567790671478
