1567790628542
1567790628554
1567790628568
1567790628580
1567790628592
1567790628603
1567790628615
1567790628627
1567790628638
1567790628650
1567790628662
1567790628674
1567790628686
1567790628699
1567790628711
1567790628723
1567790628735
1567790628750
1567790628762
1567790628775
1567790628786
1567790628798
1567790628810
1567790628822
1567790628834
1567790628847
1567790628858
1567790628871
1567790628883
1567790628895
1567790628907
1567790628920
1567790628932
1567790628943
1567790628955
1567790628967
1567790628980
1567790628993
1567790629005
1567790629017
1567790629028
1567790629040
1567790629052
1567790629065
1567790629077
1567790629088
1567790629100
1567790629112
1567790629126
1567790629138
1567790629151
1567790629164
1567790629174
1567790629186
1567790629199
1567790629210
1567790629223
1567790629234
1567790629245
1567790629257
1567790629270
1567790629283
1567790629295
1567790629308
1567790629321
1567790629332
1567790629344
1567790629356
1567790629368
1567790629381
1567790629391
1567790629403
1567790629416
1567790629429
1567790629441
1567790629454
1567790629466
1567790629477
1567790629489
1567790629501
1567790629513
1567790629527
1567790629540
1567790629552
1567790629565
1567790629578
1567790629591
1567790629604
1567790629616
1567790629628
1567790629641
1567790629654
1567790629666
1567790629678
1567790629691
1567790629703
1567790629717
1567790629730
1567790629743
1567790629756
1567790629769
1567790629783
1567790629795
1567790629808
1567790629821
1567790629834
1567790629847
1567790629860
1567790629873
1567790629887
1567790629900
1567790629914
1567790629927
1567790629940
1567790629953
1567790629966
1567790629978
1567790629991
1567790630004
1567790630017
1567790630029
1567790630044
1567790630058
1567790630072
1567790630086
1567790630099
1567790630112
1567790630126
1567790630139
1567790630152
1567790630165
1567790630178
1567790630192
1567790630206
1567790630217
1567790630229
1567790630241
1567790630252
1567790630264
1567790630276
1567790630288
1567790630300
1567790630311
1567790630324
1567790630336
1567790630349
1567790630361
1567790630374
1567790630386
1567790630398
