1567790666278
1567790666291
1567790666304
1567790666316
1567790666329
1567790666341
1567790666352
1567790666364
1567790666375
1567790666387
1567790666398
1567790666410
1567790666422
1567790666434
1567790666446
1567790666458
1567790666470
1567790666482
1567790666493
1567790666505
1567790666517
1567790666529
1567790666540
1567790666552
1567790666565
1567790666577
1567790666588
1567790666601
1567790666613
1567790666625
1567790666635
1567790666647
1567790666658
1567790666671
1567790666682
1567790666693
1567790666705
1567790666718
1567790666730
1567790666741
1567790666753
1567790666765
1567790666776
1567790666788
1567790666799
1567790666811
1567790666823
1567790666836
1567790666848
1567790666861
1567790666872
1567790666884
1567790666896
1567790666908
1567790666920
1567790666931
1567790666942
1567790666954
1567790666966
1567790666977
1567790666989
1567790667002
1567790667014
1567790667027
1567790667039
1567790667050
1567790667061
1567790667073
1567790667085
1567790667096
1567790667108
1567790667119
1567790667132
1567790667145
1567790667157
1567790667169
1567790667180
1567790667192
1567790667205
1567790667217
1567790667227
1567790667239
1567790667252
1567790667264
1567790667277
1567790667291
1567790667303
1567790667315
1567790667327
1567790667339
1567790667351
1567790667363
1567790667376
1567790667389
1567790667402
1567790667414
1567790667428
1567790667441
1567790667455
1567790667468
1567790667481
1567790667494
1567790667507
1567790667520
1567790667533
1567790667546
1567790667558
1567790667571
1567790667585
1567790667598
1567790667611
1567790667625
1567790667638
1567790667651
1567790667663
1567790667677
1567790667690
1567790667702
1567790667714
1567790667727
1567790667740
1567790667753
1567790667766
1567790667779
1567790667792
1567790667805
1567790667818
1567790667831
1567790667844
1567790667857
1567790667870
1567790667883
1567790667896
1567790667910
1567790667924
1567790667936
1567790667947
1567790667960
1567790667971
1567790667983
1567790667994
1567790668006
1567790668019
1567790668031
1567790668043
1567790668055
1567790668067
1567790668079
1567790668091
1567790668102
