1567790625210
1567790625222
1567790625236
1567790625247
1567790625259
1567790625270
1567790625282
1567790625294
1567790625305
1567790625316
1567790625327
1567790625339
1567790625351
1567790625363
1567790625375
1567790625386
1567790625397
1567790625409
1567790625420
1567790625432
1567790625443
1567790625456
1567790625468
1567790625480
1567790625493
1567790625507
1567790625519
1567790625532
1567790625544
1567790625555
1567790625568
1567790625580
1567790625592
1567790625605
1567790625617
1567790625630
1567790625641
1567790625655
1567790625666
1567790625680
1567790625692
1567790625705
1567790625717
1567790625730
1567790625743
1567790625755
1567790625767
1567790625778
1567790625791
1567790625804
1567790625817
1567790625829
1567790625842
1567790625855
1567790625868
1567790625880
1567790625891
1567790625903
1567790625915
1567790625928
1567790625941
1567790625953
1567790625966
1567790625979
1567790625991
1567790626002
1567790626015
1567790626027
1567790626040
1567790626052
1567790626065
1567790626077
1567790626089
1567790626101
1567790626113
1567790626126
1567790626138
1567790626150
1567790626161
1567790626173
1567790626186
1567790626199
1567790626211
1567790626224
1567790626238
1567790626251
1567790626264
1567790626276
1567790626289
1567790626302
1567790626314
1567790626327
1567790626340
1567790626353
1567790626366
1567790626379
1567790626392
1567790626405
1567790626418
1567790626431
1567790626443
1567790626456
1567790626469
1567790626483
1567790626495
1567790626508
1567790626521
1567790626534
1567790626547
1567790626561
1567790626574
1567790626588
1567790626600
1567790626613
1567790626627
1567790626640
1567790626653
1567790626666
1567790626679
1567790626692
1567790626706
1567790626721
1567790626734
1567790626746
1567790626759
1567790626772
1567790626785
1567790626798
1567790626810
1567790626824
1567790626837
1567790626850
1567790626864
1567790626877
1567790626889
1567790626901
1567790626913
1567790626924
1567790626935
1567790626947
1567790626959
1567790626970
1567790626982
1567790626994
1567790627006
1567790627019
1567790627031
1567790627043
1567790627054
1567790627066
