1567790641840
1567790641852
1567790641865
1567790641876
1567790641887
1567790641898
1567790641909
1567790641920
1567790641931
1567790641942
1567790641953
1567790641964
1567790641976
1567790641989
1567790642000
1567790642012
1567790642024
1567790642036
1567790642047
1567790642060
1567790642073
1567790642085
1567790642096
1567790642108
1567790642120
1567790642133
1567790642146
1567790642158
1567790642171
1567790642183
1567790642194
1567790642206
1567790642218
1567790642231
1567790642243
1567790642256
1567790642268
1567790642281
1567790642292
1567790642305
1567790642317
1567790642330
1567790642342
1567790642354
1567790642365
1567790642377
1567790642389
1567790642401
1567790642414
1567790642428
1567790642440
1567790642453
1567790642465
1567790642476
1567790642489
1567790642501
1567790642513
1567790642526
1567790642539
1567790642551
1567790642563
1567790642575
1567790642588
1567790642600
1567790642613
1567790642625
1567790642637
1567790642648
1567790642660
1567790642673
1567790642685
1567790642697
1567790642710
1567790642722
1567790642733
1567790642746
1567790642758
1567790642771
1567790642783
1567790642796
1567790642808
1567790642820
1567790642832
1567790642844
1567790642857
1567790642870
1567790642883
1567790642895
1567790642907
1567790642919
1567790642931
1567790642943
1567790642955
1567790642967
1567790642979
1567790642992
1567790643005
1567790643019
1567790643031
1567790643044
1567790643055
1567790643068
1567790643080
1567790643093
1567790643105
1567790643118
1567790643130
1567790643143
1567790643157
1567790643170
1567790643183
1567790643196
1567790643208
1567790643221
1567790643233
1567790643245
1567790643259
1567790643272
1567790643284
1567790643297
1567790643310
1567790643324
1567790643337
1567790643350
1567790643363
1567790643376
1567790643389
1567790643402
1567790643415
1567790643428
1567790643441
1567790643454
1567790643467
1567790643481
1567790643494
1567790643508
1567790643520
1567790643532
1567790643545
1567790643558
1567790643570
1567790643584
1567790643595
1567790643607
1567790643619
1567790643632
1567790643645
1567790643657
1567790643669
1567790643681
