1567790623596
1567790623608
1567790623622
1567790623634
1567790623645
1567790623657
1567790623669
1567790623681
1567790623692
1567790623704
1567790623716
1567790623728
1567790623741
1567790623753
1567790623765
1567790623777
1567790623788
1567790623801
1567790623812
1567790623824
1567790623836
1567790623848
1567790623860
1567790623871
1567790623885
1567790623897
1567790623910
1567790623922
1567790623934
1567790623947
1567790623958
1567790623970
1567790623982
1567790623994
1567790624006
1567790624020
1567790624032
1567790624045
1567790624057
1567790624068
1567790624080
1567790624092
1567790624104
1567790624115
1567790624127
1567790624139
1567790624151
1567790624163
1567790624175
1567790624187
1567790624199
1567790624211
1567790624224
1567790624236
1567790624247
1567790624258
1567790624270
1567790624282
1567790624294
1567790624306
1567790624318
1567790624330
1567790624343
1567790624355
1567790624367
1567790624378
1567790624390
1567790624402
1567790624415
1567790624427
1567790624439
1567790624450
1567790624462
1567790624475
1567790624487
1567790624499
1567790624513
1567790624525
1567790624537
1567790624548
1567790624560
1567790624572
1567790624584
1567790624597
1567790624610
1567790624624
1567790624637
1567790624649
1567790624662
1567790624674
1567790624687
1567790624699
1567790624711
1567790624724
1567790624736
1567790624749
1567790624762
1567790624776
1567790624790
1567790624803
1567790624816
1567790624829
1567790624841
1567790624854
1567790624867
1567790624881
1567790624893
1567790624906
1567790624920
1567790624934
1567790624946
1567790624959
1567790624972
1567790624986
1567790624999
1567790625012
1567790625025
1567790625037
1567790625049
1567790625061
1567790625075
1567790625088
1567790625101
1567790625113
1567790625126
1567790625139
1567790625152
1567790625165
1567790625178
1567790625191
1567790625203
1567790625215
1567790625228
1567790625240
1567790625252
1567790625264
1567790625276
1567790625288
1567790625299
1567790625311
1567790625322
1567790625333
1567790625344
1567790625356
1567790625367
1567790625380
1567790625391
1567790625402
1567790625414
1567790625425
