1568133402512
1568133402525
1568133402539
1568133402552
1568133402565
1568133402577
1568133402588
1568133402600
1568133402612
1568133402625
1568133402638
1568133402650
1568133402663
1568133402677
1568133402690
1568133402702
1568133402715
1568133402728
1568133402741
1568133402753
1568133402766
1568133402778
1568133402790
1568133402803
1568133402816
1568133402829
1568133402842
1568133402855
1568133402868
1568133402883
1568133402896
1568133402909
1568133402922
1568133402934
1568133402947
1568133402957
1568133402970
1568133402983
1568133402996
1568133403008
1568133403021
1568133403034
1568133403047
1568133403059
1568133403072
1568133403083
1568133403094
1568133403107
1568133403120
1568133403133
1568133403146
1568133403159
1568133403171
1568133403184
1568133403197
1568133403208
1568133403220
1568133403233
1568133403262
1568133403278
1568133403292
1568133403305
1568133403318
1568133403332
1568133403349
1568133403362
1568133403374
1568133403386
1568133403398
1568133403411
1568133403423
1568133403436
1568133403449
1568133403463
1568133403476
1568133403489
1568133403502
1568133403515
1568133403529
1568133403541
1568133403554
1568133403566
1568133403579
1568133403592
1568133403606
1568133403619
1568133403632
1568133403645
1568133403658
1568133403672
1568133403684
1568133403697
1568133403710
1568133403723
1568133403737
1568133403750
1568133403763
1568133403777
1568133403790
1568133403803
1568133403816
1568133403829
1568133403841
1568133403854
1568133403868
1568133403881
1568133403893
1568133403906
1568133403919
1568133403933
1568133403945
1568133403958
1568133403970
1568133403983
1568133403995
1568133404008
1568133404021
1568133404034
1568133404047
1568133404059
1568133404073
1568133404086
1568133404100
1568133404113
1568133404126
1568133404139
1568133404153
1568133404165
1568133404177
1568133404189
1568133404202
1568133404215
1568133404228
1568133404242
1568133404253
1568133404268
1568133404280
1568133404293
1568133404306
1568133404318
1568133404330
1568133404342
1568133404355
1568133404368
1568133404381
1568133404394
1568133404407
1568133404419
1568133404431
1568133404444
