1568133410852
1568133410866
1568133410880
1568133410893
1568133410906
1568133410920
1568133410934
1568133410947
1568133410960
1568133410973
1568133410987
1568133411000
1568133411013
1568133411027
1568133411041
1568133411054
1568133411067
1568133411080
1568133411093
1568133411105
1568133411119
1568133411132
1568133411145
1568133411159
1568133411172
1568133411187
1568133411200
1568133411213
1568133411226
1568133411240
1568133411254
1568133411269
1568133411283
1568133411296
1568133411310
1568133411323
1568133411336
1568133411350
1568133411363
1568133411376
1568133411389
1568133411402
1568133411415
1568133411427
1568133411439
1568133411451
1568133411463
1568133411476
1568133411489
1568133411503
1568133411516
1568133411529
1568133411542
1568133411555
1568133411567
1568133411580
1568133411593
1568133411606
1568133411619
1568133411632
1568133411645
1568133411660
1568133411674
1568133411689
1568133411701
1568133411714
1568133411726
1568133411739
1568133411752
1568133411764
1568133411777
1568133411790
1568133411803
1568133411818
1568133411832
1568133411844
1568133411858
1568133411871
1568133411885
1568133411898
1568133411910
1568133411923
1568133411936
1568133411949
1568133411962
1568133411975
1568133411988
1568133412002
1568133412015
1568133412028
1568133412041
1568133412053
1568133412067
1568133412080
1568133412093
1568133412106
1568133412119
1568133412134
1568133412147
1568133412161
1568133412175
1568133412189
1568133412201
1568133412215
1568133412227
1568133412240
1568133412252
1568133412266
1568133412279
1568133412294
1568133412307
1568133412321
1568133412334
1568133412347
1568133412359
1568133412373
1568133412386
1568133412399
1568133412412
1568133412425
1568133412438
1568133412453
1568133412466
1568133412480
1568133412493
1568133412507
1568133412521
1568133412535
1568133412547
1568133412559
1568133412571
1568133412584
1568133412598
1568133412612
1568133412624
1568133412638
1568133412651
1568133412664
1568133412677
1568133412690
1568133412702
1568133412716
1568133412728
1568133412741
1568133412755
1568133412768
1568133412780
1568133412794
1568133412807
1568133412820
