1568133384569
1568133384581
1568133384594
1568133384606
1568133384617
1568133384629
1568133384640
1568133384652
1568133384664
1568133384676
1568133384687
1568133384699
1568133384711
1568133384724
1568133384736
1568133384748
1568133384759
1568133384772
1568133384783
1568133384796
1568133384807
1568133384819
1568133384831
1568133384843
1568133384856
1568133384870
1568133384882
1568133384894
1568133384905
1568133384917
1568133384929
1568133384942
1568133384954
1568133384967
1568133384978
1568133384990
1568133385003
1568133385016
1568133385028
1568133385041
1568133385053
1568133385066
1568133385077
1568133385089
1568133385101
1568133385113
1568133385125
1568133385138
1568133385150
1568133385162
1568133385174
1568133385186
1568133385198
1568133385210
1568133385222
1568133385234
1568133385246
1568133385259
1568133385271
1568133385284
1568133385297
1568133385311
1568133385325
1568133385338
1568133385351
1568133385363
1568133385376
1568133385389
1568133385402
1568133385415
1568133385426
1568133385438
1568133385450
1568133385463
1568133385476
1568133385488
1568133385501
1568133385514
1568133385526
1568133385539
1568133385552
1568133385566
1568133385579
1568133385593
1568133385606
1568133385621
1568133385634
1568133385649
1568133385663
1568133385679
1568133385693
1568133385708
1568133385722
1568133385736
1568133385751
1568133385765
1568133385779
1568133385795
1568133385809
1568133385824
1568133385839
1568133385853
1568133385867
1568133385882
1568133385896
1568133385910
1568133385924
1568133385939
1568133385952
1568133385966
1568133385980
1568133385994
1568133386008
1568133386022
1568133386036
1568133386049
1568133386062
1568133386075
1568133386088
1568133386102
1568133386115
1568133386129
1568133386143
1568133386155
1568133386168
1568133386180
1568133386192
1568133386205
1568133386218
1568133386231
1568133386243
1568133386255
1568133386268
1568133386281
1568133386294
1568133386306
1568133386318
1568133386331
1568133386343
1568133386355
1568133386367
1568133386381
1568133386392
1568133386404
1568133386417
1568133386429
1568133386441
1568133386454
1568133386466
1568133386479
