1568133389458
1568133389470
1568133389483
1568133389495
1568133389506
1568133389518
1568133389531
1568133389542
1568133389554
1568133389566
1568133389578
1568133389590
1568133389602
1568133389615
1568133389627
1568133389639
1568133389651
1568133389664
1568133389676
1568133389688
1568133389699
1568133389711
1568133389723
1568133389736
1568133389748
1568133389761
1568133389773
1568133389786
1568133389798
1568133389810
1568133389822
1568133389836
1568133389849
1568133389861
1568133389872
1568133389885
1568133389897
1568133389910
1568133389923
1568133389935
1568133389948
1568133389960
1568133389971
1568133389983
1568133389995
1568133390007
1568133390019
1568133390031
1568133390043
1568133390056
1568133390068
1568133390080
1568133390092
1568133390105
1568133390116
1568133390128
1568133390140
1568133390153
1568133390166
1568133390179
1568133390192
1568133390206
1568133390218
1568133390232
1568133390244
1568133390258
1568133390270
1568133390283
1568133390294
1568133390306
1568133390318
1568133390332
1568133390345
1568133390358
1568133390371
1568133390384
1568133390397
1568133390409
1568133390422
1568133390437
1568133390451
1568133390465
1568133390478
1568133390490
1568133390504
1568133390518
1568133390531
1568133390544
1568133390557
1568133390570
1568133390584
1568133390598
1568133390611
1568133390625
1568133390639
1568133390652
1568133390665
1568133390679
1568133390692
1568133390706
1568133390719
1568133390732
1568133390746
1568133390759
1568133390772
1568133390785
1568133390798
1568133390811
1568133390824
1568133390839
1568133390852
1568133390866
1568133390878
1568133390891
1568133390904
1568133390917
1568133390930
1568133390943
1568133390956
1568133390970
1568133390983
1568133390997
1568133391010
1568133391023
1568133391036
1568133391050
1568133391062
1568133391075
1568133391088
1568133391102
1568133391115
1568133391127
1568133391139
1568133391151
1568133391163
1568133391174
1568133391187
1568133391198
1568133391211
1568133391223
1568133391235
1568133391248
1568133391260
1568133391272
1568133391285
1568133391297
1568133391310
1568133391323
1568133391335
1568133391347
