1568133377883
1568133377898
1568133377912
1568133377924
1568133377936
1568133377947
1568133377960
1568133377972
1568133377983
1568133377995
1568133378007
1568133378019
1568133378031
1568133378043
1568133378055
1568133378068
1568133378079
1568133378091
1568133378103
1568133378115
1568133378126
1568133378139
1568133378151
1568133378162
1568133378175
1568133378188
1568133378200
1568133378213
1568133378225
1568133378237
1568133378248
1568133378260
1568133378272
1568133378285
1568133378297
1568133378309
1568133378322
1568133378334
1568133378346
1568133378359
1568133378371
1568133378384
1568133378396
1568133378409
1568133378421
1568133378433
1568133378444
1568133378456
1568133378469
1568133378482
1568133378494
1568133378507
1568133378520
1568133378532
1568133378544
1568133378556
1568133378568
1568133378581
1568133378593
1568133378606
1568133378619
1568133378632
1568133378645
1568133378657
1568133378668
1568133378681
1568133378693
1568133378705
1568133378717
1568133378730
1568133378741
1568133378753
1568133378765
1568133378778
1568133378791
1568133378803
1568133378816
1568133378828
1568133378839
1568133378852
1568133378868
1568133378881
1568133378893
1568133378907
1568133378920
1568133378934
1568133378947
1568133378961
1568133378974
1568133378988
1568133379000
1568133379013
1568133379026
1568133379040
1568133379054
1568133379067
1568133379081
1568133379096
1568133379108
1568133379122
1568133379135
1568133379148
1568133379161
1568133379174
1568133379187
1568133379200
1568133379213
1568133379226
1568133379240
1568133379254
1568133379267
1568133379280
1568133379293
1568133379306
1568133379319
1568133379332
1568133379345
1568133379357
1568133379371
1568133379384
1568133379398
1568133379412
1568133379425
1568133379439
1568133379452
1568133379465
1568133379478
1568133379491
1568133379505
1568133379518
1568133379531
1568133379543
1568133379555
1568133379568
1568133379581
1568133379593
1568133379605
1568133379617
1568133379629
1568133379641
1568133379652
1568133379664
1568133379676
1568133379687
1568133379699
1568133379712
1568133379725
1568133379737
1568133379750
1568133379762
