1568822846270
1568822846285
1568822846302
1568822846317
1568822846332
1568822846347
1568822846362
1568822846376
1568822846390
1568822846406
1568822846421
1568822846435
1568822846450
1568822846467
1568822846483
1568822846499
1568822846514
1568822846528
1568822846542
1568822846554
1568822846568
1568822846584
1568822846599
1568822846615
1568822846629
1568822846644
1568822846658
1568822846674
1568822846690
1568822846707
1568822846726
1568822846742
1568822846757
1568822846776
1568822846792
1568822846810
1568822846824
1568822846844
1568822846860
1568822846876
1568822846891
1568822846909
1568822846924
1568822846942
1568822846957
1568822846977
1568822846994
1568822847009
1568822847027
1568822847047
1568822847064
1568822847080
1568822847095
1568822847110
1568822847126
1568822847145
1568822847161
1568822847178
1568822847195
1568822847213
1568822847231
1568822847247
1568822847263
1568822847279
1568822847297
1568822847315
1568822847332
1568822847348
1568822847366
1568822847383
1568822847398
1568822847414
1568822847431
1568822847450
1568822847467
1568822847485
1568822847502
1568822847519
1568822847536
1568822847552
1568822847567
1568822847585
1568822847601
1568822847619
1568822847635
1568822847655
1568822847673
1568822847690
1568822847707
1568822847723
1568822847739
1568822847757
1568822847774
1568822847791
1568822847808
1568822847825
1568822847842
1568822847860
1568822847877
1568822847893
1568822847909
1568822847928
1568822847943
1568822847961
1568822847977
1568822847993
1568822848007
1568822848023
1568822848038
1568822848055
1568822848071
1568822848086
1568822848101
1568822848117
1568822848132
1568822848146
1568822848160
1568822848176
1568822848191
1568822848207
1568822848223
1568822848238
1568822848252
1568822848266
1568822848281
1568822848296
1568822848311
1568822848326
1568822848343
1568822848358
1568822848373
1568822848388
1568822848404
1568822848421
1568822848437
1568822848451
1568822848467
1568822848483
1568822848501
1568822848518
1568822848533
1568822848548
1568822848566
1568822848582
1568822848597
1568822848614
1568822848628
1568822848642
1568822848655
1568822848668
