1568822824303
1568822824319
1568822824335
1568822824350
1568822824366
1568822824381
1568822824395
1568822824408
1568822824422
1568822824435
1568822824449
1568822824464
1568822824479
1568822824496
1568822824511
1568822824526
1568822824539
1568822824554
1568822824569
1568822824584
1568822824599
1568822824614
1568822824628
1568822824644
1568822824659
1568822824674
1568822824689
1568822824705
1568822824719
1568822824733
1568822824748
1568822824763
1568822824778
1568822824794
1568822824810
1568822824824
1568822824839
1568822824857
1568822824871
1568822824885
1568822824899
1568822824916
1568822824931
1568822824947
1568822824960
1568822824973
1568822824989
1568822825006
1568822825022
1568822825037
1568822825054
1568822825071
1568822825087
1568822825105
1568822825120
1568822825134
1568822825147
1568822825161
1568822825175
1568822825192
1568822825208
1568822825225
1568822825240
1568822825254
1568822825269
1568822825285
1568822825299
1568822825315
1568822825331
1568822825346
1568822825361
1568822825376
1568822825391
1568822825407
1568822825422
1568822825440
1568822825457
1568822825474
1568822825492
1568822825507
1568822825522
1568822825539
1568822825555
1568822825572
1568822825588
1568822825604
1568822825620
1568822825637
1568822825651
1568822825667
1568822825682
1568822825745
1568822825793
1568822825828
1568822825854
1568822825875
1568822825894
1568822825911
1568822825929
1568822825944
1568822825958
1568822825973
1568822825988
1568822826005
1568822826020
1568822826038
1568822826055
1568822826072
1568822826087
1568822826105
1568822826122
1568822826139
1568822826155
1568822826172
1568822826189
1568822826205
1568822826220
1568822826237
1568822826253
1568822826268
1568822826283
1568822826299
1568822826313
1568822826329
1568822826345
1568822826361
1568822826376
1568822826392
1568822826408
1568822826423
1568822826440
1568822826457
1568822826472
1568822826489
1568822826506
1568822826521
1568822826536
1568822826549
1568822826565
1568822826581
1568822826596
1568822826613
1568822826631
1568822826647
1568822826664
1568822826680
1568822826697
1568822826712
1568822826727
1568822826743
