1568822829520
1568822829538
1568822829553
1568822829566
1568822829579
1568822829593
1568822829608
1568822829623
1568822829636
1568822829650
1568822829665
1568822829681
1568822829696
1568822829711
1568822829727
1568822829744
1568822829759
1568822829774
1568822829789
1568822829805
1568822829822
1568822829837
1568822829852
1568822829868
1568822829883
1568822829898
1568822829914
1568822829930
1568822829945
1568822829962
1568822829977
1568822829994
1568822830010
1568822830024
1568822830039
1568822830057
1568822830072
1568822830087
1568822830102
1568822830120
1568822830137
1568822830152
1568822830166
1568822830181
1568822830198
1568822830214
1568822830227
1568822830244
1568822830260
1568822830279
1568822830298
1568822830316
1568822830331
1568822830345
1568822830360
1568822830378
1568822830394
1568822830410
1568822830426
1568822830441
1568822830456
1568822830473
1568822830488
1568822830503
1568822830519
1568822830535
1568822830550
1568822830566
1568822830581
1568822830596
1568822830610
1568822830626
1568822830640
1568822830656
1568822830674
1568822830691
1568822830706
1568822830723
1568822830738
1568822830753
1568822830769
1568822830785
1568822830800
1568822830816
1568822830831
1568822830849
1568822830866
1568822830882
1568822830898
1568822830914
1568822830930
1568822830946
1568822830962
1568822830978
1568822830993
1568822831007
1568822831022
1568822831038
1568822831052
1568822831069
1568822831086
1568822831103
1568822831118
1568822831133
1568822831147
1568822831162
1568822831176
1568822831193
1568822831209
1568822831226
1568822831241
1568822831256
1568822831270
1568822831285
1568822831302
1568822831318
1568822831333
1568822831348
1568822831362
1568822831376
1568822831390
1568822831405
1568822831420
1568822831436
1568822831451
1568822831468
1568822831483
1568822831498
1568822831513
1568822831529
1568822831544
1568822831559
1568822831572
1568822831586
1568822831600
1568822831615
1568822831629
1568822831643
1568822831658
1568822831674
1568822831688
1568822831704
1568822831719
1568822831736
1568822831753
1568822831769
1568822831783
1568822831798
1568822831813
1568822831829
