1568993890317
1568993890328
1568993890340
1568993890351
1568993890361
1568993890372
1568993890383
1568993890395
1568993890405
1568993890416
1568993890427
1568993890438
1568993890450
1568993890462
1568993890476
1568993890489
1568993890501
1568993890511
1568993890523
1568993890535
1568993890546
1568993890557
1568993890568
1568993890580
1568993890591
1568993890603
1568993890615
1568993890627
1568993890638
1568993890649
1568993890660
1568993890673
1568993890683
1568993890694
1568993890705
1568993890716
1568993890728
1568993890740
1568993890752
1568993890763
1568993890774
1568993890786
1568993890797
1568993890807
1568993890818
1568993890830
1568993890840
1568993890852
1568993890864
1568993890877
1568993890888
1568993890899
1568993890910
1568993890922
1568993890932
1568993890944
1568993890956
1568993890966
1568993890977
1568993890989
1568993891001
1568993891013
1568993891024
1568993891035
1568993891047
1568993891058
1568993891069
1568993891081
1568993891093
1568993891104
1568993891116
1568993891128
1568993891140
1568993891152
1568993891163
1568993891176
1568993891188
1568993891201
1568993891212
1568993891224
1568993891235
1568993891247
1568993891259
1568993891270
1568993891282
1568993891297
1568993891309
1568993891321
1568993891332
1568993891345
1568993891357
1568993891369
1568993891382
1568993891394
1568993891406
1568993891418
1568993891430
1568993891444
1568993891457
1568993891471
1568993891483
1568993891496
1568993891509
1568993891522
1568993891535
1568993891548
1568993891560
1568993891573
1568993891586
1568993891600
1568993891613
1568993891626
1568993891638
1568993891650
1568993891662
1568993891675
1568993891687
1568993891700
1568993891713
1568993891726
1568993891739
1568993891752
1568993891765
1568993891778
1568993891791
1568993891803
1568993891815
1568993891827
1568993891839
1568993891851
1568993891863
1568993891876
1568993891889
1568993891902
1568993891915
1568993891927
1568993891938
1568993891950
1568993891962
1568993891974
1568993891986
1568993891997
1568993892009
1568993892020
1568993892032
1568993892044
1568993892055
1568993892066
1568993892079
1568993892094
