1568993918442
1568993918456
1568993918470
1568993918483
1568993918496
1568993918509
1568993918521
1568993918532
1568993918544
1568993918556
1568993918568
1568993918580
1568993918592
1568993918606
1568993918620
1568993918632
1568993918645
1568993918659
1568993918671
1568993918684
1568993918696
1568993918708
1568993918722
1568993918734
1568993918750
1568993918763
1568993918774
1568993918787
1568993918803
1568993918817
1568993918830
1568993918842
1568993918852
1568993918864
1568993918876
1568993918886
1568993918898
1568993918910
1568993918922
1568993918935
1568993918945
1568993918958
1568993918970
1568993918983
1568993918995
1568993919010
1568993919022
1568993919035
1568993919047
1568993919059
1568993919070
1568993919083
1568993919095
1568993919108
1568993919121
1568993919133
1568993919144
1568993919157
1568993919172
1568993919186
1568993919199
1568993919212
1568993919225
1568993919266
1568993919328
1568993919368
1568993919393
1568993919412
1568993919429
1568993919444
1568993919458
1568993919474
1568993919488
1568993919501
1568993919514
1568993919526
1568993919539
1568993919552
1568993919566
1568993919578
1568993919590
1568993919602
1568993919614
1568993919626
1568993919639
1568993919653
1568993919667
1568993919681
1568993919695
1568993919710
1568993919723
1568993919736
1568993919748
1568993919760
1568993919774
1568993919787
1568993919801
1568993919814
1568993919826
1568993919839
1568993919853
1568993919867
1568993919881
1568993919893
1568993919906
1568993919919
1568993919932
1568993919945
1568993919958
1568993919973
1568993919986
1568993920000
1568993920014
1568993920028
1568993920041
1568993920054
1568993920067
1568993920081
1568993920093
1568993920107
1568993920123
1568993920139
1568993920152
1568993920166
1568993920178
1568993920191
1568993920204
1568993920216
1568993920227
1568993920239
1568993920250
1568993920261
1568993920273
1568993920286
1568993920298
1568993920311
1568993920324
1568993920337
1568993920352
1568993920366
1568993920379
1568993920391
1568993920404
1568993920417
1568993920431
1568993920445
1568993920459
1568993920473
1568993920486
1568993920498
