1568993896721
1568993896734
1568993896749
1568993896761
1568993896774
1568993896785
1568993896797
1568993896809
1568993896821
1568993896832
1568993896844
1568993896856
1568993896867
1568993896879
1568993896921
1568993896971
1568993897008
1568993897036
1568993897056
1568993897073
1568993897090
1568993897105
1568993897119
1568993897133
1568993897146
1568993897158
1568993897171
1568993897183
1568993897195
1568993897207
1568993897219
1568993897232
1568993897243
1568993897254
1568993897266
1568993897278
1568993897291
1568993897303
1568993897314
1568993897326
1568993897338
1568993897350
1568993897362
1568993897373
1568993897385
1568993897397
1568993897409
1568993897420
1568993897432
1568993897445
1568993897458
1568993897472
1568993897484
1568993897497
1568993897510
1568993897523
1568993897535
1568993897548
1568993897560
1568993897572
1568993897584
1568993897596
1568993897608
1568993897620
1568993897631
1568993897643
1568993897655
1568993897668
1568993897681
1568993897694
1568993897707
1568993897721
1568993897735
1568993897748
1568993897760
1568993897773
1568993897785
1568993897799
1568993897812
1568993897826
1568993897839
1568993897852
1568993897865
1568993897879
1568993897892
1568993897906
1568993897918
1568993897932
1568993897946
1568993897960
1568993897972
1568993897984
1568993897997
1568993898010
1568993898022
1568993898035
1568993898048
1568993898062
1568993898075
1568993898088
1568993898100
1568993898114
1568993898126
1568993898139
1568993898152
1568993898164
1568993898176
1568993898188
1568993898201
1568993898214
1568993898226
1568993898239
1568993898251
1568993898264
1568993898276
1568993898289
1568993898300
1568993898313
1568993898325
1568993898338
1568993898350
1568993898364
1568993898375
1568993898387
1568993898398
1568993898410
1568993898422
1568993898435
1568993898447
1568993898459
1568993898471
1568993898484
1568993898497
1568993898511
1568993898524
1568993898536
1568993898548
1568993898560
1568993898572
1568993898583
1568993898597
1568993898609
1568993898623
1568993898636
1568993898650
1568993898664
1568993898676
1568993898688
1568993898701
1568993898714
