1568993928661
1568993928674
1568993928690
1568993928703
1568993928716
1568993928730
1568993928743
1568993928756
1568993928771
1568993928784
1568993928797
1568993928810
1568993928823
1568993928837
1568993928850
1568993928863
1568993928877
1568993928890
1568993928903
1568993928917
1568993928930
1568993928942
1568993928955
1568993928968
1568993928981
1568993928996
1568993929008
1568993929021
1568993929035
1568993929047
1568993929058
1568993929069
1568993929081
1568993929093
1568993929103
1568993929117
1568993929129
1568993929142
1568993929155
1568993929167
1568993929179
1568993929193
1568993929207
1568993929221
1568993929234
1568993929246
1568993929257
1568993929271
1568993929285
1568993929299
1568993929311
1568993929323
1568993929336
1568993929350
1568993929362
1568993929373
1568993929384
1568993929396
1568993929406
1568993929418
1568993929429
1568993929442
1568993929455
1568993929471
1568993929484
1568993929497
1568993929510
1568993929523
1568993929534
1568993929546
1568993929556
1568993929569
1568993929582
1568993929649
1568993929694
1568993929722
1568993929745
1568993929766
1568993929783
1568993929799
1568993929814
1568993929829
1568993929841
1568993929853
1568993929865
1568993929879
1568993929892
1568993929905
1568993929918
1568993929931
1568993929945
1568993929958
1568993929970
1568993929983
1568993929996
1568993930010
1568993930023
1568993930036
1568993930050
1568993930065
1568993930079
1568993930093
1568993930106
1568993930120
1568993930134
1568993930148
1568993930162
1568993930175
1568993930188
1568993930203
1568993930215
1568993930230
1568993930243
1568993930255
1568993930266
1568993930279
1568993930291
1568993930305
1568993930318
1568993930331
1568993930345
1568993930359
1568993930372
1568993930386
1568993930398
1568993930411
1568993930424
1568993930438
1568993930450
1568993930463
1568993930475
1568993930488
1568993930503
1568993930517
1568993930529
1568993930542
1568993930554
1568993930565
1568993930578
1568993930592
1568993930605
1568993930618
1568993930630
1568993930644
1568993930657
1568993930670
1568993930685
1568993930699
1568993930711
1568993930724
