1568738534066
1568738534080
1568738534096
1568738534110
1568738534123
1568738534136
1568738534149
1568738534161
1568738534175
1568738534189
1568738534202
1568738534215
1568738534228
1568738534242
1568738534255
1568738534269
1568738534283
1568738534297
1568738534310
1568738534325
1568738534340
1568738534355
1568738534369
1568738534383
1568738534397
1568738534413
1568738534427
1568738534440
1568738534455
1568738534469
1568738534483
1568738534497
1568738534511
1568738534524
1568738534540
1568738534556
1568738534570
1568738534584
1568738534597
1568738534609
1568738534623
1568738534637
1568738534650
1568738534663
1568738534677
1568738534691
1568738534704
1568738534721
1568738534734
1568738534748
1568738534763
1568738534777
1568738534791
1568738534804
1568738534819
1568738534834
1568738534848
1568738534861
1568738534874
1568738534887
1568738534900
1568738534914
1568738534928
1568738534943
1568738534957
1568738534971
1568738534985
1568738535000
1568738535013
1568738535027
1568738535039
1568738535053
1568738535067
1568738535082
1568738535097
1568738535109
1568738535122
1568738535136
1568738535149
1568738535162
1568738535174
1568738535187
1568738535202
1568738535217
1568738535232
1568738535246
1568738535261
1568738535275
1568738535288
1568738535303
1568738535317
1568738535330
1568738535343
1568738535355
1568738535368
1568738535381
1568738535395
1568738535408
1568738535421
1568738535434
1568738535447
1568738535459
1568738535473
1568738535485
1568738535498
1568738535512
1568738535525
1568738535539
1568738535552
1568738535566
1568738535578
1568738535591
1568738535605
1568738535619
1568738535631
1568738535643
1568738535655
1568738535668
1568738535681
1568738535693
1568738535706
1568738535719
1568738535730
1568738535743
1568738535755
1568738535767
1568738535781
1568738535795
1568738535808
1568738535822
1568738535835
1568738535848
1568738535860
1568738535873
1568738535888
1568738535901
1568738535913
1568738535925
1568738535938
1568738535951
1568738535964
1568738535976
1568738535989
1568738536004
1568738536020
1568738536035
1568738536048
1568738536061
1568738536073
1568738536089
