1568738525758
1568738525772
1568738525789
1568738525804
1568738525818
1568738525832
1568738525846
1568738525858
1568738525872
1568738525885
1568738525899
1568738525913
1568738525927
1568738525941
1568738525955
1568738525970
1568738525984
1568738525998
1568738526011
1568738526024
1568738526037
1568738526051
1568738526064
1568738526078
1568738526092
1568738526105
1568738526118
1568738526131
1568738526144
1568738526157
1568738526170
1568738526184
1568738526200
1568738526214
1568738526227
1568738526239
1568738526253
1568738526268
1568738526281
1568738526294
1568738526308
1568738526322
1568738526335
1568738526348
1568738526360
1568738526373
1568738526386
1568738526400
1568738526415
1568738526430
1568738526444
1568738526457
1568738526472
1568738526487
1568738526502
1568738526516
1568738526529
1568738526544
1568738526557
1568738526573
1568738526587
1568738526602
1568738526615
1568738526628
1568738526641
1568738526657
1568738526671
1568738526685
1568738526697
1568738526710
1568738526727
1568738526741
1568738526755
1568738526768
1568738526782
1568738526795
1568738526809
1568738526824
1568738526837
1568738526852
1568738526866
1568738526880
1568738526894
1568738526910
1568738526924
1568738526940
1568738526955
1568738526971
1568738526985
1568738527001
1568738527016
1568738527030
1568738527044
1568738527058
1568738527074
1568738527089
1568738527104
1568738527119
1568738527133
1568738527148
1568738527162
1568738527177
1568738527192
1568738527208
1568738527224
1568738527240
1568738527255
1568738527270
1568738527286
1568738527303
1568738527319
1568738527333
1568738527347
1568738527362
1568738527376
1568738527393
1568738527407
1568738527421
1568738527435
1568738527449
1568738527464
1568738527478
1568738527494
1568738527509
1568738527524
1568738527539
1568738527553
1568738527567
1568738527580
1568738527595
1568738527610
1568738527626
1568738527641
1568738527656
1568738527671
1568738527688
1568738527703
1568738527718
1568738527733
1568738527747
1568738527761
1568738527775
1568738527788
1568738527803
1568738527817
1568738527834
1568738527849
1568738527864
1568738527878
1568738527893
