1568738503159
1568738503173
1568738503189
1568738503202
1568738503216
1568738503229
1568738503245
1568738503260
1568738503275
1568738503290
1568738503306
1568738503321
1568738503334
1568738503348
1568738503362
1568738503376
1568738503391
1568738503406
1568738503420
1568738503434
1568738503449
1568738503463
1568738503477
1568738503492
1568738503506
1568738503520
1568738503534
1568738503549
1568738503565
1568738503582
1568738503597
1568738503610
1568738503624
1568738503639
1568738503655
1568738503670
1568738503686
1568738503702
1568738503717
1568738503730
1568738503743
1568738503756
1568738503816
1568738503877
1568738503911
1568738503932
1568738503953
1568738503970
1568738503987
1568738504001
1568738504015
1568738504027
1568738504040
1568738504053
1568738504066
1568738504079
1568738504092
1568738504105
1568738504119
1568738504132
1568738504145
1568738504159
1568738504171
1568738504186
1568738504199
1568738504212
1568738504225
1568738504239
1568738504254
1568738504269
1568738504282
1568738504295
1568738504310
1568738504326
1568738504340
1568738504355
1568738504368
1568738504382
1568738504397
1568738504411
1568738504427
1568738504442
1568738504456
1568738504470
1568738504484
1568738504499
1568738504514
1568738504529
1568738504544
1568738504558
1568738504572
1568738504586
1568738504599
1568738504613
1568738504628
1568738504642
1568738504657
1568738504675
1568738504691
1568738504707
1568738504723
1568738504740
1568738504757
1568738504775
1568738504791
1568738504806
1568738504821
1568738504836
1568738504851
1568738504867
1568738504883
1568738504898
1568738504912
1568738504927
1568738504942
1568738504956
1568738504971
1568738504986
1568738505000
1568738505014
1568738505029
1568738505046
1568738505060
1568738505073
1568738505088
1568738505102
1568738505116
1568738505129
1568738505143
1568738505157
1568738505170
1568738505183
1568738505196
1568738505210
1568738505224
1568738505237
1568738505250
1568738505263
1568738505277
1568738505290
1568738505303
1568738505317
1568738505332
1568738505345
1568738505359
1568738505372
1568738505385
1568738505399
1568738505413
1568738505428
