1568738478495
1568738478508
1568738478523
1568738478535
1568738478547
1568738478560
1568738478573
1568738478586
1568738478598
1568738478612
1568738478624
1568738478636
1568738478648
1568738478661
1568738478674
1568738478686
1568738478698
1568738478710
1568738478722
1568738478734
1568738478746
1568738478758
1568738478770
1568738478783
1568738478795
1568738478808
1568738478820
1568738478833
1568738478845
1568738478857
1568738478869
1568738478881
1568738478893
1568738478905
1568738478916
1568738478928
1568738478939
1568738478952
1568738478964
1568738478980
1568738478993
1568738479006
1568738479018
1568738479031
1568738479043
1568738479055
1568738479067
1568738479080
1568738479093
1568738479106
1568738479119
1568738479132
1568738479144
1568738479157
1568738479168
1568738479180
1568738479192
1568738479205
1568738479217
1568738479230
1568738479243
1568738479256
1568738479268
1568738479282
1568738479295
1568738479309
1568738479323
1568738479336
1568738479349
1568738479362
1568738479375
1568738479389
1568738479402
1568738479415
1568738479428
1568738479441
1568738479454
1568738479468
1568738479481
1568738479495
1568738479508
1568738479521
1568738479534
1568738479547
1568738479561
1568738479576
1568738479590
1568738479604
1568738479617
1568738479631
1568738479645
1568738479660
1568738479673
1568738479688
1568738479703
1568738479717
1568738479731
1568738479747
1568738479760
1568738479775
1568738479789
1568738479803
1568738479817
1568738479831
1568738479844
1568738479857
1568738479870
1568738479884
1568738479898
1568738479913
1568738479927
1568738479941
1568738479954
1568738479968
1568738479982
1568738479995
1568738480008
1568738480021
1568738480033
1568738480045
1568738480058
1568738480072
1568738480085
1568738480097
1568738480110
1568738480122
1568738480135
1568738480149
1568738480162
1568738480174
1568738480186
1568738480199
1568738480211
1568738480224
1568738480236
1568738480250
1568738480263
1568738480276
1568738480290
1568738480302
1568738480315
1568738480328
1568738480341
1568738480355
1568738480368
1568738480382
1568738480395
1568738480408
1568738480420
1568738480432
