1568738497990
1568738498003
1568738498019
1568738498033
1568738498047
1568738498060
1568738498074
1568738498088
1568738498101
1568738498115
1568738498129
1568738498142
1568738498156
1568738498172
1568738498187
1568738498201
1568738498216
1568738498231
1568738498245
1568738498258
1568738498271
1568738498284
1568738498297
1568738498311
1568738498324
1568738498339
1568738498352
1568738498366
1568738498380
1568738498393
1568738498406
1568738498420
1568738498433
1568738498446
1568738498459
1568738498474
1568738498488
1568738498502
1568738498515
1568738498527
1568738498544
1568738498559
1568738498573
1568738498587
1568738498602
1568738498616
1568738498631
1568738498645
1568738498659
1568738498675
1568738498687
1568738498700
1568738498713
1568738498730
1568738498745
1568738498760
1568738498773
1568738498788
1568738498803
1568738498820
1568738498835
1568738498850
1568738498863
1568738498876
1568738498890
1568738498906
1568738498921
1568738498935
1568738498950
1568738498964
1568738498978
1568738498992
1568738499005
1568738499020
1568738499035
1568738499050
1568738499064
1568738499078
1568738499092
1568738499107
1568738499121
1568738499135
1568738499148
1568738499163
1568738499178
1568738499192
1568738499209
1568738499224
1568738499239
1568738499253
1568738499268
1568738499283
1568738499297
1568738499310
1568738499324
1568738499340
1568738499357
1568738499373
1568738499388
1568738499402
1568738499417
1568738499432
1568738499446
1568738499460
1568738499474
1568738499490
1568738499505
1568738499520
1568738499534
1568738499548
1568738499563
1568738499578
1568738499593
1568738499608
1568738499622
1568738499637
1568738499653
1568738499669
1568738499683
1568738499697
1568738499712
1568738499728
1568738499744
1568738499760
1568738499773
1568738499788
1568738499801
1568738499815
1568738499828
1568738499841
1568738499854
1568738499867
1568738499881
1568738499895
1568738499909
1568738499922
1568738499936
1568738499951
1568738499965
1568738499979
1568738499992
1568738500005
1568738500019
1568738500033
1568738500047
1568738500061
1568738500075
1568738500090
1568738500104
1568738500118
