1568738483126
1568738483139
1568738483154
1568738483168
1568738483181
1568738483193
1568738483205
1568738483216
1568738483227
1568738483239
1568738483250
1568738483263
1568738483276
1568738483289
1568738483302
1568738483315
1568738483329
1568738483342
1568738483354
1568738483366
1568738483380
1568738483394
1568738483407
1568738483421
1568738483434
1568738483449
1568738483462
1568738483477
1568738483490
1568738483504
1568738483516
1568738483529
1568738483542
1568738483554
1568738483567
1568738483580
1568738483596
1568738483609
1568738483621
1568738483633
1568738483646
1568738483658
1568738483671
1568738483683
1568738483697
1568738483709
1568738483723
1568738483737
1568738483750
1568738483765
1568738483778
1568738483794
1568738483807
1568738483821
1568738483833
1568738483845
1568738483857
1568738483870
1568738483882
1568738483894
1568738483907
1568738483921
1568738483934
1568738483948
1568738483961
1568738483974
1568738483987
1568738484000
1568738484012
1568738484026
1568738484038
1568738484051
1568738484064
1568738484078
1568738484091
1568738484104
1568738484117
1568738484131
1568738484144
1568738484157
1568738484170
1568738484183
1568738484197
1568738484210
1568738484224
1568738484238
1568738484251
1568738484265
1568738484278
1568738484292
1568738484306
1568738484319
1568738484332
1568738484345
1568738484358
1568738484372
1568738484387
1568738484402
1568738484415
1568738484429
1568738484442
1568738484456
1568738484470
1568738484484
1568738484497
1568738484511
1568738484525
1568738484539
1568738484553
1568738484567
1568738484580
1568738484595
1568738484610
1568738484624
1568738484639
1568738484653
1568738484667
1568738484679
1568738484692
1568738484704
1568738484717
1568738484731
1568738484743
1568738484756
1568738484768
1568738484781
1568738484794
1568738484807
1568738484820
1568738484833
1568738484846
1568738484859
1568738484872
1568738484886
1568738484898
1568738484912
1568738484926
1568738484939
1568738484953
1568738484966
1568738484980
1568738484994
1568738485008
1568738485022
1568738485037
1568738485051
1568738485063
1568738485075
1568738485087
1568738485100
