1568994965766
1568994965780
1568994965795
1568994965807
1568994965820
1568994965833
1568994965845
1568994965858
1568994965869
1568994965882
1568994965895
1568994965909
1568994965924
1568994965939
1568994965954
1568994965968
1568994965982
1568994965996
1568994966007
1568994966021
1568994966035
1568994966048
1568994966060
1568994966073
1568994966088
1568994966103
1568994966117
1568994966131
1568994966147
1568994966161
1568994966175
1568994966189
1568994966203
1568994966216
1568994966228
1568994966241
1568994966254
1568994966267
1568994966279
1568994966291
1568994966303
1568994966315
1568994966328
1568994966340
1568994966353
1568994966366
1568994966379
1568994966392
1568994966405
1568994966418
1568994966431
1568994966444
1568994966455
1568994966468
1568994966481
1568994966493
1568994966506
1568994966519
1568994966531
1568994966543
1568994966557
1568994966571
1568994966584
1568994966598
1568994966610
1568994966623
1568994966636
1568994966650
1568994966663
1568994966677
1568994966689
1568994966702
1568994966715
1568994966730
1568994966743
1568994966756
1568994966769
1568994966782
1568994966795
1568994966808
1568994966821
1568994966835
1568994966848
1568994966860
1568994966874
1568994966887
1568994966902
1568994966916
1568994966930
1568994966943
1568994966957
1568994966971
1568994966986
1568994966999
1568994967013
1568994967027
1568994967041
1568994967055
1568994967069
1568994967083
1568994967097
1568994967110
1568994967123
1568994967137
1568994967151
1568994967165
1568994967178
1568994967193
1568994967207
1568994967221
1568994967235
1568994967250
1568994967264
1568994967277
1568994967290
1568994967304
1568994967317
1568994967330
1568994967343
1568994967356
1568994967371
1568994967386
1568994967399
1568994967412
1568994967424
1568994967438
1568994967451
1568994967464
1568994967477
1568994967491
1568994967505
1568994967519
1568994967533
1568994967548
1568994967561
1568994967574
1568994967587
1568994967601
1568994967614
1568994967629
1568994967643
1568994967657
1568994967670
1568994967682
1568994967695
1568994967709
1568994967723
1568994967735
1568994967747
1568994967759
