1568994984270
1568994984285
1568994984300
1568994984313
1568994984326
1568994984340
1568994984352
1568994984366
1568994984378
1568994984391
1568994984405
1568994984418
1568994984431
1568994984444
1568994984457
1568994984470
1568994984483
1568994984495
1568994984507
1568994984520
1568994984532
1568994984545
1568994984558
1568994984571
1568994984583
1568994984597
1568994984611
1568994984625
1568994984639
1568994984652
1568994984665
1568994984678
1568994984689
1568994984701
1568994984715
1568994984727
1568994984741
1568994984756
1568994984769
1568994984782
1568994984794
1568994984808
1568994984821
1568994984833
1568994984847
1568994984859
1568994984871
1568994984883
1568994984897
1568994984912
1568994984929
1568994984944
1568994984957
1568994985014
1568994985064
1568994985099
1568994985125
1568994985145
1568994985163
1568994985178
1568994985194
1568994985208
1568994985222
1568994985235
1568994985247
1568994985260
1568994985271
1568994985284
1568994985296
1568994985309
1568994985323
1568994985336
1568994985349
1568994985364
1568994985377
1568994985390
1568994985403
1568994985415
1568994985428
1568994985441
1568994985455
1568994985469
1568994985481
1568994985494
1568994985507
1568994985521
1568994985534
1568994985547
1568994985561
1568994985575
1568994985588
1568994985602
1568994985616
1568994985631
1568994985645
1568994985659
1568994985674
1568994985688
1568994985702
1568994985716
1568994985729
1568994985743
1568994985757
1568994985772
1568994985786
1568994985800
1568994985814
1568994985828
1568994985842
1568994985856
1568994985868
1568994985880
1568994985892
1568994985904
1568994985916
1568994985928
1568994985943
1568994985957
1568994985971
1568994985983
1568994985996
1568994986010
1568994986025
1568994986039
1568994986053
1568994986066
1568994986079
1568994986093
1568994986107
1568994986120
1568994986132
1568994986145
1568994986159
1568994986173
1568994986185
1568994986198
1568994986211
1568994986226
1568994986239
1568994986253
1568994986266
1568994986280
1568994986291
1568994986303
1568994986316
1568994986329
1568994986341
1568994986354
1568994986367
1568994986381
