1568994943410
1568994943424
1568994943439
1568994943452
1568994943466
1568994943480
1568994943500
1568994943513
1568994943525
1568994943537
1568994943549
1568994943562
1568994943574
1568994943587
1568994943599
1568994943612
1568994943624
1568994943636
1568994943648
1568994943661
1568994943672
1568994943684
1568994943696
1568994943708
1568994943721
1568994943734
1568994943749
1568994943762
1568994943775
1568994943787
1568994943798
1568994943810
1568994943822
1568994943834
1568994943847
1568994943860
1568994943873
1568994943886
1568994943898
1568994943910
1568994943922
1568994943935
1568994943947
1568994943960
1568994943972
1568994943985
1568994943998
1568994944011
1568994944022
1568994944035
1568994944047
1568994944060
1568994944072
1568994944084
1568994944097
1568994944109
1568994944120
1568994944132
1568994944145
1568994944158
1568994944171
1568994944185
1568994944197
1568994944210
1568994944222
1568994944235
1568994944248
1568994944261
1568994944273
1568994944285
1568994944297
1568994944310
1568994944323
1568994944337
1568994944350
1568994944362
1568994944376
1568994944389
1568994944402
1568994944415
1568994944428
1568994944440
1568994944453
1568994944466
1568994944479
1568994944494
1568994944507
1568994944521
1568994944534
1568994944547
1568994944560
1568994944574
1568994944587
1568994944600
1568994944613
1568994944626
1568994944639
1568994944654
1568994944667
1568994944681
1568994944695
1568994944709
1568994944723
1568994944736
1568994944750
1568994944764
1568994944777
1568994944791
1568994944804
1568994944818
1568994944833
1568994944847
1568994944861
1568994944875
1568994944888
1568994944902
1568994944915
1568994944928
1568994944941
1568994944954
1568994944968
1568994944982
1568994944996
1568994945009
1568994945021
1568994945035
1568994945051
1568994945064
1568994945076
1568994945089
1568994945102
1568994945114
1568994945127
1568994945141
1568994945154
1568994945167
1568994945179
1568994945192
1568994945205
1568994945219
1568994945231
1568994945244
1568994945256
1568994945269
1568994945282
1568994945295
1568994945307
1568994945319
1568994945330
1568994945342
