1568391672540
1568391672557
1568391672574
1568391672589
1568391672605
1568391672620
1568391672635
1568391672650
1568391672666
1568391672681
1568391672696
1568391672712
1568391672727
1568391672745
1568391672761
1568391672777
1568391672794
1568391672810
1568391672824
1568391672841
1568391672856
1568391672871
1568391672885
1568391672901
1568391672917
1568391672932
1568391672949
1568391672964
1568391672979
1568391672997
1568391673012
1568391673028
1568391673043
1568391673058
1568391673075
1568391673089
1568391673105
1568391673122
1568391673137
1568391673154
1568391673169
1568391673186
1568391673201
1568391673217
1568391673235
1568391673254
1568391673270
1568391673287
1568391673304
1568391673321
1568391673338
1568391673355
1568391673372
1568391673388
1568391673405
1568391673423
1568391673439
1568391673457
1568391673474
1568391673491
1568391673508
1568391673526
1568391673543
1568391673560
1568391673577
1568391673594
1568391673610
1568391673627
1568391673644
1568391673661
1568391673677
1568391673693
1568391673710
1568391673727
1568391673745
1568391673762
1568391673779
1568391673796
1568391673813
1568391673831
1568391673849
1568391673865
1568391673882
1568391673899
1568391673916
1568391673934
1568391673951
1568391673969
1568391673986
1568391674004
1568391674021
1568391674038
1568391674056
1568391674073
1568391674090
1568391674107
1568391674124
1568391674141
1568391674159
1568391674178
1568391674194
1568391674212
1568391674229
1568391674248
1568391674266
1568391674283
1568391674301
1568391674318
1568391674334
1568391674352
1568391674369
1568391674385
1568391674403
1568391674418
1568391674434
1568391674450
1568391674465
1568391674481
1568391674497
1568391674512
1568391674528
1568391674547
1568391674562
1568391674578
1568391674594
1568391674609
1568391674625
1568391674642
1568391674659
1568391674675
1568391674691
1568391674708
1568391674724
1568391674742
1568391674759
1568391674775
1568391674792
1568391674808
1568391674824
1568391674841
1568391674857
1568391674873
1568391674888
1568391674905
1568391674923
1568391674940
1568391674957
1568391674972
1568391674989
1568391675004
