1568391647896
1568391647913
1568391647931
1568391647948
1568391647963
1568391647979
1568391647996
1568391648012
1568391648028
1568391648044
1568391648060
1568391648077
1568391648096
1568391648113
1568391648129
1568391648147
1568391648164
1568391648184
1568391648202
1568391648219
1568391648236
1568391648253
1568391648268
1568391648286
1568391648302
1568391648320
1568391648338
1568391648354
1568391648371
1568391648386
1568391648402
1568391648418
1568391648433
1568391648450
1568391648466
1568391648482
1568391648497
1568391648516
1568391648534
1568391648550
1568391648568
1568391648584
1568391648601
1568391648617
1568391648635
1568391648652
1568391648668
1568391648685
1568391648703
1568391648722
1568391648742
1568391648762
1568391648781
1568391648801
1568391648821
1568391648840
1568391648860
1568391648879
1568391648896
1568391648914
1568391648931
1568391648950
1568391648968
1568391648986
1568391649003
1568391649020
1568391649037
1568391649055
1568391649072
1568391649089
1568391649106
1568391649124
1568391649142
1568391649161
1568391649180
1568391649199
1568391649216
1568391649234
1568391649252
1568391649270
1568391649287
1568391649306
1568391649324
1568391649342
1568391649360
1568391649379
1568391649398
1568391649416
1568391649435
1568391649453
1568391649470
1568391649488
1568391649507
1568391649524
1568391649542
1568391649561
1568391649579
1568391649598
1568391649616
1568391649635
1568391649654
1568391649672
1568391649690
1568391649707
1568391649724
1568391649741
1568391649758
1568391649775
1568391649792
1568391649811
1568391649827
1568391649845
1568391649861
1568391649878
1568391649894
1568391649911
1568391649926
1568391649943
1568391649959
1568391649976
1568391649993
1568391650011
1568391650027
1568391650044
1568391650061
1568391650078
1568391650094
1568391650110
1568391650127
1568391650143
1568391650159
1568391650175
1568391650191
1568391650209
1568391650226
1568391650243
1568391650260
1568391650276
1568391650293
1568391650308
1568391650325
1568391650341
1568391650359
1568391650375
1568391650393
1568391650411
1568391650427
1568391650445
1568391650462
1568391650478
