1568391619573
1568391619586
1568391619600
1568391619613
1568391619626
1568391619638
1568391619651
1568391619663
1568391619676
1568391619689
1568391619701
1568391619714
1568391619727
1568391619741
1568391619754
1568391619767
1568391619779
1568391619792
1568391619805
1568391619818
1568391619831
1568391619844
1568391619856
1568391619869
1568391619882
1568391619896
1568391619909
1568391619922
1568391619935
1568391619948
1568391619961
1568391619974
1568391619986
1568391619999
1568391620012
1568391620025
1568391620038
1568391620052
1568391620065
1568391620078
1568391620091
1568391620104
1568391620118
1568391620131
1568391620144
1568391620157
1568391620170
1568391620183
1568391620197
1568391620210
1568391620223
1568391620236
1568391620249
1568391620262
1568391620275
1568391620288
1568391620301
1568391620314
1568391620326
1568391620339
1568391620352
1568391620367
1568391620380
1568391620394
1568391620407
1568391620421
1568391620434
1568391620448
1568391620460
1568391620473
1568391620487
1568391620500
1568391620514
1568391620528
1568391620543
1568391620557
1568391620571
1568391620586
1568391620600
1568391620614
1568391620628
1568391620644
1568391620658
1568391620671
1568391620685
1568391620700
1568391620715
1568391620730
1568391620744
1568391620759
1568391620773
1568391620787
1568391620801
1568391620816
1568391620830
1568391620844
1568391620858
1568391620873
1568391620887
1568391620902
1568391620914
1568391620928
1568391620942
1568391620956
1568391620970
1568391620984
1568391620998
1568391621012
1568391621026
1568391621041
1568391621056
1568391621070
1568391621084
1568391621098
1568391621111
1568391621125
1568391621138
1568391621150
1568391621163
1568391621176
1568391621188
1568391621202
1568391621215
1568391621228
1568391621241
1568391621254
1568391621267
1568391621280
1568391621292
1568391621305
1568391621319
1568391621332
1568391621346
1568391621359
1568391621372
1568391621386
1568391621399
1568391621411
1568391621424
1568391621437
1568391621449
1568391621462
1568391621474
1568391621487
1568391621500
1568391621513
1568391621526
1568391621540
1568391621554
1568391621568
