1568391653300
1568391653317
1568391653335
1568391653352
1568391653367
1568391653383
1568391653399
1568391653415
1568391653430
1568391653446
1568391653462
1568391653478
1568391653495
1568391653512
1568391653528
1568391653544
1568391653561
1568391653576
1568391653594
1568391653611
1568391653627
1568391653644
1568391653661
1568391653677
1568391653694
1568391653712
1568391653728
1568391653746
1568391653764
1568391653779
1568391653798
1568391653815
1568391653830
1568391653848
1568391653864
1568391653881
1568391653898
1568391653916
1568391653932
1568391653949
1568391653965
1568391653981
1568391653997
1568391654015
1568391654030
1568391654047
1568391654064
1568391654081
1568391654099
1568391654116
1568391654133
1568391654149
1568391654168
1568391654187
1568391654206
1568391654223
1568391654240
1568391654259
1568391654277
1568391654295
1568391654314
1568391654332
1568391654351
1568391654368
1568391654385
1568391654404
1568391654422
1568391654439
1568391654457
1568391654475
1568391654492
1568391654510
1568391654527
1568391654547
1568391654566
1568391654584
1568391654602
1568391654621
1568391654639
1568391654656
1568391654674
1568391654692
1568391654711
1568391654728
1568391654747
1568391654766
1568391654784
1568391654801
1568391654819
1568391654837
1568391654854
1568391654872
1568391654889
1568391654907
1568391654924
1568391654942
1568391654959
1568391654978
1568391654997
1568391655016
1568391655033
1568391655051
1568391655069
1568391655086
1568391655101
1568391655119
1568391655136
1568391655153
1568391655169
1568391655188
1568391655205
1568391655221
1568391655238
1568391655254
1568391655270
1568391655286
1568391655302
1568391655318
1568391655333
1568391655350
1568391655366
1568391655383
1568391655401
1568391655418
1568391655436
1568391655452
1568391655470
1568391655489
1568391655504
1568391655522
1568391655538
1568391655556
1568391655571
1568391655590
1568391655608
1568391655624
1568391655642
1568391655659
1568391655675
1568391655694
1568391655712
1568391655729
1568391655746
1568391655762
1568391655778
1568391655795
1568391655813
1568391655830
1568391655847
1568391655863
