1568391651489
1568391651505
1568391651523
1568391651539
1568391651555
1568391651571
1568391651586
1568391651603
1568391651617
1568391651634
1568391651650
1568391651666
1568391651682
1568391651699
1568391651716
1568391651732
1568391651748
1568391651765
1568391651780
1568391651798
1568391651820
1568391651838
1568391651855
1568391651873
1568391651903
1568391651924
1568391651946
1568391651966
1568391651983
1568391652004
1568391652019
1568391652035
1568391652054
1568391652070
1568391652086
1568391652104
1568391652121
1568391652138
1568391652157
1568391652175
1568391652191
1568391652209
1568391652226
1568391652244
1568391652261
1568391652279
1568391652295
1568391652313
1568391652330
1568391652348
1568391652366
1568391652386
1568391652406
1568391652426
1568391652446
1568391652465
1568391652483
1568391652502
1568391652519
1568391652536
1568391652556
1568391652573
1568391652591
1568391652611
1568391652628
1568391652647
1568391652665
1568391652682
1568391652701
1568391652720
1568391652738
1568391652758
1568391652775
1568391652794
1568391652813
1568391652831
1568391652850
1568391652868
1568391652885
1568391652906
1568391652923
1568391652943
1568391652962
1568391652981
1568391653000
1568391653020
1568391653038
1568391653058
1568391653075
1568391653094
1568391653113
1568391653130
1568391653152
1568391653171
1568391653191
1568391653213
1568391653232
1568391653254
1568391653273
1568391653291
1568391653308
1568391653324
1568391653341
1568391653360
1568391653376
1568391653392
1568391653410
1568391653426
1568391653443
1568391653462
1568391653478
1568391653495
1568391653511
1568391653528
1568391653545
1568391653563
1568391653579
1568391653600
1568391653616
1568391653634
1568391653651
1568391653669
1568391653687
1568391653704
1568391653722
1568391653739
1568391653759
1568391653776
1568391653793
1568391653810
1568391653826
1568391653843
1568391653860
1568391653880
1568391653899
1568391653918
1568391653936
1568391653955
1568391653971
1568391653989
1568391654006
1568391654023
1568391654039
1568391654057
1568391654074
1568391654093
1568391654110
1568391654127
1568391654144
1568391654161
