1568391649700
1568391649716
1568391649734
1568391649751
1568391649767
1568391649783
1568391649800
1568391649816
1568391649832
1568391649849
1568391649865
1568391649881
1568391649897
1568391649914
1568391649930
1568391649946
1568391649962
1568391649978
1568391649994
1568391650011
1568391650028
1568391650045
1568391650061
1568391650077
1568391650094
1568391650112
1568391650128
1568391650146
1568391650163
1568391650179
1568391650196
1568391650212
1568391650229
1568391650246
1568391650264
1568391650281
1568391650297
1568391650314
1568391650332
1568391650349
1568391650366
1568391650384
1568391650402
1568391650418
1568391650434
1568391650452
1568391650469
1568391650486
1568391650505
1568391650526
1568391650545
1568391650564
1568391650583
1568391650603
1568391650621
1568391650642
1568391650662
1568391650679
1568391650698
1568391650716
1568391650733
1568391650753
1568391650769
1568391650786
1568391650805
1568391650823
1568391650841
1568391650859
1568391650877
1568391650897
1568391650915
1568391650933
1568391650951
1568391650971
1568391650989
1568391651010
1568391651028
1568391651048
1568391651065
1568391651083
1568391651103
1568391651122
1568391651140
1568391651158
1568391651176
1568391651196
1568391651214
1568391651233
1568391651252
1568391651270
1568391651287
1568391651306
1568391651323
1568391651341
1568391651358
1568391651377
1568391651396
1568391651416
1568391651434
1568391651451
1568391651469
1568391651487
1568391651503
1568391651519
1568391651536
1568391651553
1568391651569
1568391651584
1568391651601
1568391651618
1568391651634
1568391651650
1568391651666
1568391651682
1568391651699
1568391651715
1568391651731
1568391651748
1568391651764
1568391651780
1568391651802
1568391651839
1568391651860
1568391651881
1568391651912
1568391651937
1568391651965
1568391651983
1568391652004
1568391652022
1568391652040
1568391652058
1568391652074
1568391652094
1568391652111
1568391652128
1568391652146
1568391652164
1568391652179
1568391652199
1568391652215
1568391652232
1568391652250
1568391652266
1568391652285
1568391652304
1568391652320
1568391652338
1568391652356
1568391652373
