1568391676125
1568391676144
1568391676162
1568391676178
1568391676194
1568391676211
1568391676228
1568391676245
1568391676261
1568391676278
1568391676293
1568391676310
1568391676326
1568391676343
1568391676360
1568391676376
1568391676392
1568391676409
1568391676424
1568391676440
1568391676457
1568391676476
1568391676492
1568391676509
1568391676525
1568391676544
1568391676562
1568391676578
1568391676595
1568391676611
1568391676628
1568391676644
1568391676661
1568391676677
1568391676694
1568391676710
1568391676727
1568391676745
1568391676760
1568391676778
1568391676794
1568391676811
1568391676827
1568391676845
1568391676865
1568391676885
1568391676904
1568391676922
1568391676939
1568391676959
1568391676977
1568391676997
1568391677015
1568391677034
1568391677051
1568391677070
1568391677089
1568391677107
1568391677124
1568391677141
1568391677158
1568391677175
1568391677190
1568391677207
1568391677222
1568391677238
1568391677254
1568391677270
1568391677286
1568391677302
1568391677318
1568391677334
1568391677350
1568391677366
1568391677383
1568391677399
1568391677415
1568391677431
1568391677447
1568391677464
1568391677479
1568391677496
1568391677511
1568391677527
1568391677543
1568391677560
1568391677576
1568391677592
1568391677608
1568391677624
1568391677639
1568391677655
1568391677671
1568391677687
1568391677702
1568391677718
1568391677734
1568391677751
1568391677767
1568391677783
1568391677799
1568391677814
1568391677829
1568391677844
1568391677860
1568391677876
1568391677891
1568391677907
1568391677922
1568391677938
1568391677955
1568391677971
1568391677986
1568391678001
1568391678016
1568391678032
1568391678047
1568391678063
1568391678078
1568391678094
1568391678109
1568391678125
1568391678140
1568391678156
1568391678171
1568391678187
1568391678202
1568391678217
1568391678233
1568391678248
1568391678264
1568391678279
1568391678294
1568391678311
1568391678326
1568391678342
1568391678357
1568391678372
1568391678387
1568391678402
1568391678417
1568391678433
1568391678447
1568391678463
1568391678478
1568391678495
1568391678511
1568391678526
1568391678541
1568391678556
