1568218030710
1568218030723
1568218030741
1568218030756
1568218030770
1568218030784
1568218030798
1568218030812
1568218030825
1568218030838
1568218030851
1568218030864
1568218030877
1568218030891
1568218030904
1568218030917
1568218030930
1568218030943
1568218030956
1568218030969
1568218030982
1568218030994
1568218031006
1568218031020
1568218031035
1568218031051
1568218031066
1568218031080
1568218031095
1568218031109
1568218031123
1568218031138
1568218031153
1568218031167
1568218031181
1568218031194
1568218031208
1568218031224
1568218031239
1568218031253
1568218031268
1568218031283
1568218031297
1568218031311
1568218031324
1568218031338
1568218031351
1568218031366
1568218031381
1568218031396
1568218031410
1568218031425
1568218031438
1568218031451
1568218031465
1568218031478
1568218031490
1568218031503
1568218031516
1568218031530
1568218031543
1568218031559
1568218031573
1568218031586
1568218031599
1568218031614
1568218031627
1568218031639
1568218031652
1568218031665
1568218031679
1568218031693
1568218031706
1568218031720
1568218031734
1568218031749
1568218031763
1568218031777
1568218031791
1568218031804
1568218031817
1568218031831
1568218031844
1568218031858
1568218031873
1568218031888
1568218031903
1568218031918
1568218031934
1568218031950
1568218031964
1568218031978
1568218031992
1568218032007
1568218032021
1568218032036
1568218032050
1568218032065
1568218032080
1568218032094
1568218032107
1568218032122
1568218032136
1568218032152
1568218032167
1568218032182
1568218032197
1568218032211
1568218032226
1568218032243
1568218032258
1568218032272
1568218032286
1568218032300
1568218032315
1568218032329
1568218032344
1568218032359
1568218032374
1568218032388
1568218032402
1568218032417
1568218032431
1568218032447
1568218032461
1568218032476
1568218032490
1568218032503
1568218032517
1568218032533
1568218032547
1568218032562
1568218032578
1568218032593
1568218032606
1568218032621
1568218032635
1568218032650
1568218032664
1568218032678
1568218032693
1568218032707
1568218032721
1568218032737
1568218032750
1568218032765
1568218032781
1568218032795
1568218032809
1568218032823
