1568218046941
1568218046955
1568218046970
1568218046985
1568218046999
1568218047013
1568218047026
1568218047040
1568218047055
1568218047068
1568218047082
1568218047097
1568218047111
1568218047126
1568218047140
1568218047155
1568218047169
1568218047183
1568218047197
1568218047210
1568218047223
1568218047237
1568218047251
1568218047265
1568218047279
1568218047294
1568218047308
1568218047322
1568218047335
1568218047349
1568218047362
1568218047375
1568218047389
1568218047403
1568218047416
1568218047430
1568218047443
1568218047458
1568218047472
1568218047484
1568218047497
1568218047512
1568218047527
1568218047540
1568218047554
1568218047567
1568218047579
1568218047591
1568218047604
1568218047618
1568218047631
1568218047645
1568218047658
1568218047670
1568218047683
1568218047698
1568218047710
1568218047723
1568218047736
1568218047751
1568218047763
1568218047777
1568218047790
1568218047803
1568218047816
1568218047831
1568218047844
1568218047856
1568218047869
1568218047883
1568218047897
1568218047912
1568218047926
1568218047941
1568218047956
1568218047970
1568218047984
1568218047998
1568218048011
1568218048024
1568218048037
1568218048052
1568218048065
1568218048079
1568218048093
1568218048107
1568218048121
1568218048136
1568218048150
1568218048164
1568218048178
1568218048192
1568218048205
1568218048220
1568218048234
1568218048247
1568218048259
1568218048273
1568218048286
1568218048300
1568218048314
1568218048327
1568218048341
1568218048355
1568218048368
1568218048381
1568218048395
1568218048408
1568218048421
1568218048435
1568218048449
1568218048464
1568218048477
1568218048491
1568218048505
1568218048520
1568218048533
1568218048547
1568218048560
1568218048574
1568218048587
1568218048603
1568218048617
1568218048631
1568218048645
1568218048659
1568218048673
1568218048687
1568218048701
1568218048715
1568218048729
1568218048742
1568218048756
1568218048770
1568218048783
1568218048796
1568218048809
1568218048823
1568218048836
1568218048851
1568218048864
1568218048878
1568218048892
1568218048905
1568218048919
1568218048934
1568218048948
1568218048962
1568218048975
1568218048989
