1568218016395
1568218016408
1568218016423
1568218016437
1568218016451
1568218016465
1568218016479
1568218016493
1568218016506
1568218016520
1568218016534
1568218016548
1568218016563
1568218016578
1568218016592
1568218016607
1568218016622
1568218016636
1568218016650
1568218016664
1568218016678
1568218016692
1568218016706
1568218016720
1568218016734
1568218016749
1568218016763
1568218016778
1568218016792
1568218016807
1568218016820
1568218016834
1568218016848
1568218016862
1568218016876
1568218016890
1568218016903
1568218016916
1568218016929
1568218016943
1568218016957
1568218016970
1568218016983
1568218016995
1568218017007
1568218017020
1568218017035
1568218017048
1568218017061
1568218017074
1568218017087
1568218017100
1568218017113
1568218017125
1568218017138
1568218017152
1568218017165
1568218017178
1568218017191
1568218017203
1568218017216
1568218017231
1568218017245
1568218017262
1568218017276
1568218017289
1568218017302
1568218017315
1568218017328
1568218017341
1568218017353
1568218017367
1568218017381
1568218017395
1568218017409
1568218017423
1568218017436
1568218017451
1568218017465
1568218017479
1568218017492
1568218017506
1568218017520
1568218017535
1568218017549
1568218017564
1568218017579
1568218017594
1568218017608
1568218017622
1568218017636
1568218017650
1568218017664
1568218017678
1568218017691
1568218017705
1568218017719
1568218017735
1568218017749
1568218017764
1568218017777
1568218017792
1568218017808
1568218017824
1568218017839
1568218017853
1568218017867
1568218017881
1568218017896
1568218017913
1568218017927
1568218017942
1568218017956
1568218017970
1568218017984
1568218017998
1568218018013
1568218018028
1568218018041
1568218018056
1568218018071
1568218018086
1568218018102
1568218018116
1568218018130
1568218018144
1568218018158
1568218018172
1568218018186
1568218018202
1568218018216
1568218018230
1568218018244
1568218018260
1568218018276
1568218018290
1568218018303
1568218018316
1568218018330
1568218018343
1568218018356
1568218018368
1568218018382
1568218018395
1568218018409
1568218018423
1568218018436
1568218018449
1568218018462
1568218018476
