1568218019560
1568218019575
1568218019591
1568218019604
1568218019618
1568218019632
1568218019646
1568218019659
1568218019673
1568218019688
1568218019703
1568218019716
1568218019730
1568218019744
1568218019759
1568218019772
1568218019785
1568218019799
1568218019812
1568218019825
1568218019838
1568218019852
1568218019865
1568218019879
1568218019893
1568218019907
1568218019921
1568218019935
1568218019949
1568218019963
1568218019977
1568218019991
1568218020004
1568218020017
1568218020031
1568218020044
1568218020060
1568218020075
1568218020088
1568218020103
1568218020117
1568218020130
1568218020143
1568218020158
1568218020174
1568218020189
1568218020204
1568218020218
1568218020233
1568218020247
1568218020259
1568218020272
1568218020284
1568218020298
1568218020312
1568218020325
1568218020337
1568218020352
1568218020365
1568218020379
1568218020393
1568218020408
1568218020421
1568218020436
1568218020449
1568218020461
1568218020474
1568218020487
1568218020499
1568218020512
1568218020525
1568218020540
1568218020553
1568218020567
1568218020582
1568218020596
1568218020610
1568218020624
1568218020638
1568218020651
1568218020664
1568218020678
1568218020691
1568218020705
1568218020719
1568218020733
1568218020746
1568218020760
1568218020774
1568218020788
1568218020802
1568218020816
1568218020830
1568218020846
1568218020860
1568218020875
1568218020888
1568218020903
1568218020917
1568218020931
1568218020945
1568218020960
1568218020974
1568218020989
1568218021004
1568218021019
1568218021033
1568218021047
1568218021060
1568218021076
1568218021090
1568218021105
1568218021119
1568218021134
1568218021148
1568218021162
1568218021176
1568218021191
1568218021206
1568218021220
1568218021234
1568218021249
1568218021263
1568218021277
1568218021291
1568218021306
1568218021320
1568218021333
1568218021347
1568218021361
1568218021376
1568218021390
1568218021405
1568218021420
1568218021434
1568218021449
1568218021464
1568218021479
1568218021494
1568218021509
1568218021524
1568218021539
1568218021554
1568218021568
1568218021583
1568218021599
1568218021614
1568218021629
1568218021643
1568218021658
