1568218050102
1568218050116
1568218050132
1568218050146
1568218050159
1568218050172
1568218050185
1568218050199
1568218050212
1568218050226
1568218050240
1568218050254
1568218050268
1568218050283
1568218050297
1568218050311
1568218050324
1568218050337
1568218050351
1568218050365
1568218050378
1568218050393
1568218050407
1568218050420
1568218050434
1568218050448
1568218050462
1568218050476
1568218050490
1568218050503
1568218050517
1568218050531
1568218050546
1568218050560
1568218050575
1568218050588
1568218050601
1568218050614
1568218050626
1568218050640
1568218050654
1568218050666
1568218050679
1568218050692
1568218050705
1568218050719
1568218050732
1568218050748
1568218050761
1568218050775
1568218050788
1568218050801
1568218050814
1568218050829
1568218050842
1568218050856
1568218050868
1568218050881
1568218050895
1568218050909
1568218050924
1568218050939
1568218050953
1568218050968
1568218050983
1568218050998
1568218051011
1568218051025
1568218051039
1568218051054
1568218051068
1568218051083
1568218051096
1568218051110
1568218051123
1568218051137
1568218051151
1568218051165
1568218051179
1568218051195
1568218051209
1568218051223
1568218051237
1568218051250
1568218051264
1568218051278
1568218051291
1568218051305
1568218051318
1568218051331
1568218051345
1568218051359
1568218051372
1568218051386
1568218051399
1568218051414
1568218051427
1568218051443
1568218051459
1568218051474
1568218051488
1568218051503
1568218051517
1568218051531
1568218051545
1568218051560
1568218051574
1568218051588
1568218051601
1568218051617
1568218051631
1568218051646
1568218051659
1568218051673
1568218051686
1568218051701
1568218051715
1568218051731
1568218051744
1568218051758
1568218051772
1568218051787
1568218051801
1568218051816
1568218051830
1568218051844
1568218051859
1568218051872
1568218051886
1568218051900
1568218051913
1568218051927
1568218051941
1568218051956
1568218051971
1568218051985
1568218051998
1568218052013
1568218052027
1568218052041
1568218052053
1568218052066
1568218052080
1568218052093
1568218052107
1568218052122
1568218052136
1568218052149
1568218052162
1568218052175
