1568218033944
1568218033960
1568218033976
1568218033989
1568218034004
1568218034018
1568218034032
1568218034046
1568218034060
1568218034074
1568218034089
1568218034102
1568218034116
1568218034132
1568218034145
1568218034159
1568218034173
1568218034187
1568218034201
1568218034216
1568218034229
1568218034244
1568218034259
1568218034272
1568218034286
1568218034301
1568218034315
1568218034329
1568218034342
1568218034356
1568218034370
1568218034383
1568218034396
1568218034410
1568218034423
1568218034437
1568218034450
1568218034465
1568218034479
1568218034494
1568218034507
1568218034520
1568218034532
1568218034546
1568218034559
1568218034573
1568218034587
1568218034601
1568218034614
1568218034628
1568218034642
1568218034657
1568218034672
1568218034686
1568218034699
1568218034712
1568218034725
1568218034740
1568218034753
1568218034767
1568218034780
1568218034795
1568218034807
1568218034820
1568218034832
1568218034847
1568218034861
1568218034875
1568218034888
1568218034900
1568218034915
1568218034930
1568218034943
1568218034957
1568218034970
1568218034984
1568218034998
1568218035013
1568218035027
1568218035043
1568218035058
1568218035072
1568218035086
1568218035103
1568218035118
1568218035133
1568218035147
1568218035162
1568218035175
1568218035188
1568218035203
1568218035218
1568218035232
1568218035247
1568218035262
1568218035276
1568218035290
1568218035306
1568218035320
1568218035335
1568218035350
1568218035364
1568218035378
1568218035392
1568218035405
1568218035421
1568218035436
1568218035452
1568218035467
1568218035482
1568218035497
1568218035512
1568218035527
1568218035544
1568218035558
1568218035573
1568218035587
1568218035601
1568218035616
1568218035632
1568218035646
1568218035663
1568218035677
1568218035690
1568218035704
1568218035719
1568218035736
1568218035751
1568218035766
1568218035782
1568218035796
1568218035812
1568218035828
1568218035844
1568218035860
1568218035875
1568218035890
1568218035905
1568218035920
1568218035935
1568218035948
1568218035962
1568218035976
1568218035990
1568218036005
1568218036020
1568218036035
1568218036051
1568218036066
1568218036081
