1568218042078
1568218042092
1568218042108
1568218042121
1568218042135
1568218042150
1568218042163
1568218042178
1568218042192
1568218042206
1568218042219
1568218042233
1568218042248
1568218042263
1568218042277
1568218042291
1568218042304
1568218042319
1568218042333
1568218042347
1568218042361
1568218042376
1568218042390
1568218042404
1568218042418
1568218042433
1568218042446
1568218042459
1568218042473
1568218042488
1568218042501
1568218042514
1568218042529
1568218042543
1568218042556
1568218042569
1568218042581
1568218042595
1568218042607
1568218042621
1568218042636
1568218042649
1568218042663
1568218042676
1568218042689
1568218042702
1568218042713
1568218042726
1568218042738
1568218042752
1568218042765
1568218042777
1568218042790
1568218042802
1568218042816
1568218042830
1568218042843
1568218042855
1568218042868
1568218042880
1568218042892
1568218042907
1568218042921
1568218042934
1568218042949
1568218042962
1568218042975
1568218042988
1568218043001
1568218043015
1568218043027
1568218043040
1568218043055
1568218043074
1568218043089
1568218043103
1568218043117
1568218043132
1568218043145
1568218043160
1568218043175
1568218043189
1568218043202
1568218043217
1568218043230
1568218043245
1568218043260
1568218043274
1568218043287
1568218043301
1568218043315
1568218043330
1568218043343
1568218043357
1568218043370
1568218043384
1568218043398
1568218043413
1568218043429
1568218043444
1568218043459
1568218043473
1568218043495
1568218043512
1568218043527
1568218043545
1568218043560
1568218043577
1568218043593
1568218043609
1568218043624
1568218043638
1568218043652
1568218043666
1568218043681
1568218043695
1568218043708
1568218043722
1568218043737
1568218043751
1568218043766
1568218043781
1568218043795
1568218043809
1568218043824
1568218043837
1568218043851
1568218043865
1568218043880
1568218043894
1568218043908
1568218043921
1568218043936
1568218043952
1568218043966
1568218043979
1568218043993
1568218044007
1568218044021
1568218044034
1568218044049
1568218044065
1568218044079
1568218044093
1568218044109
1568218044126
1568218044142
1568218044156
1568218044170
1568218044184
