1568995379583
1568995379596
1568995379615
1568995379629
1568995379642
1568995379656
1568995379670
1568995379684
1568995379697
1568995379710
1568995379724
1568995379739
1568995379752
1568995379765
1568995379778
1568995379790
1568995379802
1568995379815
1568995379828
1568995379840
1568995379853
1568995379866
1568995379880
1568995379894
1568995379906
1568995379920
1568995379934
1568995379947
1568995379961
1568995379975
1568995379988
1568995380001
1568995380014
1568995380026
1568995380039
1568995380051
1568995380064
1568995380079
1568995380097
1568995380114
1568995380130
1568995380146
1568995380160
1568995380175
1568995380190
1568995380205
1568995380220
1568995380234
1568995380246
1568995380260
1568995380271
1568995380283
1568995380296
1568995380309
1568995380323
1568995380336
1568995380349
1568995380362
1568995380375
1568995380388
1568995380400
1568995380414
1568995380426
1568995380438
1568995380451
1568995380464
1568995380478
1568995380488
1568995380500
1568995380512
1568995380524
1568995380534
1568995380548
1568995380562
1568995380575
1568995380586
1568995380599
1568995380611
1568995380623
1568995380635
1568995380647
1568995380659
1568995380671
1568995380684
1568995380696
1568995380709
1568995380722
1568995380736
1568995380749
1568995380761
1568995380773
1568995380786
1568995380797
1568995380809
1568995380822
1568995380836
1568995380849
1568995380863
1568995380877
1568995380890
1568995380902
1568995380916
1568995380931
1568995380945
1568995380959
1568995380972
1568995380985
1568995380998
1568995381011
1568995381024
1568995381039
1568995381052
1568995381065
1568995381079
1568995381091
1568995381103
1568995381115
1568995381127
1568995381140
1568995381154
1568995381167
1568995381182
1568995381195
1568995381208
1568995381220
1568995381231
1568995381243
1568995381255
1568995381267
1568995381279
1568995381291
1568995381303
1568995381316
1568995381330
1568995381345
1568995381358
1568995381371
1568995381383
1568995381397
1568995381409
1568995381421
1568995381433
1568995381445
1568995381458
1568995381471
1568995381484
1568995381497
1568995381511
1568995381525
1568995381539
