1568995341619
1568995341630
1568995341644
1568995341656
1568995341667
1568995341678
1568995341689
1568995341700
1568995341710
1568995341721
1568995341732
1568995341743
1568995341755
1568995341768
1568995341781
1568995341794
1568995341807
1568995341819
1568995341831
1568995341842
1568995341853
1568995341867
1568995341879
1568995341890
1568995341904
1568995341916
1568995341928
1568995341942
1568995341958
1568995341972
1568995341984
1568995341995
1568995342007
1568995342019
1568995342031
1568995342043
1568995342055
1568995342069
1568995342081
1568995342093
1568995342105
1568995342117
1568995342129
1568995342141
1568995342155
1568995342167
1568995342179
1568995342192
1568995342207
1568995342222
1568995342235
1568995342247
1568995342258
1568995342270
1568995342283
1568995342295
1568995342307
1568995342321
1568995342334
1568995342346
1568995342358
1568995342370
1568995342382
1568995342396
1568995342411
1568995342424
1568995342436
1568995342448
1568995342460
1568995342472
1568995342486
1568995342499
1568995342513
1568995342526
1568995342539
1568995342551
1568995342564
1568995342576
1568995342587
1568995342600
1568995342612
1568995342624
1568995342636
1568995342649
1568995342662
1568995342676
1568995342688
1568995342701
1568995342714
1568995342727
1568995342738
1568995342751
1568995342764
1568995342779
1568995342792
1568995342805
1568995342818
1568995342832
1568995342845
1568995342859
1568995342871
1568995342884
1568995342896
1568995342909
1568995342921
1568995342934
1568995342947
1568995342959
1568995342972
1568995342985
1568995342998
1568995343012
1568995343025
1568995343038
1568995343050
1568995343064
1568995343076
1568995343089
1568995343102
1568995343115
1568995343128
1568995343142
1568995343155
1568995343167
1568995343179
1568995343191
1568995343205
1568995343218
1568995343231
1568995343243
1568995343256
1568995343269
1568995343282
1568995343295
1568995343309
1568995343322
1568995343334
1568995343345
1568995343356
1568995343368
1568995343379
1568995343391
1568995343403
1568995343414
1568995343426
1568995343438
1568995343450
1568995343463
1568995343477
1568995343490
