1568995339994
1568995340005
1568995340018
1568995340030
1568995340041
1568995340052
1568995340065
1568995340078
1568995340092
1568995340106
1568995340118
1568995340132
1568995340147
1568995340162
1568995340174
1568995340186
1568995340198
1568995340211
1568995340224
1568995340238
1568995340250
1568995340262
1568995340274
1568995340286
1568995340297
1568995340310
1568995340322
1568995340335
1568995340347
1568995340360
1568995340371
1568995340383
1568995340395
1568995340407
1568995340419
1568995340430
1568995340442
1568995340456
1568995340468
1568995340481
1568995340493
1568995340505
1568995340518
1568995340530
1568995340541
1568995340553
1568995340565
1568995340578
1568995340591
1568995340604
1568995340614
1568995340626
1568995340638
1568995340650
1568995340661
1568995340672
1568995340684
1568995340696
1568995340709
1568995340721
1568995340735
1568995340748
1568995340758
1568995340770
1568995340783
1568995340795
1568995340806
1568995340817
1568995340830
1568995340843
1568995340854
1568995340867
1568995340879
1568995340890
1568995340902
1568995340915
1568995340927
1568995340940
1568995340952
1568995340963
1568995340976
1568995340988
1568995341001
1568995341013
1568995341026
1568995341039
1568995341052
1568995341064
1568995341077
1568995341089
1568995341102
1568995341113
1568995341125
1568995341138
1568995341151
1568995341164
1568995341178
1568995341191
1568995341204
1568995341217
1568995341230
1568995341243
1568995341256
1568995341269
1568995341281
1568995341294
1568995341307
1568995341320
1568995341335
1568995341349
1568995341363
1568995341376
1568995341389
1568995341402
1568995341415
1568995341428
1568995341441
1568995341454
1568995341467
1568995341480
1568995341493
1568995341505
1568995341518
1568995341531
1568995341545
1568995341558
1568995341571
1568995341585
1568995341598
1568995341610
1568995341621
1568995341633
1568995341646
1568995341659
1568995341671
1568995341682
1568995341694
1568995341705
1568995341717
1568995341728
1568995341740
1568995341751
1568995341763
1568995341777
1568995341789
1568995341804
1568995341816
1568995341828
1568995341840
1568995341852
