1568995364127
1568995364139
1568995364154
1568995364167
1568995364180
1568995364194
1568995364207
1568995364220
1568995364233
1568995364247
1568995364260
1568995364273
1568995364287
1568995364302
1568995364315
1568995364328
1568995364341
1568995364354
1568995364367
1568995364381
1568995364393
1568995364405
1568995364418
1568995364429
1568995364440
1568995364452
1568995364464
1568995364475
1568995364487
1568995364498
1568995364509
1568995364524
1568995364535
1568995364547
1568995364559
1568995364573
1568995364586
1568995364599
1568995364611
1568995364623
1568995364633
1568995364645
1568995364657
1568995364670
1568995364683
1568995364695
1568995364707
1568995364717
1568995364729
1568995364742
1568995364755
1568995364767
1568995364778
1568995364790
1568995364803
1568995364816
1568995364828
1568995364840
1568995364851
1568995364863
1568995364874
1568995364887
1568995364901
1568995364914
1568995364927
1568995364939
1568995364952
1568995364963
1568995364974
1568995364985
1568995364997
1568995365008
1568995365019
1568995365032
1568995365044
1568995365056
1568995365067
1568995365079
1568995365091
1568995365104
1568995365116
1568995365128
1568995365140
1568995365153
1568995365165
1568995365178
1568995365191
1568995365203
1568995365216
1568995365229
1568995365243
1568995365257
1568995365270
1568995365283
1568995365296
1568995365309
1568995365321
1568995365335
1568995365348
1568995365362
1568995365374
1568995365387
1568995365400
1568995365412
1568995365425
1568995365438
1568995365450
1568995365462
1568995365474
1568995365487
1568995365501
1568995365514
1568995365527
1568995365540
1568995365553
1568995365566
1568995365578
1568995365591
1568995365603
1568995365616
1568995365629
1568995365642
1568995365655
1568995365667
1568995365679
1568995365691
1568995365703
1568995365716
1568995365729
1568995365742
1568995365755
1568995365768
1568995365782
1568995365797
1568995365812
1568995365825
1568995365837
1568995365850
1568995365864
1568995365877
1568995365891
1568995365904
1568995365917
1568995365930
1568995365944
1568995365958
1568995365972
1568995365985
1568995365999
1568995366013
