1568995371849
1568995371862
1568995371876
1568995371889
1568995371902
1568995371914
1568995371926
1568995371938
1568995371948
1568995371960
1568995371972
1568995371984
1568995371998
1568995372011
1568995372023
1568995372036
1568995372049
1568995372063
1568995372076
1568995372088
1568995372099
1568995372111
1568995372123
1568995372136
1568995372150
1568995372162
1568995372174
1568995372185
1568995372198
1568995372213
1568995372225
1568995372237
1568995372248
1568995372261
1568995372275
1568995372288
1568995372303
1568995372317
1568995372330
1568995372341
1568995372354
1568995372368
1568995372380
1568995372392
1568995372403
1568995372414
1568995372426
1568995372438
1568995372450
1568995372462
1568995372474
1568995372486
1568995372498
1568995372508
1568995372520
1568995372531
1568995372542
1568995372554
1568995372566
1568995372578
1568995372590
1568995372603
1568995372613
1568995372625
1568995372637
1568995372649
1568995372661
1568995372672
1568995372684
1568995372697
1568995372709
1568995372722
1568995372734
1568995372747
1568995372759
1568995372771
1568995372787
1568995372800
1568995372813
1568995372826
1568995372838
1568995372850
1568995372862
1568995372874
1568995372886
1568995372899
1568995372911
1568995372924
1568995372935
1568995372947
1568995372960
1568995372972
1568995372984
1568995372997
1568995373010
1568995373023
1568995373035
1568995373048
1568995373060
1568995373072
1568995373084
1568995373097
1568995373110
1568995373122
1568995373135
1568995373149
1568995373162
1568995373175
1568995373188
1568995373201
1568995373214
1568995373228
1568995373241
1568995373254
1568995373267
1568995373280
1568995373293
1568995373306
1568995373319
1568995373331
1568995373344
1568995373356
1568995373368
1568995373380
1568995373393
1568995373407
1568995373420
1568995373433
1568995373445
1568995373457
1568995373471
1568995373485
1568995373498
1568995373512
1568995373526
1568995373539
1568995373553
1568995373566
1568995373578
1568995373590
1568995373601
1568995373612
1568995373623
1568995373635
1568995373647
1568995373660
1568995373671
1568995373684
1568995373697
1568995373710
