1568995359341
1568995359355
1568995359370
1568995359384
1568995359396
1568995359408
1568995359420
1568995359433
1568995359445
1568995359457
1568995359471
1568995359483
1568995359496
1568995359510
1568995359523
1568995359536
1568995359549
1568995359562
1568995359575
1568995359588
1568995359599
1568995359613
1568995359625
1568995359639
1568995359654
1568995359668
1568995359680
1568995359692
1568995359704
1568995359716
1568995359729
1568995359742
1568995359753
1568995359764
1568995359776
1568995359789
1568995359801
1568995359814
1568995359824
1568995359836
1568995359848
1568995359862
1568995359874
1568995359887
1568995359899
1568995359910
1568995359922
1568995359934
1568995359946
1568995359959
1568995359971
1568995359982
1568995359994
1568995360006
1568995360018
1568995360029
1568995360041
1568995360055
1568995360070
1568995360084
1568995360097
1568995360111
1568995360127
1568995360141
1568995360155
1568995360168
1568995360180
1568995360192
1568995360204
1568995360217
1568995360230
1568995360242
1568995360254
1568995360267
1568995360278
1568995360290
1568995360302
1568995360315
1568995360328
1568995360339
1568995360352
1568995360366
1568995360379
1568995360392
1568995360404
1568995360418
1568995360431
1568995360444
1568995360456
1568995360469
1568995360481
1568995360493
1568995360505
1568995360518
1568995360531
1568995360544
1568995360557
1568995360572
1568995360586
1568995360600
1568995360613
1568995360626
1568995360638
1568995360650
1568995360663
1568995360677
1568995360690
1568995360703
1568995360716
1568995360729
1568995360743
1568995360758
1568995360771
1568995360783
1568995360796
1568995360810
1568995360824
1568995360837
1568995360849
1568995360862
1568995360876
1568995360892
1568995360906
1568995360919
1568995360931
1568995360944
1568995360958
1568995360972
1568995360986
1568995360998
1568995361011
1568995361025
1568995361039
1568995361053
1568995361067
1568995361080
1568995361094
1568995361107
1568995361120
1568995361133
1568995361145
1568995361159
1568995361172
1568995361185
1568995361199
1568995361213
1568995361227
1568995361241
1568995361254
1568995361266
