1568995381118
1568995381130
1568995381145
1568995381158
1568995381171
1568995381184
1568995381197
1568995381209
1568995381221
1568995381233
1568995381243
1568995381254
1568995381265
1568995381278
1568995381291
1568995381304
1568995381316
1568995381330
1568995381342
1568995381355
1568995381367
1568995381379
1568995381392
1568995381404
1568995381416
1568995381428
1568995381440
1568995381453
1568995381465
1568995381477
1568995381489
1568995381502
1568995381514
1568995381527
1568995381540
1568995381556
1568995381569
1568995381583
1568995381595
1568995381607
1568995381618
1568995381630
1568995381642
1568995381654
1568995381665
1568995381677
1568995381689
1568995381701
1568995381714
1568995381726
1568995381737
1568995381750
1568995381763
1568995381776
1568995381788
1568995381800
1568995381812
1568995381823
1568995381834
1568995381847
1568995381859
1568995381871
1568995381882
1568995381894
1568995381906
1568995381918
1568995381929
1568995381941
1568995381952
1568995381966
1568995381979
1568995381992
1568995382004
1568995382017
1568995382030
1568995382041
1568995382053
1568995382065
1568995382077
1568995382090
1568995382102
1568995382114
1568995382127
1568995382138
1568995382150
1568995382162
1568995382172
1568995382184
1568995382195
1568995382207
1568995382218
1568995382229
1568995382240
1568995382252
1568995382263
1568995382275
1568995382286
1568995382299
1568995382310
1568995382321
1568995382332
1568995382343
1568995382354
1568995382366
1568995382378
1568995382389
1568995382400
1568995382412
1568995382423
1568995382435
1568995382448
1568995382460
1568995382473
1568995382484
1568995382496
1568995382507
1568995382518
1568995382530
1568995382541
1568995382553
1568995382564
1568995382576
1568995382588
1568995382598
1568995382610
1568995382621
1568995382631
1568995382643
1568995382654
1568995382665
1568995382676
1568995382689
1568995382702
1568995382715
1568995382728
1568995382740
1568995382753
1568995382764
1568995382776
1568995382789
1568995382802
1568995382814
1568995382826
1568995382836
1568995382848
1568995382859
1568995382871
1568995382882
1568995382893
1568995382905
