1568735586619
1568735586634
1568735586649
1568735586663
1568735586675
1568735586688
1568735586702
1568735586714
1568735586726
1568735586738
1568735586750
1568735586764
1568735586777
1568735586792
1568735586806
1568735586820
1568735586833
1568735586846
1568735586859
1568735586873
1568735586886
1568735586898
1568735586911
1568735586926
1568735586941
1568735586956
1568735586969
1568735586982
1568735586995
1568735587009
1568735587023
1568735587038
1568735587051
1568735587065
1568735587081
1568735587098
1568735587111
1568735587125
1568735587137
1568735587150
1568735587163
1568735587177
1568735587189
1568735587203
1568735587216
1568735587231
1568735587245
1568735587258
1568735587272
1568735587287
1568735587302
1568735587315
1568735587327
1568735587341
1568735587353
1568735587366
1568735587379
1568735587392
1568735587405
1568735587419
1568735587433
1568735587451
1568735587465
1568735587478
1568735587491
1568735587504
1568735587518
1568735587531
1568735587544
1568735587556
1568735587568
1568735587579
1568735587591
1568735587605
1568735587619
1568735587633
1568735587646
1568735587659
1568735587671
1568735587683
1568735587696
1568735587709
1568735587722
1568735587737
1568735587752
1568735587766
1568735587780
1568735587795
1568735587809
1568735587822
1568735587835
1568735587847
1568735587860
1568735587876
1568735587890
1568735587905
1568735587921
1568735587936
1568735587951
1568735587966
1568735587979
1568735587992
1568735588005
1568735588019
1568735588034
1568735588048
1568735588062
1568735588076
1568735588091
1568735588108
1568735588122
1568735588136
1568735588149
1568735588163
1568735588176
1568735588190
1568735588206
1568735588220
1568735588234
1568735588248
1568735588262
1568735588280
1568735588295
1568735588310
1568735588322
1568735588335
1568735588348
1568735588361
1568735588373
1568735588386
1568735588400
1568735588413
1568735588427
1568735588442
1568735588457
1568735588471
1568735588486
1568735588500
1568735588515
1568735588528
1568735588541
1568735588554
1568735588567
1568735588580
1568735588595
1568735588609
1568735588624
1568735588638
1568735588652
1568735588664
