1568735588262
1568735588279
1568735588295
1568735588308
1568735588321
1568735588333
1568735588345
1568735588357
1568735588369
1568735588380
1568735588393
1568735588405
1568735588419
1568735588433
1568735588446
1568735588460
1568735588474
1568735588489
1568735588503
1568735588516
1568735588529
1568735588541
1568735588552
1568735588565
1568735588578
1568735588591
1568735588605
1568735588618
1568735588633
1568735588646
1568735588658
1568735588671
1568735588683
1568735588695
1568735588707
1568735588720
1568735588733
1568735588748
1568735588762
1568735588776
1568735588788
1568735588801
1568735588815
1568735588833
1568735588848
1568735588863
1568735588877
1568735588891
1568735588906
1568735588923
1568735588938
1568735588951
1568735588964
1568735588976
1568735588987
1568735588999
1568735589011
1568735589023
1568735589036
1568735589050
1568735589064
1568735589078
1568735589091
1568735589105
1568735589118
1568735589132
1568735589145
1568735589158
1568735589170
1568735589184
1568735589197
1568735589215
1568735589232
1568735589249
1568735589264
1568735589281
1568735589295
1568735589310
1568735589325
1568735589340
1568735589355
1568735589370
1568735589384
1568735589399
1568735589413
1568735589429
1568735589445
1568735589462
1568735589476
1568735589491
1568735589505
1568735589520
1568735589535
1568735589552
1568735589568
1568735589582
1568735589596
1568735589612
1568735589628
1568735589645
1568735589659
1568735589673
1568735589687
1568735589700
1568735589713
1568735589729
1568735589745
1568735589760
1568735589775
1568735589791
1568735589808
1568735589824
1568735589839
1568735589855
1568735589872
1568735589887
1568735589903
1568735589921
1568735589937
1568735589953
1568735589971
1568735589988
1568735590004
1568735590019
1568735590033
1568735590046
1568735590059
1568735590072
1568735590086
1568735590100
1568735590113
1568735590127
1568735590142
1568735590158
1568735590172
1568735590185
1568735590198
1568735590212
1568735590226
1568735590240
1568735590255
1568735590270
1568735590284
1568735590299
1568735590314
1568735590328
1568735590341
1568735590354
1568735590367
1568735590381
