1568735596907
1568735596925
1568735596943
1568735596958
1568735596972
1568735596986
1568735597001
1568735597016
1568735597030
1568735597045
1568735597061
1568735597076
1568735597091
1568735597108
1568735597123
1568735597137
1568735597154
1568735597169
1568735597183
1568735597199
1568735597215
1568735597230
1568735597243
1568735597256
1568735597270
1568735597284
1568735597300
1568735597317
1568735597333
1568735597348
1568735597366
1568735597384
1568735597400
1568735597417
1568735597433
1568735597451
1568735597468
1568735597488
1568735597504
1568735597522
1568735597539
1568735597558
1568735597579
1568735597598
1568735597618
1568735597638
1568735597658
1568735597675
1568735597695
1568735597715
1568735597733
1568735597751
1568735597769
1568735597788
1568735597806
1568735597830
1568735597848
1568735597865
1568735597881
1568735597901
1568735597920
1568735597943
1568735597964
1568735597982
1568735597999
1568735598019
1568735598037
1568735598056
1568735598074
1568735598093
1568735598111
1568735598131
1568735598150
1568735598170
1568735598189
1568735598208
1568735598227
1568735598247
1568735598267
1568735598285
1568735598300
1568735598315
1568735598329
1568735598344
1568735598362
1568735598383
1568735598400
1568735598416
1568735598432
1568735598447
1568735598462
1568735598479
1568735598496
1568735598512
1568735598528
1568735598543
1568735598559
1568735598575
1568735598593
1568735598610
1568735598626
1568735598643
1568735598660
1568735598675
1568735598692
1568735598709
1568735598727
1568735598744
1568735598760
1568735598777
1568735598794
1568735598809
1568735598825
1568735598840
1568735598854
1568735598868
1568735598883
1568735598899
1568735598916
1568735598932
1568735598947
1568735598964
1568735598982
1568735598997
1568735599012
1568735599028
1568735599043
1568735599060
1568735599075
1568735599090
1568735599104
1568735599119
1568735599134
1568735599149
1568735599163
1568735599177
1568735599192
1568735599208
1568735599223
1568735599239
1568735599254
1568735599268
1568735599283
1568735599300
1568735599314
1568735599333
1568735599350
1568735599364
1568735599378
1568735599392
