1568735623711
1568735623728
1568735623746
1568735623761
1568735623777
1568735623792
1568735623806
1568735623820
1568735623835
1568735623850
1568735623866
1568735623881
1568735623898
1568735623915
1568735623930
1568735623945
1568735623959
1568735623973
1568735623988
1568735624002
1568735624016
1568735624030
1568735624044
1568735624059
1568735624074
1568735624089
1568735624103
1568735624117
1568735624132
1568735624146
1568735624160
1568735624174
1568735624189
1568735624203
1568735624216
1568735624230
1568735624246
1568735624262
1568735624279
1568735624293
1568735624308
1568735624324
1568735624338
1568735624352
1568735624365
1568735624380
1568735624398
1568735624413
1568735624428
1568735624443
1568735624457
1568735624473
1568735624489
1568735624505
1568735624519
1568735624534
1568735624548
1568735624563
1568735624579
1568735624595
1568735624609
1568735624627
1568735624642
1568735624655
1568735624669
1568735624682
1568735624697
1568735624712
1568735624728
1568735624743
1568735624758
1568735624775
1568735624794
1568735624813
1568735624832
1568735624849
1568735624866
1568735624883
1568735624898
1568735624913
1568735624929
1568735624944
1568735624960
1568735624978
1568735624995
1568735625011
1568735625028
1568735625044
1568735625060
1568735625075
1568735625091
1568735625107
1568735625123
1568735625138
1568735625155
1568735625172
1568735625187
1568735625204
1568735625220
1568735625235
1568735625252
1568735625269
1568735625284
1568735625299
1568735625314
1568735625330
1568735625346
1568735625362
1568735625377
1568735625394
1568735625411
1568735625426
1568735625442
1568735625457
1568735625474
1568735625489
1568735625503
1568735625519
1568735625534
1568735625549
1568735625562
1568735625577
1568735625591
1568735625606
1568735625622
1568735625636
1568735625651
1568735625666
1568735625680
1568735625694
1568735625708
1568735625725
1568735625740
1568735625756
1568735625771
1568735625786
1568735625799
1568735625814
1568735625828
1568735625842
1568735625858
1568735625873
1568735625888
1568735625901
1568735625917
1568735625933
1568735625949
1568735625964
1568735625978
1568735625992
