1568735618266
1568735618282
1568735618298
1568735618312
1568735618325
1568735618339
1568735618352
1568735618367
1568735618381
1568735618396
1568735618410
1568735618425
1568735618441
1568735618456
1568735618472
1568735618488
1568735618503
1568735618518
1568735618534
1568735618549
1568735618563
1568735618580
1568735618595
1568735618610
1568735618624
1568735618641
1568735618656
1568735618671
1568735618687
1568735618702
1568735618717
1568735618732
1568735618747
1568735618764
1568735618780
1568735618794
1568735618811
1568735618827
1568735618843
1568735618858
1568735618872
1568735618888
1568735618903
1568735618918
1568735618934
1568735618951
1568735618969
1568735618984
1568735619002
1568735619018
1568735619036
1568735619051
1568735619067
1568735619081
1568735619095
1568735619110
1568735619124
1568735619141
1568735619158
1568735619174
1568735619191
1568735619208
1568735619223
1568735619240
1568735619256
1568735619273
1568735619290
1568735619306
1568735619320
1568735619336
1568735619352
1568735619370
1568735619386
1568735619403
1568735619422
1568735619438
1568735619453
1568735619476
1568735619495
1568735619516
1568735619534
1568735619551
1568735619572
1568735619590
1568735619607
1568735619629
1568735619648
1568735619667
1568735619684
1568735619702
1568735619719
1568735619736
1568735619753
1568735619769
1568735619786
1568735619803
1568735619824
1568735619841
1568735619860
1568735619879
1568735619897
1568735619914
1568735619930
1568735619945
1568735619961
1568735619979
1568735619996
1568735620013
1568735620031
1568735620049
1568735620066
1568735620083
1568735620098
1568735620116
1568735620133
1568735620149
1568735620166
1568735620182
1568735620198
1568735620215
1568735620232
1568735620249
1568735620267
1568735620283
1568735620298
1568735620315
1568735620331
1568735620346
1568735620364
1568735620379
1568735620393
1568735620409
1568735620424
1568735620439
1568735620453
1568735620469
1568735620484
1568735620499
1568735620515
1568735620531
1568735620546
1568735620562
1568735620578
1568735620595
1568735620610
1568735620628
1568735620643
1568735620660
1568735620675
1568735620690
