1568735620098
1568735620116
1568735620133
1568735620149
1568735620167
1568735620183
1568735620199
1568735620217
1568735620234
1568735620249
1568735620266
1568735620281
1568735620296
1568735620312
1568735620327
1568735620342
1568735620358
1568735620373
1568735620388
1568735620403
1568735620418
1568735620432
1568735620445
1568735620458
1568735620474
1568735620490
1568735620505
1568735620522
1568735620536
1568735620553
1568735620568
1568735620584
1568735620600
1568735620615
1568735620633
1568735620647
1568735620665
1568735620681
1568735620696
1568735620714
1568735620729
1568735620742
1568735620758
1568735620774
1568735620789
1568735620803
1568735620818
1568735620833
1568735620847
1568735620863
1568735620877
1568735620893
1568735620909
1568735620925
1568735620939
1568735620952
1568735620968
1568735620985
1568735620999
1568735621013
1568735621026
1568735621042
1568735621056
1568735621070
1568735621088
1568735621106
1568735621125
1568735621143
1568735621161
1568735621177
1568735621194
1568735621212
1568735621229
1568735621246
1568735621264
1568735621281
1568735621298
1568735621314
1568735621331
1568735621347
1568735621363
1568735621379
1568735621397
1568735621414
1568735621430
1568735621446
1568735621462
1568735621477
1568735621493
1568735621509
1568735621525
1568735621542
1568735621559
1568735621575
1568735621591
1568735621607
1568735621623
1568735621639
1568735621655
1568735621672
1568735621688
1568735621704
1568735621721
1568735621738
1568735621755
1568735621771
1568735621787
1568735621805
1568735621821
1568735621838
1568735621855
1568735621870
1568735621886
1568735621903
1568735621918
1568735621934
1568735621950
1568735621965
1568735621979
1568735621994
1568735622011
1568735622030
1568735622045
1568735622060
1568735622074
1568735622089
1568735622103
1568735622120
1568735622136
1568735622153
1568735622169
1568735622184
1568735622201
1568735622220
1568735622234
1568735622248
1568735622261
1568735622275
1568735622289
1568735622304
1568735622318
1568735622334
1568735622348
1568735622364
1568735622379
1568735622394
1568735622410
1568735622424
1568735622438
1568735622454
