1568134202919
1568134202932
1568134202946
1568134202958
1568134202970
1568134202983
1568134202996
1568134203008
1568134203020
1568134203034
1568134203046
1568134203059
1568134203072
1568134203085
1568134203097
1568134203110
1568134203123
1568134203136
1568134203148
1568134203160
1568134203173
1568134203186
1568134203198
1568134203210
1568134203223
1568134203236
1568134203248
1568134203261
1568134203273
1568134203286
1568134203300
1568134203313
1568134203327
1568134203341
1568134203355
1568134203369
1568134203383
1568134203398
1568134203413
1568134203427
1568134203440
1568134203455
1568134203469
1568134203482
1568134203496
1568134203511
1568134203524
1568134203538
1568134203551
1568134203567
1568134203582
1568134203596
1568134203610
1568134203625
1568134203639
1568134203653
1568134203667
1568134203682
1568134203696
1568134203711
1568134203725
1568134203740
1568134203754
1568134203769
1568134203784
1568134203798
1568134203812
1568134203827
1568134203842
1568134203856
1568134203870
1568134203885
1568134203899
1568134203915
1568134203930
1568134203944
1568134203958
1568134203973
1568134203986
1568134204001
1568134204015
1568134204030
1568134204044
1568134204059
1568134204074
1568134204088
1568134204103
1568134204117
1568134204131
1568134204144
1568134204158
1568134204172
1568134204186
1568134204201
1568134204215
1568134204230
1568134204244
1568134204259
1568134204273
1568134204287
1568134204302
1568134204316
1568134204329
1568134204343
1568134204357
1568134204371
1568134204385
1568134204399
1568134204414
1568134204429
1568134204443
1568134204458
1568134204473
1568134204488
1568134204502
1568134204516
1568134204530
1568134204544
1568134204557
1568134204570
1568134204583
1568134204597
1568134204611
1568134204625
1568134204639
1568134204652
1568134204665
1568134204679
1568134204692
1568134204706
1568134204719
1568134204732
1568134204746
1568134204760
1568134204774
1568134204788
1568134204801
1568134204815
1568134204829
1568134204843
1568134204856
1568134204869
1568134204883
1568134204896
1568134204910
1568134204925
1568134204939
1568134204952
1568134204965
1568134204979
