1568134196415
1568134196428
1568134196444
1568134196457
1568134196470
1568134196484
1568134196497
1568134196510
1568134196523
1568134196537
1568134196550
1568134196565
1568134196578
1568134196592
1568134196605
1568134196618
1568134196631
1568134196645
1568134196657
1568134196671
1568134196684
1568134196697
1568134196710
1568134196723
1568134196736
1568134196750
1568134196763
1568134196777
1568134196790
1568134196803
1568134196815
1568134196828
1568134196842
1568134196855
1568134196868
1568134196881
1568134196894
1568134196909
1568134196923
1568134196936
1568134196949
1568134196962
1568134196975
1568134196988
1568134197001
1568134197014
1568134197026
1568134197039
1568134197052
1568134197067
1568134197080
1568134197093
1568134197106
1568134197120
1568134197133
1568134197146
1568134197159
1568134197172
1568134197185
1568134197198
1568134197211
1568134197225
1568134197238
1568134197252
1568134197265
1568134197278
1568134197290
1568134197303
1568134197316
1568134197330
1568134197343
1568134197356
1568134197369
1568134197382
1568134197396
1568134197409
1568134197422
1568134197436
1568134197450
1568134197464
1568134197478
1568134197492
1568134197505
1568134197521
1568134197535
1568134197550
1568134197565
1568134197579
1568134197592
1568134197605
1568134197618
1568134197631
1568134197645
1568134197659
1568134197673
1568134197687
1568134197701
1568134197717
1568134197730
1568134197744
1568134197759
1568134197773
1568134197787
1568134197801
1568134197815
1568134197830
1568134197845
1568134197860
1568134197875
1568134197890
1568134197905
1568134197920
1568134197935
1568134197949
1568134197963
1568134197978
1568134197993
1568134198008
1568134198022
1568134198036
1568134198050
1568134198064
1568134198078
1568134198091
1568134198105
1568134198119
1568134198132
1568134198146
1568134198159
1568134198173
1568134198186
1568134198199
1568134198212
1568134198227
1568134198240
1568134198254
1568134198267
1568134198281
1568134198294
1568134198308
1568134198321
1568134198335
1568134198349
1568134198363
1568134198376
1568134198390
1568134198404
1568134198417
1568134198430
1568134198443
