1568134251567
1568134251580
1568134251595
1568134251608
1568134251620
1568134251632
1568134251645
1568134251658
1568134251670
1568134251683
1568134251695
1568134251707
1568134251720
1568134251733
1568134251746
1568134251758
1568134251771
1568134251783
1568134251796
1568134251808
1568134251821
1568134251833
1568134251845
1568134251858
1568134251870
1568134251883
1568134251896
1568134251908
1568134251921
1568134251933
1568134251946
1568134251959
1568134251971
1568134251984
1568134251997
1568134252010
1568134252023
1568134252037
1568134252051
1568134252065
1568134252078
1568134252093
1568134252107
1568134252121
1568134252135
1568134252149
1568134252163
1568134252178
1568134252192
1568134252206
1568134252220
1568134252234
1568134252248
1568134252262
1568134252275
1568134252289
1568134252301
1568134252315
1568134252328
1568134252341
1568134252355
1568134252369
1568134252383
1568134252396
1568134252410
1568134252424
1568134252438
1568134252452
1568134252465
1568134252481
1568134252495
1568134252510
1568134252524
1568134252541
1568134252555
1568134252570
1568134252583
1568134252596
1568134252609
1568134252622
1568134252635
1568134252648
1568134252660
1568134252673
1568134252687
1568134252700
1568134252714
1568134252728
1568134252742
1568134252755
1568134252767
1568134252780
1568134252793
1568134252807
1568134252819
1568134252833
1568134252846
1568134252859
1568134252872
1568134252885
1568134252898
1568134252911
1568134252924
1568134252937
1568134252950
1568134252963
1568134252976
1568134252989
1568134253002
1568134253016
1568134253029
1568134253043
1568134253056
1568134253069
1568134253082
1568134253095
1568134253108
1568134253121
1568134253134
1568134253147
1568134253160
1568134253174
1568134253187
1568134253201
1568134253213
1568134253228
1568134253241
1568134253253
1568134253266
1568134253279
1568134253292
1568134253305
1568134253318
1568134253331
1568134253345
1568134253357
1568134253370
1568134253384
1568134253397
1568134253410
1568134253423
1568134253436
1568134253449
1568134253462
1568134253475
1568134253489
1568134253502
1568134253516
1568134253529
1568134253543
