1568134198045
1568134198060
1568134198076
1568134198089
1568134198102
1568134198115
1568134198127
1568134198140
1568134198153
1568134198166
1568134198178
1568134198191
1568134198204
1568134198217
1568134198230
1568134198243
1568134198256
1568134198269
1568134198281
1568134198294
1568134198307
1568134198320
1568134198332
1568134198346
1568134198358
1568134198372
1568134198385
1568134198397
1568134198410
1568134198423
1568134198435
1568134198449
1568134198463
1568134198477
1568134198490
1568134198503
1568134198516
1568134198531
1568134198544
1568134198557
1568134198570
1568134198583
1568134198596
1568134198609
1568134198622
1568134198635
1568134198648
1568134198662
1568134198675
1568134198688
1568134198702
1568134198715
1568134198728
1568134198741
1568134198755
1568134198768
1568134198781
1568134198795
1568134198808
1568134198821
1568134198834
1568134198848
1568134198861
1568134198875
1568134198888
1568134198901
1568134198915
1568134198927
1568134198940
1568134198953
1568134198966
1568134198979
1568134198992
1568134199006
1568134199019
1568134199034
1568134199047
1568134199061
1568134199075
1568134199089
1568134199102
1568134199117
1568134199131
1568134199145
1568134199160
1568134199175
1568134199188
1568134199203
1568134199218
1568134199232
1568134199247
1568134199262
1568134199276
1568134199290
1568134199304
1568134199319
1568134199332
1568134199348
1568134199363
1568134199379
1568134199393
1568134199407
1568134199421
1568134199435
1568134199449
1568134199464
1568134199478
1568134199493
1568134199508
1568134199522
1568134199536
1568134199551
1568134199565
1568134199580
1568134199594
1568134199609
1568134199623
1568134199638
1568134199651
1568134199665
1568134199678
1568134199692
1568134199705
1568134199717
1568134199730
1568134199743
1568134199755
1568134199769
1568134199781
1568134199794
1568134199806
1568134199819
1568134199832
1568134199846
1568134199858
1568134199870
1568134199883
1568134199895
1568134199908
1568134199920
1568134199932
1568134199945
1568134199957
1568134199970
1568134199983
1568134199995
1568134200009
1568134200023
1568134200036
1568134200049
