1568134248490
1568134248504
1568134248519
1568134248532
1568134248544
1568134248557
1568134248570
1568134248583
1568134248596
1568134248609
1568134248621
1568134248634
1568134248647
1568134248660
1568134248673
1568134248687
1568134248700
1568134248714
1568134248727
1568134248740
1568134248752
1568134248765
1568134248778
1568134248791
1568134248804
1568134248818
1568134248831
1568134248844
1568134248857
1568134248870
1568134248883
1568134248897
1568134248910
1568134248924
1568134248936
1568134248949
1568134248962
1568134248976
1568134248989
1568134249002
1568134249015
1568134249029
1568134249043
1568134249057
1568134249071
1568134249086
1568134249100
1568134249114
1568134249129
1568134249144
1568134249159
1568134249174
1568134249188
1568134249202
1568134249217
1568134249232
1568134249247
1568134249261
1568134249275
1568134249291
1568134249305
1568134249321
1568134249337
1568134249351
1568134249366
1568134249381
1568134249395
1568134249410
1568134249424
1568134249439
1568134249453
1568134249468
1568134249482
1568134249496
1568134249511
1568134249525
1568134249539
1568134249553
1568134249567
1568134249582
1568134249596
1568134249610
1568134249625
1568134249639
1568134249652
1568134249667
1568134249682
1568134249696
1568134249711
1568134249726
1568134249740
1568134249754
1568134249768
1568134249782
1568134249797
1568134249811
1568134249826
1568134249840
1568134249854
1568134249869
1568134249883
1568134249897
1568134249912
1568134249926
1568134249940
1568134249954
1568134249968
1568134249982
1568134249997
1568134250012
1568134250027
1568134250040
1568134250053
1568134250067
1568134250080
1568134250093
1568134250106
1568134250120
1568134250133
1568134250146
1568134250159
1568134250174
1568134250188
1568134250201
1568134250215
1568134250228
1568134250241
1568134250255
1568134250269
1568134250282
1568134250295
1568134250308
1568134250323
1568134250338
1568134250351
1568134250365
1568134250377
1568134250391
1568134250404
1568134250418
1568134250431
1568134250444
1568134250458
1568134250471
1568134250484
1568134250498
1568134250511
1568134250524
1568134250537
1568134250550
