1568134230849
1568134230864
1568134230879
1568134230892
1568134230905
1568134230918
1568134230932
1568134230945
1568134230958
1568134230971
1568134230984
1568134230997
1568134231011
1568134231025
1568134231039
1568134231053
1568134231066
1568134231080
1568134231093
1568134231107
1568134231120
1568134231133
1568134231147
1568134231161
1568134231174
1568134231188
1568134231202
1568134231215
1568134231229
1568134231243
1568134231256
1568134231270
1568134231284
1568134231297
1568134231311
1568134231324
1568134231337
1568134231352
1568134231366
1568134231380
1568134231397
1568134231412
1568134231427
1568134231443
1568134231457
1568134231471
1568134231485
1568134231500
1568134231515
1568134231530
1568134231544
1568134231559
1568134231575
1568134231589
1568134231604
1568134231618
1568134231634
1568134231648
1568134231663
1568134231677
1568134231693
1568134231709
1568134231723
1568134231739
1568134231753
1568134231768
1568134231782
1568134231798
1568134231812
1568134231829
1568134231843
1568134231858
1568134231873
1568134231890
1568134231905
1568134231923
1568134231938
1568134231953
1568134231968
1568134231984
1568134231998
1568134232014
1568134232029
1568134232044
1568134232060
1568134232076
1568134232093
1568134232109
1568134232125
1568134232140
1568134232156
1568134232173
1568134232188
1568134232205
1568134232219
1568134232235
1568134232250
1568134232268
1568134232285
1568134232305
1568134232322
1568134232338
1568134232353
1568134232369
1568134232384
1568134232399
1568134232416
1568134232432
1568134232448
1568134232465
1568134232483
1568134232504
1568134232522
1568134232542
1568134232556
1568134232575
1568134232592
1568134232607
1568134232621
1568134232635
1568134232649
1568134232663
1568134232678
1568134232692
1568134232705
1568134232719
1568134232733
1568134232747
1568134232761
1568134232774
1568134232788
1568134232801
1568134232815
1568134232830
1568134232844
1568134232858
1568134232872
1568134232886
1568134232899
1568134232914
1568134232928
1568134232942
1568134232955
1568134232970
1568134232983
1568134232998
1568134233012
1568134233027
1568134233040
1568134233054
