1568134204539
1568134204553
1568134204568
1568134204581
1568134204593
1568134204606
1568134204619
1568134204632
1568134204645
1568134204658
1568134204670
1568134204683
1568134204696
1568134204709
1568134204722
1568134204735
1568134204748
1568134204761
1568134204774
1568134204787
1568134204800
1568134204813
1568134204826
1568134204839
1568134204851
1568134204865
1568134204877
1568134204891
1568134204903
1568134204916
1568134204929
1568134204941
1568134204954
1568134204966
1568134204979
1568134204993
1568134205006
1568134205021
1568134205034
1568134205047
1568134205059
1568134205074
1568134205087
1568134205099
1568134205113
1568134205127
1568134205141
1568134205155
1568134205167
1568134205181
1568134205195
1568134205208
1568134205221
1568134205234
1568134205247
1568134205260
1568134205273
1568134205287
1568134205300
1568134205313
1568134205326
1568134205340
1568134205353
1568134205366
1568134205379
1568134205392
1568134205406
1568134205419
1568134205432
1568134205445
1568134205458
1568134205471
1568134205485
1568134205499
1568134205513
1568134205527
1568134205541
1568134205556
1568134205570
1568134205584
1568134205597
1568134205612
1568134205627
1568134205641
1568134205656
1568134205669
1568134205684
1568134205698
1568134205712
1568134205727
1568134205741
1568134205756
1568134205769
1568134205782
1568134205797
1568134205812
1568134205826
1568134205840
1568134205855
1568134205870
1568134205884
1568134205898
1568134205912
1568134205926
1568134205941
1568134205955
1568134205969
1568134205983
1568134205997
1568134206012
1568134206026
1568134206041
1568134206055
1568134206070
1568134206084
1568134206098
1568134206112
1568134206127
1568134206141
1568134206155
1568134206168
1568134206183
1568134206196
1568134206210
1568134206224
1568134206238
1568134206251
1568134206264
1568134206277
1568134206290
1568134206303
1568134206317
1568134206330
1568134206345
1568134206359
1568134206373
1568134206387
1568134206401
1568134206415
1568134206429
1568134206443
1568134206456
1568134206470
1568134206483
1568134206496
1568134206511
1568134206524
1568134206537
1568134206551
1568134206564
