1568390184672
1568390184685
1568390184700
1568390184713
1568390184726
1568390184740
1568390184753
1568390184766
1568390184779
1568390184792
1568390184806
1568390184819
1568390184831
1568390184846
1568390184859
1568390184873
1568390184886
1568390184899
1568390184911
1568390184924
1568390184937
1568390184949
1568390184961
1568390184974
1568390184986
1568390184999
1568390185012
1568390185025
1568390185038
1568390185051
1568390185064
1568390185077
1568390185090
1568390185104
1568390185117
1568390185131
1568390185143
1568390185157
1568390185172
1568390185186
1568390185199
1568390185212
1568390185225
1568390185238
1568390185251
1568390185264
1568390185277
1568390185291
1568390185304
1568390185320
1568390185333
1568390185348
1568390185361
1568390185375
1568390185388
1568390185402
1568390185416
1568390185430
1568390185442
1568390185455
1568390185468
1568390185482
1568390185494
1568390185507
1568390185520
1568390185534
1568390185546
1568390185560
1568390185573
1568390185587
1568390185599
1568390185613
1568390185626
1568390185641
1568390185654
1568390185668
1568390185681
1568390185695
1568390185709
1568390185725
1568390185740
1568390185754
1568390185767
1568390185782
1568390185796
1568390185810
1568390185825
1568390185839
1568390185852
1568390185867
1568390185881
1568390185896
1568390185909
1568390185923
1568390185937
1568390185951
1568390185965
1568390185979
1568390185993
1568390186008
1568390186022
1568390186036
1568390186050
1568390186064
1568390186078
1568390186092
1568390186105
1568390186119
1568390186133
1568390186147
1568390186161
1568390186176
1568390186190
1568390186204
1568390186218
1568390186233
1568390186247
1568390186261
1568390186274
1568390186288
1568390186301
1568390186315
1568390186328
1568390186341
1568390186354
1568390186367
1568390186380
1568390186393
1568390186406
1568390186419
1568390186432
1568390186444
1568390186457
1568390186472
1568390186485
1568390186499
1568390186512
1568390186525
1568390186538
1568390186552
1568390186564
1568390186578
1568390186591
1568390186605
1568390186619
1568390186632
1568390186645
1568390186659
1568390186671
1568390186685
