1568390209884
1568390209899
1568390209915
1568390209928
1568390209941
1568390209954
1568390209967
1568390209981
1568390209995
1568390210009
1568390210021
1568390210035
1568390210048
1568390210062
1568390210075
1568390210088
1568390210102
1568390210115
1568390210129
1568390210142
1568390210155
1568390210169
1568390210183
1568390210197
1568390210210
1568390210226
1568390210238
1568390210251
1568390210263
1568390210277
1568390210290
1568390210304
1568390210318
1568390210331
1568390210346
1568390210360
1568390210373
1568390210387
1568390210400
1568390210413
1568390210427
1568390210440
1568390210453
1568390210466
1568390210479
1568390210493
1568390210506
1568390210520
1568390210533
1568390210547
1568390210562
1568390210575
1568390210589
1568390210603
1568390210616
1568390210629
1568390210643
1568390210656
1568390210669
1568390210682
1568390210695
1568390210709
1568390210722
1568390210735
1568390210748
1568390210762
1568390210774
1568390210787
1568390210800
1568390210814
1568390210826
1568390210840
1568390210854
1568390210868
1568390210881
1568390210895
1568390210909
1568390210924
1568390210938
1568390210952
1568390210966
1568390210980
1568390210994
1568390211007
1568390211020
1568390211035
1568390211048
1568390211063
1568390211077
1568390211091
1568390211105
1568390211118
1568390211131
1568390211145
1568390211158
1568390211172
1568390211185
1568390211200
1568390211213
1568390211228
1568390211242
1568390211256
1568390211269
1568390211284
1568390211297
1568390211311
1568390211325
1568390211340
1568390211354
1568390211368
1568390211382
1568390211396
1568390211408
1568390211421
1568390211434
1568390211447
1568390211459
1568390211471
1568390211483
1568390211496
1568390211509
1568390211522
1568390211534
1568390211547
1568390211559
1568390211571
1568390211583
1568390211597
1568390211609
1568390211622
1568390211636
1568390211649
1568390211662
1568390211676
1568390211689
1568390211702
1568390211715
1568390211728
1568390211740
1568390211752
1568390211764
1568390211777
1568390211790
1568390211803
1568390211815
1568390211831
1568390211855
1568390211871
1568390211884
1568390211897
