1568390186270
1568390186283
1568390186297
1568390186310
1568390186322
1568390186335
1568390186348
1568390186361
1568390186374
1568390186386
1568390186399
1568390186411
1568390186424
1568390186438
1568390186450
1568390186463
1568390186476
1568390186490
1568390186502
1568390186514
1568390186527
1568390186540
1568390186552
1568390186565
1568390186578
1568390186591
1568390186604
1568390186617
1568390186631
1568390186644
1568390186657
1568390186670
1568390186683
1568390186697
1568390186710
1568390186724
1568390186736
1568390186750
1568390186763
1568390186777
1568390186790
1568390186803
1568390186816
1568390186829
1568390186842
1568390186856
1568390186868
1568390186882
1568390186895
1568390186908
1568390186922
1568390186935
1568390186948
1568390186962
1568390186975
1568390186988
1568390187001
1568390187014
1568390187027
1568390187040
1568390187053
1568390187068
1568390187081
1568390187095
1568390187107
1568390187120
1568390187133
1568390187146
1568390187159
1568390187172
1568390187185
1568390187198
1568390187211
1568390187226
1568390187241
1568390187254
1568390187268
1568390187282
1568390187295
1568390187309
1568390187323
1568390187338
1568390187351
1568390187365
1568390187379
1568390187393
1568390187407
1568390187422
1568390187435
1568390187448
1568390187462
1568390187475
1568390187489
1568390187502
1568390187516
1568390187530
1568390187544
1568390187559
1568390187573
1568390187587
1568390187601
1568390187615
1568390187630
1568390187644
1568390187658
1568390187672
1568390187687
1568390187701
1568390187715
1568390187730
1568390187744
1568390187759
1568390187772
1568390187786
1568390187801
1568390187815
1568390187831
1568390187846
1568390187860
1568390187873
1568390187886
1568390187899
1568390187912
1568390187925
1568390187937
1568390187949
1568390187961
1568390187973
1568390187986
1568390187999
1568390188011
1568390188024
1568390188037
1568390188049
1568390188062
1568390188075
1568390188087
1568390188100
1568390188112
1568390188124
1568390188136
1568390188149
1568390188161
1568390188174
1568390188186
1568390188199
1568390188211
1568390188224
1568390188237
1568390188250
