1568390202114
1568390202127
1568390202142
1568390202155
1568390202168
1568390202182
1568390202195
1568390202208
1568390202220
1568390202233
1568390202245
1568390202258
1568390202270
1568390202283
1568390202296
1568390202309
1568390202321
1568390202334
1568390202346
1568390202359
1568390202371
1568390202384
1568390202396
1568390202410
1568390202422
1568390202435
1568390202448
1568390202461
1568390202474
1568390202487
1568390202500
1568390202513
1568390202527
1568390202540
1568390202552
1568390202565
1568390202577
1568390202591
1568390202604
1568390202617
1568390202630
1568390202643
1568390202656
1568390202669
1568390202683
1568390202695
1568390202709
1568390202722
1568390202735
1568390202748
1568390202761
1568390202775
1568390202787
1568390202800
1568390202813
1568390202826
1568390202839
1568390202852
1568390202864
1568390202877
1568390202889
1568390202904
1568390202917
1568390202929
1568390202941
1568390202954
1568390202967
1568390202979
1568390202992
1568390203005
1568390203017
1568390203030
1568390203043
1568390203058
1568390203071
1568390203085
1568390203098
1568390203111
1568390203124
1568390203137
1568390203151
1568390203164
1568390203178
1568390203191
1568390203204
1568390203218
1568390203231
1568390203245
1568390203257
1568390203270
1568390203284
1568390203298
1568390203311
1568390203325
1568390203339
1568390203352
1568390203366
1568390203380
1568390203394
1568390203407
1568390203420
1568390203434
1568390203447
1568390203461
1568390203474
1568390203487
1568390203500
1568390203514
1568390203527
1568390203541
1568390203555
1568390203568
1568390203580
1568390203593
1568390203606
1568390203619
1568390203632
1568390203645
1568390203658
1568390203670
1568390203683
1568390203697
1568390203709
1568390203722
1568390203734
1568390203747
1568390203760
1568390203772
1568390203784
1568390203797
1568390203809
1568390203822
1568390203834
1568390203847
1568390203860
1568390203873
1568390203885
1568390203899
1568390203913
1568390203926
1568390203940
1568390203953
1568390203967
1568390203980
1568390203994
1568390204009
1568390204022
1568390204035
1568390204049
1568390204062
