1568907018849
1568907018863
1568907018881
1568907018896
1568907018910
1568907018925
1568907018939
1568907018952
1568907018967
1568907018982
1568907018997
1568907019011
1568907019025
1568907019042
1568907019057
1568907019071
1568907019085
1568907019099
1568907019112
1568907019127
1568907019142
1568907019158
1568907019172
1568907019187
1568907019202
1568907019217
1568907019231
1568907019245
1568907019259
1568907019274
1568907019288
1568907019302
1568907019315
1568907019330
1568907019346
1568907019362
1568907019377
1568907019392
1568907019407
1568907019420
1568907019434
1568907019447
1568907019460
1568907019474
1568907019488
1568907019507
1568907019522
1568907019539
1568907019553
1568907019568
1568907019583
1568907019598
1568907019614
1568907019631
1568907019646
1568907019660
1568907019674
1568907019689
1568907019703
1568907019719
1568907019734
1568907019750
1568907019764
1568907019781
1568907019796
1568907019811
1568907019826
1568907019840
1568907019855
1568907019871
1568907019885
1568907019901
1568907019917
1568907019934
1568907019949
1568907019965
1568907019980
1568907019997
1568907020013
1568907020029
1568907020045
1568907020061
1568907020077
1568907020092
1568907020109
1568907020126
1568907020143
1568907020160
1568907020175
1568907020191
1568907020207
1568907020222
1568907020238
1568907020254
1568907020270
1568907020286
1568907020303
1568907020320
1568907020337
1568907020354
1568907020369
1568907020386
1568907020441
1568907020497
1568907020533
1568907020561
1568907020583
1568907020602
1568907020619
1568907020636
1568907020651
1568907020667
1568907020682
1568907020698
1568907020712
1568907020726
1568907020742
1568907020757
1568907020771
1568907020784
1568907020798
1568907020813
1568907020827
1568907020842
1568907020858
1568907020874
1568907020889
1568907020906
1568907020920
1568907020934
1568907020948
1568907020964
1568907020979
1568907020994
1568907021011
1568907021026
1568907021041
1568907021056
1568907021071
1568907021086
1568907021101
1568907021116
1568907021131
1568907021146
1568907021161
1568907021177
1568907021191
1568907021206
1568907021220
1568907021234
