1568907055709
1568907055727
1568907055743
1568907055759
1568907055775
1568907055791
1568907055806
1568907055821
1568907055836
1568907055853
1568907055868
1568907055884
1568907055900
1568907055916
1568907055931
1568907055946
1568907055961
1568907055978
1568907055993
1568907056008
1568907056024
1568907056040
1568907056057
1568907056071
1568907056085
1568907056104
1568907056119
1568907056134
1568907056151
1568907056165
1568907056181
1568907056198
1568907056215
1568907056230
1568907056247
1568907056263
1568907056278
1568907056295
1568907056313
1568907056329
1568907056347
1568907056365
1568907056381
1568907056401
1568907056419
1568907056437
1568907056455
1568907056475
1568907056492
1568907056512
1568907056534
1568907056554
1568907056573
1568907056593
1568907056612
1568907056632
1568907056651
1568907056670
1568907056688
1568907056705
1568907056723
1568907056743
1568907056763
1568907056783
1568907056803
1568907056826
1568907056849
1568907056872
1568907056895
1568907056916
1568907056935
1568907056955
1568907056975
1568907056993
1568907057012
1568907057032
1568907057052
1568907057071
1568907057088
1568907057107
1568907057125
1568907057144
1568907057162
1568907057181
1568907057202
1568907057222
1568907057242
1568907057261
1568907057278
1568907057296
1568907057313
1568907057331
1568907057346
1568907057361
1568907057378
1568907057394
1568907057408
1568907057424
1568907057439
1568907057454
1568907057471
1568907057488
1568907057506
1568907057521
1568907057538
1568907057555
1568907057570
1568907057586
1568907057602
1568907057619
1568907057636
1568907057652
1568907057669
1568907057686
1568907057703
1568907057718
1568907057734
1568907057751
1568907057767
1568907057785
1568907057800
1568907057815
1568907057829
1568907057843
1568907057858
1568907057876
1568907057890
1568907057907
1568907057920
1568907057939
1568907057956
1568907057973
1568907057986
1568907058005
1568907058021
1568907058038
1568907058053
1568907058067
1568907058081
1568907058099
1568907058113
1568907058129
1568907058145
1568907058159
1568907058177
1568907058194
1568907058210
1568907058224
1568907058237
1568907058250
