1568907020597
1568907020615
1568907020632
1568907020647
1568907020661
1568907020675
1568907020690
1568907020704
1568907020717
1568907020732
1568907020746
1568907020760
1568907020773
1568907020786
1568907020799
1568907020813
1568907020826
1568907020840
1568907020855
1568907020870
1568907020884
1568907020900
1568907020914
1568907020928
1568907020941
1568907020955
1568907020970
1568907020985
1568907020999
1568907021015
1568907021030
1568907021044
1568907021059
1568907021073
1568907021087
1568907021101
1568907021114
1568907021129
1568907021144
1568907021159
1568907021173
1568907021187
1568907021201
1568907021215
1568907021229
1568907021246
1568907021263
1568907021277
1568907021291
1568907021307
1568907021323
1568907021342
1568907021357
1568907021373
1568907021387
1568907021401
1568907021416
1568907021430
1568907021445
1568907021461
1568907021476
1568907021493
1568907021508
1568907021522
1568907021537
1568907021552
1568907021568
1568907021584
1568907021600
1568907021616
1568907021632
1568907021649
1568907021664
1568907021680
1568907021695
1568907021710
1568907021726
1568907021741
1568907021757
1568907021773
1568907021788
1568907021804
1568907021820
1568907021836
1568907021853
1568907021869
1568907021886
1568907021902
1568907021920
1568907021937
1568907021952
1568907021968
1568907021986
1568907022002
1568907022019
1568907022034
1568907022050
1568907022068
1568907022084
1568907022100
1568907022116
1568907022133
1568907022149
1568907022164
1568907022179
1568907022196
1568907022212
1568907022228
1568907022242
1568907022257
1568907022271
1568907022285
1568907022301
1568907022317
1568907022334
1568907022350
1568907022364
1568907022381
1568907022397
1568907022414
1568907022429
1568907022444
1568907022459
1568907022472
1568907022486
1568907022502
1568907022515
1568907022530
1568907022546
1568907022561
1568907022576
1568907022591
1568907022605
1568907022622
1568907022638
1568907022654
1568907022669
1568907022684
1568907022699
1568907022713
1568907022727
1568907022742
1568907022757
1568907022774
1568907022788
1568907022806
1568907022821
1568907022837
1568907022854
1568907022868
