1568907022232
1568907022248
1568907022263
1568907022276
1568907022291
1568907022308
1568907022323
1568907022339
1568907022353
1568907022368
1568907022384
1568907022400
1568907022416
1568907022431
1568907022446
1568907022460
1568907022473
1568907022488
1568907022503
1568907022517
1568907022531
1568907022547
1568907022561
1568907022576
1568907022590
1568907022606
1568907022621
1568907022637
1568907022652
1568907022667
1568907022680
1568907022696
1568907022710
1568907022724
1568907022738
1568907022753
1568907022768
1568907022784
1568907022800
1568907022815
1568907022830
1568907022846
1568907022862
1568907022879
1568907022894
1568907022909
1568907022928
1568907022943
1568907022959
1568907022974
1568907022988
1568907023003
1568907023017
1568907023032
1568907023047
1568907023061
1568907023079
1568907023097
1568907023112
1568907023128
1568907023141
1568907023159
1568907023175
1568907023192
1568907023210
1568907023227
1568907023243
1568907023259
1568907023274
1568907023289
1568907023304
1568907023322
1568907023336
1568907023354
1568907023370
1568907023387
1568907023403
1568907023419
1568907023435
1568907023452
1568907023469
1568907023485
1568907023502
1568907023519
1568907023535
1568907023553
1568907023571
1568907023588
1568907023603
1568907023618
1568907023634
1568907023649
1568907023666
1568907023682
1568907023699
1568907023716
1568907023732
1568907023749
1568907023765
1568907023781
1568907023797
1568907023813
1568907023829
1568907023847
1568907023864
1568907023880
1568907023894
1568907023909
1568907023922
1568907023937
1568907023954
1568907023972
1568907023987
1568907024003
1568907024019
1568907024035
1568907024051
1568907024066
1568907024083
1568907024099
1568907024114
1568907024132
1568907024147
1568907024165
1568907024180
1568907024196
1568907024212
1568907024228
1568907024243
1568907024257
1568907024273
1568907024289
1568907024304
1568907024322
1568907024338
1568907024354
1568907024369
1568907024386
1568907024402
1568907024416
1568907024430
1568907024446
1568907024462
1568907024478
1568907024492
1568907024509
1568907024525
1568907024541
1568907024556
1568907024571
