1568907015633
1568907015648
1568907015664
1568907015680
1568907015695
1568907015710
1568907015724
1568907015739
1568907015754
1568907015770
1568907015785
1568907015800
1568907015815
1568907015831
1568907015846
1568907015861
1568907015876
1568907015890
1568907015905
1568907015919
1568907015932
1568907015946
1568907015959
1568907015972
1568907015985
1568907015999
1568907016013
1568907016026
1568907016039
1568907016052
1568907016066
1568907016080
1568907016093
1568907016108
1568907016122
1568907016136
1568907016149
1568907016166
1568907016179
1568907016193
1568907016207
1568907016223
1568907016237
1568907016252
1568907016266
1568907016281
1568907016295
1568907016309
1568907016323
1568907016338
1568907016355
1568907016386
1568907016402
1568907016419
1568907016435
1568907016453
1568907016468
1568907016483
1568907016500
1568907016526
1568907016540
1568907016555
1568907016571
1568907016587
1568907016602
1568907016616
1568907016631
1568907016646
1568907016661
1568907016676
1568907016690
1568907016706
1568907016721
1568907016736
1568907016751
1568907016767
1568907016783
1568907016800
1568907016815
1568907016831
1568907016847
1568907016863
1568907016879
1568907016894
1568907016909
1568907016926
1568907016941
1568907016958
1568907016973
1568907016989
1568907017005
1568907017020
1568907017037
1568907017052
1568907017069
1568907017085
1568907017100
1568907017115
1568907017131
1568907017146
1568907017163
1568907017178
1568907017194
1568907017209
1568907017225
1568907017242
1568907017256
1568907017271
1568907017285
1568907017300
1568907017315
1568907017331
1568907017346
1568907017363
1568907017378
1568907017394
1568907017408
1568907017422
1568907017435
1568907017448
1568907017461
1568907017475
1568907017488
1568907017502
1568907017516
1568907017531
1568907017546
1568907017561
1568907017577
1568907017592
1568907017605
1568907017619
1568907017632
1568907017649
1568907017663
1568907017678
1568907017692
1568907017706
1568907017720
1568907017736
1568907017751
1568907017765
1568907017780
1568907017795
1568907017810
1568907017824
1568907017837
1568907017852
1568907017867
1568907017884
