1568907063631
1568907063646
1568907063661
1568907063676
1568907063691
1568907063704
1568907063718
1568907063732
1568907063747
1568907063762
1568907063775
1568907063790
1568907063807
1568907063824
1568907063838
1568907063852
1568907063865
1568907063878
1568907063893
1568907063907
1568907063921
1568907063937
1568907063952
1568907063970
1568907063986
1568907064003
1568907064020
1568907064037
1568907064053
1568907064070
1568907064086
1568907064103
1568907064117
1568907064131
1568907064145
1568907064161
1568907064176
1568907064192
1568907064209
1568907064224
1568907064241
1568907064255
1568907064269
1568907064282
1568907064295
1568907064309
1568907064328
1568907064346
1568907064361
1568907064378
1568907064392
1568907064407
1568907064422
1568907064437
1568907064452
1568907064468
1568907064485
1568907064500
1568907064513
1568907064528
1568907064541
1568907064585
1568907064654
1568907064690
1568907064713
1568907064734
1568907064752
1568907064767
1568907064782
1568907064796
1568907064808
1568907064821
1568907064833
1568907064847
1568907064859
1568907064873
1568907064887
1568907064901
1568907064915
1568907064930
1568907064944
1568907064958
1568907064973
1568907064987
1568907065000
1568907065013
1568907065026
1568907065039
1568907065052
1568907065065
1568907065079
1568907065092
1568907065105
1568907065118
1568907065131
1568907065144
1568907065157
1568907065170
1568907065183
1568907065198
1568907065212
1568907065226
1568907065239
1568907065252
1568907065265
1568907065279
1568907065292
1568907065304
1568907065317
1568907065331
1568907065344
1568907065357
1568907065369
1568907065382
1568907065394
1568907065407
1568907065420
1568907065433
1568907065447
1568907065461
1568907065475
1568907065488
1568907065501
1568907065516
1568907065531
1568907065545
1568907065560
1568907065574
1568907065589
1568907065604
1568907065618
1568907065633
1568907065648
1568907065663
1568907065678
1568907065693
1568907065708
1568907065723
1568907065737
1568907065753
1568907065768
1568907065782
1568907065795
1568907065808
1568907065822
1568907065836
1568907065850
1568907065863
1568907065876
1568907065890
