1568907014023
1568907014037
1568907014053
1568907014067
1568907014081
1568907014095
1568907014109
1568907014123
1568907014138
1568907014152
1568907014166
1568907014180
1568907014193
1568907014208
1568907014223
1568907014237
1568907014251
1568907014264
1568907014277
1568907014291
1568907014304
1568907014318
1568907014331
1568907014344
1568907014357
1568907014371
1568907014385
1568907014398
1568907014412
1568907014427
1568907014441
1568907014457
1568907014471
1568907014484
1568907014497
1568907014511
1568907014525
1568907014540
1568907014554
1568907014568
1568907014582
1568907014598
1568907014613
1568907014627
1568907014641
1568907014655
1568907014669
1568907014683
1568907014697
1568907014712
1568907014726
1568907014741
1568907014755
1568907014770
1568907014784
1568907014799
1568907014815
1568907014829
1568907014844
1568907014858
1568907014872
1568907014888
1568907014903
1568907014919
1568907014934
1568907014949
1568907014963
1568907014978
1568907014993
1568907015008
1568907015022
1568907015037
1568907015051
1568907015067
1568907015082
1568907015098
1568907015113
1568907015128
1568907015142
1568907015158
1568907015173
1568907015188
1568907015203
1568907015218
1568907015233
1568907015249
1568907015265
1568907015282
1568907015298
1568907015314
1568907015329
1568907015344
1568907015360
1568907015375
1568907015391
1568907015407
1568907015421
1568907015437
1568907015452
1568907015468
1568907015486
1568907015503
1568907015518
1568907015533
1568907015548
1568907015563
1568907015577
1568907015592
1568907015607
1568907015623
1568907015637
1568907015652
1568907015666
1568907015683
1568907015699
1568907015714
1568907015728
1568907015745
1568907015761
1568907015776
1568907015790
1568907015807
1568907015822
1568907015838
1568907015853
1568907015868
1568907015882
1568907015897
1568907015911
1568907015925
1568907015939
1568907015953
1568907015966
1568907015980
1568907015993
1568907016007
1568907016020
1568907016034
1568907016047
1568907016060
1568907016073
1568907016087
1568907016102
1568907016116
1568907016130
1568907016145
1568907016161
1568907016176
1568907016189
1568907016202
