1568907025526
1568907025542
1568907025560
1568907025576
1568907025592
1568907025608
1568907025624
1568907025640
1568907025655
1568907025671
1568907025687
1568907025703
1568907025718
1568907025735
1568907025751
1568907025767
1568907025783
1568907025798
1568907025815
1568907025830
1568907025845
1568907025862
1568907025881
1568907025900
1568907025919
1568907025940
1568907025957
1568907025975
1568907025993
1568907026010
1568907026025
1568907026043
1568907026061
1568907026079
1568907026094
1568907026111
1568907026129
1568907026149
1568907026171
1568907026190
1568907026210
1568907026228
1568907026244
1568907026264
1568907026284
1568907026302
1568907026318
1568907026335
1568907026349
1568907026364
1568907026382
1568907026404
1568907026422
1568907026440
1568907026456
1568907026476
1568907026495
1568907026517
1568907026536
1568907026559
1568907026577
1568907026596
1568907026612
1568907026629
1568907026646
1568907026662
1568907026677
1568907026696
1568907026713
1568907026730
1568907026746
1568907026763
1568907026780
1568907026797
1568907026815
1568907026833
1568907026848
1568907026863
1568907026881
1568907026901
1568907026921
1568907026940
1568907026959
1568907026978
1568907026995
1568907027014
1568907027034
1568907027053
1568907027071
1568907027091
1568907027111
1568907027130
1568907027148
1568907027166
1568907027186
1568907027205
1568907027223
1568907027244
1568907027262
1568907027279
1568907027297
1568907027314
1568907027331
1568907027351
1568907027368
1568907027386
1568907027405
1568907027423
1568907027440
1568907027458
1568907027475
1568907027493
1568907027511
1568907027530
1568907027547
1568907027565
1568907027584
1568907027605
1568907027628
1568907027650
1568907027668
1568907027687
1568907027706
1568907027726
1568907027745
1568907027762
1568907027781
1568907027802
1568907027820
1568907027838
1568907027861
1568907027881
1568907027897
1568907027918
1568907027935
1568907027954
1568907027970
1568907027987
1568907028006
1568907028024
1568907028041
1568907028060
1568907028078
1568907028097
1568907028114
1568907028138
1568907028163
1568907028180
1568907028205
1568907028226
