1568907049317
1568907049335
1568907049355
1568907049369
1568907049383
1568907049396
1568907049408
1568907049422
1568907049436
1568907049454
1568907049470
1568907049485
1568907049500
1568907049515
1568907049528
1568907049543
1568907049559
1568907049574
1568907049588
1568907049604
1568907049618
1568907049632
1568907049647
1568907049663
1568907049678
1568907049692
1568907049708
1568907049723
1568907049738
1568907049754
1568907049769
1568907049784
1568907049798
1568907049812
1568907049825
1568907049840
1568907049856
1568907049872
1568907049887
1568907049904
1568907049920
1568907049934
1568907049949
1568907049967
1568907049982
1568907049995
1568907050008
1568907050026
1568907050041
1568907050059
1568907050074
1568907050088
1568907050105
1568907050125
1568907050143
1568907050159
1568907050173
1568907050189
1568907050205
1568907050223
1568907050238
1568907050256
1568907050272
1568907050289
1568907050303
1568907050318
1568907050333
1568907050349
1568907050364
1568907050380
1568907050395
1568907050410
1568907050425
1568907050440
1568907050455
1568907050473
1568907050489
1568907050506
1568907050522
1568907050538
1568907050552
1568907050568
1568907050586
1568907050604
1568907050621
1568907050638
1568907050655
1568907050671
1568907050687
1568907050704
1568907050721
1568907050736
1568907050750
1568907050767
1568907050783
1568907050799
1568907050815
1568907050831
1568907050847
1568907050864
1568907050879
1568907050895
1568907050911
1568907050927
1568907050941
1568907050957
1568907050974
1568907050990
1568907051005
1568907051020
1568907051035
1568907051050
1568907051065
1568907051082
1568907051098
1568907051112
1568907051126
1568907051139
1568907051152
1568907051166
1568907051179
1568907051197
1568907051214
1568907051230
1568907051245
1568907051261
1568907051276
1568907051290
1568907051304
1568907051317
1568907051330
1568907051344
1568907051357
1568907051372
1568907051386
1568907051401
1568907051414
1568907051428
1568907051444
1568907051461
1568907051477
1568907051493
1568907051507
1568907051525
1568907051540
1568907051558
1568907051573
1568907051587
1568907051605
1568907051621
