1568645428338
1568645428351
1568645428366
1568645428378
1568645428391
1568645428404
1568645428417
1568645428430
1568645428442
1568645428454
1568645428467
1568645428479
1568645428492
1568645428506
1568645428518
1568645428530
1568645428543
1568645428556
1568645428568
1568645428581
1568645428593
1568645428606
1568645428618
1568645428631
1568645428644
1568645428657
1568645428669
1568645428682
1568645428694
1568645428707
1568645428720
1568645428733
1568645428745
1568645428759
1568645428771
1568645428783
1568645428796
1568645428811
1568645428824
1568645428836
1568645428849
1568645428862
1568645428874
1568645428888
1568645428901
1568645428914
1568645428928
1568645428942
1568645428955
1568645428970
1568645428983
1568645428997
1568645429010
1568645429023
1568645429036
1568645429049
1568645429062
1568645429076
1568645429089
1568645429102
1568645429115
1568645429129
1568645429142
1568645429156
1568645429169
1568645429182
1568645429195
1568645429209
1568645429222
1568645429235
1568645429248
1568645429262
1568645429275
1568645429289
1568645429307
1568645429321
1568645429334
1568645429348
1568645429363
1568645429378
1568645429392
1568645429407
1568645429420
1568645429434
1568645429448
1568645429463
1568645429477
1568645429492
1568645429506
1568645429520
1568645429535
1568645429549
1568645429564
1568645429579
1568645429593
1568645429608
1568645429622
1568645429638
1568645429652
1568645429667
1568645429681
1568645429696
1568645429710
1568645429724
1568645429738
1568645429752
1568645429766
1568645429780
1568645429795
1568645429811
1568645429826
1568645429840
1568645429855
1568645429870
1568645429884
1568645429898
1568645429911
1568645429925
1568645429937
1568645429951
1568645429964
1568645429978
1568645429991
1568645430004
1568645430017
1568645430031
1568645430044
1568645430058
1568645430071
1568645430084
1568645430097
1568645430111
1568645430124
1568645430138
1568645430152
1568645430166
1568645430179
1568645430193
1568645430207
1568645430220
1568645430234
1568645430247
1568645430260
1568645430273
1568645430286
1568645430300
1568645430313
1568645430326
1568645430340
1568645430354
