1568645482095
1568645482113
1568645482128
1568645482141
1568645482156
1568645482171
1568645482186
1568645482200
1568645482214
1568645482226
1568645482238
1568645482251
1568645482263
1568645482279
1568645482294
1568645482309
1568645482323
1568645482337
1568645482351
1568645482366
1568645482380
1568645482394
1568645482408
1568645482422
1568645482437
1568645482451
1568645482466
1568645482481
1568645482495
1568645482510
1568645482525
1568645482539
1568645482556
1568645482570
1568645482583
1568645482595
1568645482609
1568645482623
1568645482637
1568645482651
1568645482663
1568645482676
1568645482689
1568645482703
1568645482715
1568645482728
1568645482741
1568645482754
1568645482768
1568645482783
1568645482797
1568645482810
1568645482826
1568645482842
1568645482857
1568645482872
1568645482886
1568645482901
1568645482919
1568645482937
1568645482951
1568645482966
1568645482981
1568645482995
1568645483009
1568645483023
1568645483038
1568645483052
1568645483066
1568645483080
1568645483094
1568645483109
1568645483123
1568645483137
1568645483149
1568645483161
1568645483174
1568645483186
1568645483198
1568645483211
1568645483223
1568645483235
1568645483248
1568645483260
1568645483273
1568645483286
1568645483298
1568645483311
1568645483323
1568645483335
1568645483347
1568645483360
1568645483372
1568645483385
1568645483397
1568645483410
1568645483425
1568645483439
1568645483454
1568645483468
1568645483479
1568645483491
1568645483504
1568645483516
1568645483529
1568645483542
1568645483555
1568645483567
1568645483580
1568645483592
1568645483604
1568645483617
1568645483629
1568645483642
1568645483654
1568645483667
1568645483679
1568645483692
1568645483703
1568645483716
1568645483729
1568645483742
1568645483755
1568645483767
1568645483780
1568645483792
1568645483805
1568645483818
1568645483831
1568645483845
1568645483858
1568645483872
1568645483885
1568645483899
1568645483912
1568645483925
1568645483937
1568645483949
1568645483962
1568645483974
1568645483986
1568645483998
1568645484011
1568645484024
1568645484037
1568645484050
1568645484062
1568645484075
1568645484087
1568645484099
