1568645460554
1568645460568
1568645460582
1568645460596
1568645460610
1568645460624
1568645460637
1568645460650
1568645460663
1568645460679
1568645460692
1568645460705
1568645460718
1568645460733
1568645460746
1568645460759
1568645460771
1568645460785
1568645460800
1568645460815
1568645460828
1568645460842
1568645460856
1568645460870
1568645460883
1568645460897
1568645460912
1568645460925
1568645460939
1568645460953
1568645460968
1568645460981
1568645460993
1568645461008
1568645461022
1568645461035
1568645461049
1568645461063
1568645461127
1568645461187
1568645461227
1568645461249
1568645461268
1568645461286
1568645461301
1568645461315
1568645461328
1568645461341
1568645461354
1568645461368
1568645461381
1568645461394
1568645461406
1568645461419
1568645461432
1568645461445
1568645461457
1568645461470
1568645461483
1568645461497
1568645461511
1568645461526
1568645461539
1568645461552
1568645461564
1568645461577
1568645461591
1568645461604
1568645461618
1568645461632
1568645461646
1568645461661
1568645461675
1568645461690
1568645461703
1568645461716
1568645461728
1568645461742
1568645461755
1568645461770
1568645461783
1568645461797
1568645461810
1568645461824
1568645461838
1568645461853
1568645461870
1568645461885
1568645461899
1568645461914
1568645461929
1568645461943
1568645461957
1568645461972
1568645461986
1568645462001
1568645462016
1568645462031
1568645462045
1568645462060
1568645462074
1568645462088
1568645462103
1568645462118
1568645462134
1568645462148
1568645462164
1568645462179
1568645462193
1568645462209
1568645462225
1568645462240
1568645462254
1568645462272
1568645462287
1568645462302
1568645462317
1568645462331
1568645462347
1568645462364
1568645462379
1568645462397
1568645462414
1568645462431
1568645462446
1568645462461
1568645462477
1568645462491
1568645462505
1568645462519
1568645462533
1568645462547
1568645462562
1568645462575
1568645462588
1568645462602
1568645462615
1568645462628
1568645462640
1568645462655
1568645462668
1568645462683
1568645462696
1568645462710
1568645462723
1568645462737
1568645462752
1568645462765
1568645462778
1568645462791
