1568645462273
1568645462288
1568645462304
1568645462318
1568645462332
1568645462348
1568645462364
1568645462379
1568645462394
1568645462411
1568645462425
1568645462440
1568645462455
1568645462471
1568645462486
1568645462499
1568645462513
1568645462528
1568645462542
1568645462555
1568645462568
1568645462580
1568645462593
1568645462607
1568645462621
1568645462634
1568645462647
1568645462662
1568645462676
1568645462690
1568645462703
1568645462716
1568645462728
1568645462742
1568645462755
1568645462768
1568645462782
1568645462795
1568645462809
1568645462827
1568645462842
1568645462858
1568645462871
1568645462885
1568645462899
1568645462914
1568645462931
1568645462945
1568645462958
1568645462972
1568645462985
1568645463000
1568645463013
1568645463026
1568645463039
1568645463052
1568645463065
1568645463079
1568645463093
1568645463107
1568645463122
1568645463136
1568645463150
1568645463163
1568645463176
1568645463190
1568645463204
1568645463217
1568645463229
1568645463246
1568645463262
1568645463276
1568645463289
1568645463304
1568645463318
1568645463332
1568645463345
1568645463359
1568645463373
1568645463388
1568645463402
1568645463417
1568645463430
1568645463443
1568645463457
1568645463472
1568645463485
1568645463499
1568645463512
1568645463525
1568645463539
1568645463552
1568645463567
1568645463582
1568645463596
1568645463611
1568645463625
1568645463640
1568645463656
1568645463670
1568645463683
1568645463697
1568645463711
1568645463725
1568645463740
1568645463755
1568645463770
1568645463784
1568645463797
1568645463811
1568645463827
1568645463842
1568645463857
1568645463871
1568645463885
1568645463901
1568645463916
1568645463929
1568645463942
1568645463958
1568645463973
1568645463988
1568645464002
1568645464017
1568645464032
1568645464048
1568645464062
1568645464077
1568645464091
1568645464107
1568645464121
1568645464136
1568645464150
1568645464166
1568645464180
1568645464194
1568645464209
1568645464223
1568645464235
1568645464248
1568645464261
1568645464275
1568645464289
1568645464302
1568645464317
1568645464332
1568645464346
1568645464359
1568645464373
1568645464386
