1568645465619
1568645465633
1568645465648
1568645465662
1568645465675
1568645465688
1568645465701
1568645465714
1568645465726
1568645465738
1568645465749
1568645465762
1568645465775
1568645465788
1568645465802
1568645465815
1568645465828
1568645465842
1568645465855
1568645465870
1568645465884
1568645465897
1568645465909
1568645465922
1568645465934
1568645465948
1568645465960
1568645465972
1568645465985
1568645466000
1568645466013
1568645466026
1568645466039
1568645466052
1568645466066
1568645466081
1568645466095
1568645466109
1568645466125
1568645466144
1568645466161
1568645466176
1568645466190
1568645466204
1568645466217
1568645466232
1568645466245
1568645466260
1568645466274
1568645466288
1568645466302
1568645466318
1568645466332
1568645466346
1568645466359
1568645466374
1568645466388
1568645466402
1568645466414
1568645466428
1568645466442
1568645466457
1568645466471
1568645466484
1568645466498
1568645466513
1568645466529
1568645466544
1568645466557
1568645466571
1568645466589
1568645466603
1568645466617
1568645466631
1568645466644
1568645466659
1568645466671
1568645466686
1568645466699
1568645466713
1568645466727
1568645466740
1568645466754
1568645466768
1568645466782
1568645466797
1568645466811
1568645466825
1568645466841
1568645466857
1568645466871
1568645466886
1568645466900
1568645466914
1568645466927
1568645466941
1568645466954
1568645466969
1568645466984
1568645466998
1568645467012
1568645467026
1568645467040
1568645467054
1568645467068
1568645467082
1568645467096
1568645467110
1568645467124
1568645467140
1568645467154
1568645467168
1568645467183
1568645467198
1568645467213
1568645467227
1568645467240
1568645467253
1568645467266
1568645467279
1568645467293
1568645467307
1568645467320
1568645467334
1568645467347
1568645467361
1568645467374
1568645467387
1568645467400
1568645467414
1568645467427
1568645467442
1568645467458
1568645467472
1568645467486
1568645467501
1568645467515
1568645467530
1568645467544
1568645467560
1568645467574
1568645467589
1568645467603
1568645467616
1568645467631
1568645467644
1568645467657
1568645467670
1568645467683
1568645467696
