1568908887852
1568908887866
1568908887880
1568908887892
1568908887905
1568908887918
1568908887931
1568908887943
1568908887956
1568908887969
1568908887982
1568908887995
1568908888007
1568908888020
1568908888031
1568908888044
1568908888057
1568908888070
1568908888084
1568908888097
1568908888110
1568908888122
1568908888134
1568908888148
1568908888162
1568908888176
1568908888189
1568908888203
1568908888215
1568908888229
1568908888242
1568908888255
1568908888266
1568908888279
1568908888292
1568908888304
1568908888317
1568908888332
1568908888344
1568908888357
1568908888369
1568908888382
1568908888395
1568908888409
1568908888422
1568908888435
1568908888448
1568908888461
1568908888475
1568908888492
1568908888505
1568908888519
1568908888532
1568908888546
1568908888559
1568908888573
1568908888586
1568908888599
1568908888612
1568908888626
1568908888639
1568908888653
1568908888666
1568908888679
1568908888693
1568908888705
1568908888718
1568908888733
1568908888745
1568908888758
1568908888771
1568908888784
1568908888799
1568908888814
1568908888827
1568908888842
1568908888855
1568908888869
1568908888882
1568908888895
1568908888907
1568908888921
1568908888934
1568908888948
1568908888962
1568908888976
1568908888991
1568908889005
1568908889019
1568908889033
1568908889047
1568908889060
1568908889074
1568908889088
1568908889101
1568908889115
1568908889129
1568908889144
1568908889157
1568908889172
1568908889186
1568908889200
1568908889213
1568908889228
1568908889242
1568908889256
1568908889269
1568908889283
1568908889297
1568908889312
1568908889327
1568908889341
1568908889356
1568908889370
1568908889383
1568908889397
1568908889409
1568908889424
1568908889437
1568908889450
1568908889464
1568908889479
1568908889492
1568908889505
1568908889517
1568908889530
1568908889543
1568908889558
1568908889572
1568908889585
1568908889597
1568908889609
1568908889623
1568908889637
1568908889651
1568908889666
1568908889679
1568908889693
1568908889707
1568908889721
1568908889735
1568908889748
1568908889762
1568908889776
1568908889789
1568908889803
1568908889817
1568908889833
1568908889846
1568908889860
