1568908886275
1568908886288
1568908886303
1568908886316
1568908886329
1568908886343
1568908886357
1568908886370
1568908886383
1568908886398
1568908886411
1568908886424
1568908886437
1568908886452
1568908886466
1568908886479
1568908886491
1568908886504
1568908886517
1568908886530
1568908886544
1568908886558
1568908886571
1568908886583
1568908886597
1568908886611
1568908886625
1568908886639
1568908886652
1568908886666
1568908886683
1568908886697
1568908886710
1568908886723
1568908886737
1568908886750
1568908886763
1568908886777
1568908886791
1568908886804
1568908886816
1568908886830
1568908886843
1568908886856
1568908886869
1568908886883
1568908886896
1568908886909
1568908886922
1568908886936
1568908886948
1568908886962
1568908886976
1568908886989
1568908887004
1568908887017
1568908887030
1568908887044
1568908887057
1568908887070
1568908887083
1568908887097
1568908887110
1568908887123
1568908887137
1568908887150
1568908887163
1568908887176
1568908887189
1568908887203
1568908887216
1568908887230
1568908887243
1568908887257
1568908887271
1568908887286
1568908887300
1568908887314
1568908887327
1568908887340
1568908887353
1568908887367
1568908887380
1568908887393
1568908887406
1568908887420
1568908887434
1568908887448
1568908887461
1568908887475
1568908887487
1568908887501
1568908887514
1568908887527
1568908887541
1568908887554
1568908887568
1568908887582
1568908887596
1568908887609
1568908887623
1568908887636
1568908887650
1568908887663
1568908887677
1568908887691
1568908887704
1568908887718
1568908887731
1568908887745
1568908887758
1568908887771
1568908887785
1568908887800
1568908887814
1568908887827
1568908887840
1568908887854
1568908887866
1568908887879
1568908887891
1568908887906
1568908887920
1568908887933
1568908887946
1568908887960
1568908887973
1568908887987
1568908888000
1568908888012
1568908888023
1568908888036
1568908888048
1568908888062
1568908888077
1568908888091
1568908888103
1568908888116
1568908888128
1568908888142
1568908888155
1568908888168
1568908888181
1568908888196
1568908888210
1568908888223
1568908888237
1568908888250
1568908888261
1568908888274
