1568908879920
1568908879935
1568908879951
1568908879963
1568908879975
1568908879988
1568908880001
1568908880013
1568908880026
1568908880039
1568908880054
1568908880067
1568908880080
1568908880095
1568908880109
1568908880123
1568908880135
1568908880148
1568908880161
1568908880175
1568908880189
1568908880202
1568908880215
1568908880228
1568908880241
1568908880254
1568908880267
1568908880279
1568908880292
1568908880305
1568908880317
1568908880331
1568908880344
1568908880356
1568908880369
1568908880382
1568908880394
1568908880408
1568908880421
1568908880434
1568908880447
1568908880460
1568908880473
1568908880486
1568908880499
1568908880512
1568908880525
1568908880538
1568908880551
1568908880565
1568908880578
1568908880591
1568908880604
1568908880617
1568908880631
1568908880644
1568908880656
1568908880670
1568908880682
1568908880696
1568908880708
1568908880723
1568908880736
1568908880749
1568908880762
1568908880775
1568908880788
1568908880800
1568908880813
1568908880826
1568908880838
1568908880851
1568908880863
1568908880877
1568908880891
1568908880904
1568908880918
1568908880931
1568908880945
1568908880958
1568908880972
1568908880985
1568908880999
1568908881012
1568908881025
1568908881039
1568908881052
1568908881066
1568908881079
1568908881093
1568908881106
1568908881120
1568908881132
1568908881145
1568908881159
1568908881172
1568908881186
1568908881201
1568908881214
1568908881228
1568908881242
1568908881256
1568908881270
1568908881284
1568908881299
1568908881313
1568908881327
1568908881341
1568908881355
1568908881369
1568908881383
1568908881396
1568908881409
1568908881423
1568908881437
1568908881450
1568908881464
1568908881477
1568908881490
1568908881503
1568908881515
1568908881529
1568908881542
1568908881556
1568908881569
1568908881582
1568908881595
1568908881608
1568908881621
1568908881633
1568908881647
1568908881661
1568908881673
1568908881687
1568908881700
1568908881714
1568908881728
1568908881741
1568908881754
1568908881767
1568908881780
1568908881794
1568908881807
1568908881820
1568908881834
1568908881848
1568908881861
1568908881874
1568908881887
1568908881900
