1568908881502
1568908881516
1568908881530
1568908881543
1568908881555
1568908881568
1568908881581
1568908881593
1568908881606
1568908881618
1568908881631
1568908881643
1568908881656
1568908881669
1568908881681
1568908881694
1568908881706
1568908881718
1568908881731
1568908881743
1568908881755
1568908881768
1568908881780
1568908881793
1568908881806
1568908881819
1568908881833
1568908881845
1568908881858
1568908881870
1568908881882
1568908881895
1568908881907
1568908881920
1568908881933
1568908881945
1568908881958
1568908881971
1568908881985
1568908881998
1568908882009
1568908882022
1568908882034
1568908882047
1568908882059
1568908882072
1568908882084
1568908882098
1568908882110
1568908882124
1568908882137
1568908882150
1568908882163
1568908882176
1568908882188
1568908882200
1568908882212
1568908882224
1568908882237
1568908882250
1568908882262
1568908882276
1568908882289
1568908882302
1568908882315
1568908882328
1568908882341
1568908882354
1568908882367
1568908882380
1568908882393
1568908882406
1568908882419
1568908882433
1568908882446
1568908882460
1568908882473
1568908882488
1568908882502
1568908882516
1568908882530
1568908882543
1568908882557
1568908882571
1568908882585
1568908882600
1568908882614
1568908882627
1568908882641
1568908882655
1568908882668
1568908882682
1568908882696
1568908882710
1568908882724
1568908882738
1568908882752
1568908882766
1568908882779
1568908882793
1568908882807
1568908882821
1568908882835
1568908882849
1568908882863
1568908882877
1568908882890
1568908882904
1568908882917
1568908882932
1568908882946
1568908882961
1568908882975
1568908882989
1568908883002
1568908883016
1568908883030
1568908883044
1568908883058
1568908883072
1568908883086
1568908883101
1568908883114
1568908883129
1568908883141
1568908883154
1568908883167
1568908883180
1568908883194
1568908883208
1568908883221
1568908883235
1568908883248
1568908883263
1568908883275
1568908883288
1568908883300
1568908883313
1568908883327
1568908883340
1568908883353
1568908883366
1568908883378
1568908883391
1568908883404
1568908883418
1568908883430
1568908883443
1568908883455
1568908883467
