1568908915279
1568908915294
1568908915310
1568908915324
1568908915337
1568908915349
1568908915363
1568908915379
1568908915393
1568908915408
1568908915422
1568908915437
1568908915452
1568908915467
1568908915482
1568908915496
1568908915509
1568908915524
1568908915539
1568908915553
1568908915567
1568908915580
1568908915594
1568908915609
1568908915625
1568908915641
1568908915655
1568908915669
1568908915682
1568908915696
1568908915710
1568908915725
1568908915739
1568908915753
1568908915767
1568908915781
1568908915796
1568908915811
1568908915825
1568908915840
1568908915854
1568908915868
1568908915882
1568908915896
1568908915908
1568908915922
1568908915934
1568908915946
1568908915959
1568908915973
1568908916038
1568908916084
1568908916119
1568908916145
1568908916166
1568908916185
1568908916202
1568908916218
1568908916231
1568908916243
1568908916256
1568908916270
1568908916283
1568908916297
1568908916310
1568908916324
1568908916337
1568908916352
1568908916366
1568908916381
1568908916395
1568908916408
1568908916422
1568908916438
1568908916453
1568908916467
1568908916480
1568908916495
1568908916511
1568908916526
1568908916541
1568908916556
1568908916571
1568908916589
1568908916604
1568908916621
1568908916637
1568908916652
1568908916667
1568908916683
1568908916700
1568908916715
1568908916729
1568908916745
1568908916759
1568908916776
1568908916793
1568908916809
1568908916824
1568908916839
1568908916853
1568908916868
1568908916884
1568908916898
1568908916913
1568908916928
1568908916942
1568908916957
1568908916971
1568908916988
1568908917004
1568908917019
1568908917033
1568908917047
1568908917062
1568908917076
1568908917091
1568908917106
1568908917121
1568908917135
1568908917150
1568908917164
1568908917178
1568908917192
1568908917205
1568908917221
1568908917234
1568908917247
1568908917260
1568908917275
1568908917290
1568908917304
1568908917319
1568908917334
1568908917349
1568908917363
1568908917376
1568908917389
1568908917401
1568908917414
1568908917429
1568908917445
1568908917460
1568908917475
1568908917489
1568908917505
1568908917519
1568908917534
1568908917549
1568908917564
