1568908291471
1568908291484
1568908291498
1568908291511
1568908291524
1568908291538
1568908291551
1568908291564
1568908291577
1568908291591
1568908291604
1568908291617
1568908291629
1568908291644
1568908291658
1568908291672
1568908291685
1568908291699
1568908291712
1568908291725
1568908291739
1568908291753
1568908291767
1568908291782
1568908291795
1568908291810
1568908291824
1568908291838
1568908291852
1568908291866
1568908291879
1568908291892
1568908291906
1568908291919
1568908291933
1568908291946
1568908291959
1568908291974
1568908291988
1568908292002
1568908292015
1568908292029
1568908292042
1568908292056
1568908292069
1568908292083
1568908292097
1568908292111
1568908292125
1568908292140
1568908292154
1568908292167
1568908292181
1568908292195
1568908292208
1568908292223
1568908292236
1568908292250
1568908292263
1568908292278
1568908292292
1568908292307
1568908292322
1568908292336
1568908292349
1568908292363
1568908292377
1568908292390
1568908292404
1568908292418
1568908292431
1568908292447
1568908292462
1568908292476
1568908292491
1568908292506
1568908292521
1568908292535
1568908292550
1568908292564
1568908292578
1568908292592
1568908292606
1568908292620
1568908292634
1568908292650
1568908292665
1568908292680
1568908292695
1568908292710
1568908292725
1568908292740
1568908292755
1568908292769
1568908292783
1568908292798
1568908292812
1568908292827
1568908292842
1568908292856
1568908292871
1568908292886
1568908292900
1568908292915
1568908292929
1568908292944
1568908292957
1568908292972
1568908292984
1568908292998
1568908293012
1568908293028
1568908293042
1568908293057
1568908293071
1568908293088
1568908293104
1568908293119
1568908293133
1568908293149
1568908293164
1568908293180
1568908293196
1568908293216
1568908293231
1568908293245
1568908293258
1568908293271
1568908293285
1568908293298
1568908293311
1568908293325
1568908293339
1568908293354
1568908293367
1568908293379
1568908293392
1568908293404
1568908293418
1568908293432
1568908293445
1568908293459
1568908293472
1568908293484
1568908293497
1568908293510
1568908293522
1568908293535
1568908293549
1568908293563
