1568908341149
1568908341166
1568908341182
1568908341196
1568908341210
1568908341225
1568908341239
1568908341255
1568908341270
1568908341285
1568908341301
1568908341316
1568908341330
1568908341347
1568908341362
1568908341377
1568908341394
1568908341409
1568908341424
1568908341438
1568908341452
1568908341467
1568908341480
1568908341493
1568908341505
1568908341519
1568908341532
1568908341547
1568908341561
1568908341576
1568908341592
1568908341607
1568908341621
1568908341635
1568908341649
1568908341665
1568908341679
1568908341693
1568908341710
1568908341726
1568908341740
1568908341757
1568908341771
1568908341788
1568908341803
1568908341818
1568908341835
1568908341851
1568908341864
1568908341880
1568908341894
1568908341907
1568908341922
1568908341937
1568908341954
1568908341969
1568908341986
1568908342002
1568908342016
1568908342029
1568908342045
1568908342059
1568908342073
1568908342088
1568908342101
1568908342117
1568908342132
1568908342148
1568908342163
1568908342178
1568908342192
1568908342207
1568908342222
1568908342237
1568908342252
1568908342268
1568908342283
1568908342298
1568908342313
1568908342329
1568908342344
1568908342360
1568908342376
1568908342393
1568908342408
1568908342424
1568908342439
1568908342456
1568908342472
1568908342487
1568908342501
1568908342515
1568908342570
1568908342617
1568908342649
1568908342676
1568908342697
1568908342719
1568908342737
1568908342753
1568908342768
1568908342783
1568908342796
1568908342811
1568908342827
1568908342843
1568908342858
1568908342873
1568908342887
1568908342903
1568908342920
1568908342935
1568908342950
1568908342964
1568908342978
1568908342993
1568908343008
1568908343023
1568908343038
1568908343053
1568908343067
1568908343082
1568908343098
1568908343113
1568908343127
1568908343142
1568908343158
1568908343173
1568908343189
1568908343205
1568908343219
1568908343232
1568908343245
1568908343258
1568908343271
1568908343286
1568908343302
1568908343317
1568908343333
1568908343348
1568908343362
1568908343377
1568908343389
1568908343402
1568908343417
1568908343436
1568908343453
1568908343468
1568908343483
1568908343500
