1568908304419
1568908304434
1568908304450
1568908304463
1568908304476
1568908304489
1568908304504
1568908304520
1568908304534
1568908304548
1568908304561
1568908304574
1568908304589
1568908304605
1568908304620
1568908304635
1568908304648
1568908304664
1568908304679
1568908304694
1568908304710
1568908304725
1568908304738
1568908304752
1568908304764
1568908304778
1568908304790
1568908304804
1568908304817
1568908304832
1568908304847
1568908304862
1568908304876
1568908304889
1568908304901
1568908304914
1568908304929
1568908304943
1568908304957
1568908304971
1568908304988
1568908305005
1568908305021
1568908305036
1568908305052
1568908305066
1568908305081
1568908305096
1568908305110
1568908305128
1568908305145
1568908305159
1568908305176
1568908305193
1568908305209
1568908305224
1568908305238
1568908305252
1568908305266
1568908305283
1568908305299
1568908305318
1568908305336
1568908305351
1568908305364
1568908305381
1568908305398
1568908305414
1568908305433
1568908305449
1568908305465
1568908305483
1568908305499
1568908305517
1568908305533
1568908305549
1568908305565
1568908305581
1568908305598
1568908305614
1568908305628
1568908305644
1568908305661
1568908305678
1568908305693
1568908305711
1568908305728
1568908305744
1568908305759
1568908305778
1568908305795
1568908305812
1568908305829
1568908305845
1568908305860
1568908305875
1568908305891
1568908305908
1568908305923
1568908305938
1568908305953
1568908305970
1568908305986
1568908306003
1568908306019
1568908306034
1568908306049
1568908306063
1568908306080
1568908306098
1568908306114
1568908306131
1568908306145
1568908306160
1568908306177
1568908306191
1568908306204
1568908306218
1568908306232
1568908306244
1568908306258
1568908306276
1568908306292
1568908306309
1568908306323
1568908306339
1568908306355
1568908306370
1568908306384
1568908306397
1568908306412
1568908306430
1568908306453
1568908306470
1568908306487
1568908306506
1568908306524
1568908306543
1568908306566
1568908306596
1568908306610
1568908306628
1568908306644
1568908306660
1568908306674
1568908306688
1568908306703
1568908306720
1568908306734
1568908306748
