1568908332587
1568908332605
1568908332621
1568908332635
1568908332648
1568908332661
1568908332674
1568908332687
1568908332701
1568908332716
1568908332729
1568908332742
1568908332755
1568908332770
1568908332784
1568908332800
1568908332815
1568908332829
1568908332845
1568908332861
1568908332876
1568908332890
1568908332906
1568908332924
1568908332939
1568908332956
1568908332972
1568908332986
1568908333000
1568908333015
1568908333031
1568908333048
1568908333062
1568908333077
1568908333094
1568908333112
1568908333128
1568908333146
1568908333162
1568908333181
1568908333199
1568908333216
1568908333231
1568908333246
1568908333263
1568908333282
1568908333298
1568908333312
1568908333326
1568908333344
1568908333363
1568908333380
1568908333395
1568908333411
1568908333424
1568908333440
1568908333455
1568908333468
1568908333482
1568908333495
1568908333509
1568908333524
1568908333540
1568908333556
1568908333572
1568908333587
1568908333602
1568908333617
1568908333633
1568908333649
1568908333665
1568908333680
1568908333696
1568908333712
1568908333729
1568908333746
1568908333762
1568908333777
1568908333791
1568908333806
1568908333821
1568908333837
1568908333854
1568908333869
1568908333884
1568908333901
1568908333917
1568908333934
1568908333950
1568908333965
1568908333981
1568908333998
1568908334012
1568908334027
1568908334042
1568908334059
1568908334074
1568908334091
1568908334108
1568908334124
1568908334139
1568908334154
1568908334169
1568908334184
1568908334198
1568908334213
1568908334227
1568908334243
1568908334259
1568908334276
1568908334291
1568908334307
1568908334322
1568908334338
1568908334353
1568908334367
1568908334382
1568908334397
1568908334412
1568908334426
1568908334439
1568908334454
1568908334469
1568908334483
1568908334496
1568908334510
1568908334523
1568908334538
1568908334551
1568908334565
1568908334578
1568908334592
1568908334605
1568908334621
1568908334636
1568908334652
1568908334667
1568908334683
1568908334698
1568908334712
1568908334726
1568908334741
1568908334756
1568908334771
1568908334787
1568908334805
1568908334822
1568908334836
1568908334851
1568908334865
