1568908313207
1568908313234
1568908313254
1568908313272
1568908313287
1568908313302
1568908313315
1568908313332
1568908313348
1568908313364
1568908313381
1568908313395
1568908313409
1568908313422
1568908313436
1568908313455
1568908313470
1568908313485
1568908313499
1568908313512
1568908313525
1568908313540
1568908313555
1568908313569
1568908313583
1568908313600
1568908313614
1568908313630
1568908313647
1568908313662
1568908313678
1568908313692
1568908313706
1568908313720
1568908313737
1568908313752
1568908313765
1568908313781
1568908313795
1568908313810
1568908313825
1568908313840
1568908313854
1568908313871
1568908313890
1568908313908
1568908313923
1568908313940
1568908313956
1568908313976
1568908313994
1568908314009
1568908314025
1568908314040
1568908314054
1568908314068
1568908314086
1568908314103
1568908314119
1568908314135
1568908314150
1568908314167
1568908314184
1568908314200
1568908314216
1568908314230
1568908314245
1568908314262
1568908314277
1568908314294
1568908314309
1568908314325
1568908314341
1568908314357
1568908314373
1568908314389
1568908314406
1568908314421
1568908314437
1568908314452
1568908314467
1568908314482
1568908314497
1568908314512
1568908314528
1568908314546
1568908314564
1568908314580
1568908314595
1568908314611
1568908314625
1568908314641
1568908314657
1568908314673
1568908314689
1568908314704
1568908314719
1568908314736
1568908314753
1568908314770
1568908314785
1568908314800
1568908314814
1568908314830
1568908314847
1568908314863
1568908314879
1568908314893
1568908314907
1568908314922
1568908314936
1568908314949
1568908314962
1568908314975
1568908314988
1568908315004
1568908315019
1568908315034
1568908315049
1568908315066
1568908315082
1568908315098
1568908315113
1568908315127
1568908315140
1568908315154
1568908315168
1568908315182
1568908315197
1568908315215
1568908315230
1568908315246
1568908315260
1568908315277
1568908315294
1568908315310
1568908315324
1568908315340
1568908315354
1568908315367
1568908315381
1568908315394
1568908315408
1568908315422
1568908315435
1568908315449
1568908315463
1568908315478
1568908315493
1568908315509
