1568388878108
1568388878124
1568388878141
1568388878157
1568388878172
1568388878188
1568388878204
1568388878221
1568388878236
1568388878253
1568388878268
1568388878283
1568388878298
1568388878314
1568388878329
1568388878344
1568388878359
1568388878374
1568388878389
1568388878404
1568388878419
1568388878434
1568388878449
1568388878464
1568388878478
1568388878492
1568388878506
1568388878521
1568388878534
1568388878549
1568388878563
1568388878577
1568388878591
1568388878606
1568388878620
1568388878633
1568388878647
1568388878664
1568388878678
1568388878693
1568388878707
1568388878722
1568388878737
1568388878754
1568388878770
1568388878785
1568388878799
1568388878814
1568388878829
1568388878844
1568388878858
1568388878873
1568388878887
1568388878901
1568388878916
1568388878933
1568388878947
1568388878963
1568388878979
1568388878994
1568388879008
1568388879025
1568388879040
1568388879054
1568388879070
1568388879086
1568388879102
1568388879117
1568388879131
1568388879148
1568388879163
1568388879178
1568388879193
1568388879208
1568388879223
1568388879239
1568388879255
1568388879271
1568388879286
1568388879302
1568388879318
1568388879333
1568388879349
1568388879366
1568388879381
1568388879398
1568388879414
1568388879430
1568388879447
1568388879463
1568388879478
1568388879494
1568388879511
1568388879528
1568388879544
1568388879560
1568388879576
1568388879595
1568388879612
1568388879628
1568388879643
1568388879658
1568388879674
1568388879690
1568388879707
1568388879722
1568388879737
1568388879754
1568388879769
1568388879786
1568388879802
1568388879817
1568388879833
1568388879848
1568388879863
1568388879879
1568388879894
1568388879909
1568388879925
1568388879941
1568388879956
1568388879973
1568388879988
1568388880005
1568388880021
1568388880036
1568388880050
1568388880067
1568388880082
1568388880098
1568388880113
1568388880127
1568388880140
1568388880155
1568388880168
1568388880183
1568388880197
1568388880214
1568388880229
1568388880245
1568388880262
1568388880279
1568388880294
1568388880309
1568388880324
1568388880340
1568388880354
1568388880369
1568388880385
1568388880401
