1568388889491
1568388889506
1568388889523
1568388889539
1568388889553
1568388889568
1568388889583
1568388889598
1568388889613
1568388889628
1568388889643
1568388889659
1568388889674
1568388889689
1568388889703
1568388889716
1568388889730
1568388889744
1568388889758
1568388889773
1568388889787
1568388889801
1568388889814
1568388889828
1568388889841
1568388889856
1568388889871
1568388889885
1568388889900
1568388889915
1568388889930
1568388889945
1568388889959
1568388889974
1568388889988
1568388890003
1568388890019
1568388890035
1568388890051
1568388890066
1568388890083
1568388890099
1568388890115
1568388890131
1568388890145
1568388890161
1568388890177
1568388890193
1568388890211
1568388890229
1568388890244
1568388890263
1568388890279
1568388890295
1568388890312
1568388890328
1568388890344
1568388890361
1568388890378
1568388890394
1568388890409
1568388890426
1568388890441
1568388890455
1568388890470
1568388890486
1568388890502
1568388890517
1568388890533
1568388890549
1568388890565
1568388890581
1568388890595
1568388890611
1568388890626
1568388890643
1568388890661
1568388890677
1568388890692
1568388890708
1568388890724
1568388890741
1568388890756
1568388890774
1568388890790
1568388890807
1568388890822
1568388890838
1568388890854
1568388890870
1568388890885
1568388890902
1568388890919
1568388890936
1568388890951
1568388890967
1568388890983
1568388891001
1568388891017
1568388891034
1568388891050
1568388891066
1568388891082
1568388891098
1568388891115
1568388891131
1568388891149
1568388891165
1568388891182
1568388891200
1568388891215
1568388891233
1568388891249
1568388891265
1568388891281
1568388891298
1568388891314
1568388891330
1568388891346
1568388891362
1568388891378
1568388891395
1568388891412
1568388891429
1568388891444
1568388891459
1568388891475
1568388891492
1568388891507
1568388891525
1568388891540
1568388891559
1568388891576
1568388891593
1568388891610
1568388891625
1568388891639
1568388891657
1568388891673
1568388891689
1568388891707
1568388891723
1568388891737
1568388891753
1568388891768
1568388891784
1568388891802
1568388891818
1568388891835
1568388891850
