1568388879685
1568388879702
1568388879720
1568388879734
1568388879750
1568388879765
1568388879780
1568388879795
1568388879809
1568388879824
1568388879839
1568388879854
1568388879868
1568388879884
1568388879899
1568388879914
1568388879929
1568388879945
1568388879959
1568388879974
1568388879989
1568388880005
1568388880020
1568388880034
1568388880048
1568388880064
1568388880080
1568388880095
1568388880110
1568388880124
1568388880137
1568388880151
1568388880164
1568388880179
1568388880193
1568388880207
1568388880222
1568388880238
1568388880254
1568388880270
1568388880286
1568388880301
1568388880316
1568388880331
1568388880346
1568388880361
1568388880375
1568388880392
1568388880407
1568388880425
1568388880440
1568388880454
1568388880469
1568388880486
1568388880501
1568388880517
1568388880531
1568388880546
1568388880562
1568388880579
1568388880594
1568388880610
1568388880626
1568388880643
1568388880657
1568388880672
1568388880687
1568388880702
1568388880718
1568388880735
1568388880751
1568388880767
1568388880781
1568388880799
1568388880884
1568388880926
1568388880954
1568388880978
1568388880997
1568388881015
1568388881032
1568388881048
1568388881062
1568388881077
1568388881092
1568388881108
1568388881124
1568388881139
1568388881154
1568388881170
1568388881185
1568388881201
1568388881216
1568388881232
1568388881247
1568388881264
1568388881280
1568388881298
1568388881315
1568388881331
1568388881346
1568388881362
1568388881378
1568388881392
1568388881406
1568388881421
1568388881436
1568388881451
1568388881465
1568388881481
1568388881495
1568388881509
1568388881523
1568388881539
1568388881554
1568388881569
1568388881584
1568388881599
1568388881614
1568388881628
1568388881642
1568388881658
1568388881674
1568388881690
1568388881706
1568388881722
1568388881738
1568388881754
1568388881768
1568388881782
1568388881797
1568388881811
1568388881824
1568388881839
1568388881854
1568388881869
1568388881883
1568388881898
1568388881913
1568388881931
1568388881945
1568388881959
1568388881972
1568388881987
1568388882003
1568388882019
1568388882033
1568388882050
1568388882064
1568388882079
