1568388894528
1568388894544
1568388894562
1568388894579
1568388894595
1568388894612
1568388894628
1568388894644
1568388894658
1568388894674
1568388894690
1568388894706
1568388894720
1568388894735
1568388894750
1568388894764
1568388894778
1568388894793
1568388894808
1568388894822
1568388894838
1568388894853
1568388894868
1568388894887
1568388894902
1568388894921
1568388894937
1568388894953
1568388894969
1568388894986
1568388895002
1568388895019
1568388895034
1568388895048
1568388895062
1568388895078
1568388895092
1568388895108
1568388895126
1568388895143
1568388895159
1568388895174
1568388895189
1568388895204
1568388895223
1568388895239
1568388895255
1568388895270
1568388895284
1568388895300
1568388895317
1568388895335
1568388895350
1568388895365
1568388895380
1568388895396
1568388895412
1568388895426
1568388895441
1568388895455
1568388895471
1568388895488
1568388895504
1568388895519
1568388895533
1568388895548
1568388895563
1568388895578
1568388895593
1568388895608
1568388895624
1568388895641
1568388895657
1568388895675
1568388895690
1568388895706
1568388895722
1568388895738
1568388895754
1568388895770
1568388895786
1568388895802
1568388895817
1568388895832
1568388895847
1568388895865
1568388895881
1568388895898
1568388895914
1568388895929
1568388895945
1568388895961
1568388895978
1568388895994
1568388896010
1568388896027
1568388896043
1568388896060
1568388896076
1568388896091
1568388896107
1568388896123
1568388896140
1568388896157
1568388896173
1568388896190
1568388896207
1568388896224
1568388896241
1568388896258
1568388896274
1568388896290
1568388896305
1568388896320
1568388896335
1568388896350
1568388896366
1568388896382
1568388896396
1568388896412
1568388896427
1568388896444
1568388896459
1568388896474
1568388896489
1568388896504
1568388896518
1568388896533
1568388896547
1568388896563
1568388896577
1568388896592
1568388896607
1568388896624
1568388896639
1568388896655
1568388896670
1568388896685
1568388896702
1568388896716
1568388896732
1568388896748
1568388896762
1568388896779
1568388896794
1568388896810
1568388896826
1568388896842
1568388896857
1568388896874
