1568388868806
1568388868821
1568388868837
1568388868853
1568388868867
1568388868882
1568388868896
1568388868911
1568388868926
1568388868941
1568388868955
1568388868969
1568388868983
1568388868999
1568388869014
1568388869029
1568388869044
1568388869059
1568388869073
1568388869090
1568388869104
1568388869119
1568388869133
1568388869149
1568388869163
1568388869180
1568388869196
1568388869211
1568388869225
1568388869240
1568388869255
1568388869270
1568388869285
1568388869301
1568388869316
1568388869331
1568388869347
1568388869362
1568388869376
1568388869393
1568388869408
1568388869423
1568388869439
1568388869453
1568388869468
1568388869485
1568388869499
1568388869514
1568388869529
1568388869545
1568388869560
1568388869576
1568388869591
1568388869606
1568388869621
1568388869637
1568388869651
1568388869666
1568388869682
1568388869698
1568388869712
1568388869729
1568388869744
1568388869760
1568388869776
1568388869793
1568388869808
1568388869824
1568388869842
1568388869857
1568388869873
1568388869889
1568388869904
1568388869921
1568388869936
1568388869951
1568388869967
1568388869984
1568388870000
1568388870016
1568388870032
1568388870048
1568388870063
1568388870078
1568388870094
1568388870111
1568388870127
1568388870142
1568388870157
1568388870172
1568388870188
1568388870204
1568388870220
1568388870236
1568388870252
1568388870267
1568388870283
1568388870299
1568388870316
1568388870330
1568388870344
1568388870359
1568388870374
1568388870388
1568388870403
1568388870418
1568388870432
1568388870447
1568388870460
1568388870477
1568388870491
1568388870506
1568388870520
1568388870534
1568388870549
1568388870563
1568388870578
1568388870593
1568388870607
1568388870623
1568388870637
1568388870652
1568388870668
1568388870685
1568388870699
1568388870714
1568388870728
1568388870743
1568388870758
1568388870774
1568388870787
1568388870802
1568388870815
1568388870831
1568388870845
1568388870859
1568388870873
1568388870887
1568388870901
1568388870915
1568388870928
1568388870942
1568388870956
1568388870970
1568388870983
1568388870997
1568388871011
1568388871025
1568388871039
1568388871053
