1568388911491
1568388911508
1568388911524
1568388911539
1568388911553
1568388911568
1568388911584
1568388911600
1568388911615
1568388911630
1568388911645
1568388911659
1568388911674
1568388911691
1568388911706
1568388911721
1568388911736
1568388911752
1568388911767
1568388911783
1568388911798
1568388911814
1568388911830
1568388911846
1568388911861
1568388911877
1568388911893
1568388911909
1568388911926
1568388911941
1568388911958
1568388911974
1568388911989
1568388912004
1568388912018
1568388912033
1568388912049
1568388912065
1568388912080
1568388912097
1568388912112
1568388912129
1568388912145
1568388912162
1568388912177
1568388912194
1568388912210
1568388912226
1568388912241
1568388912257
1568388912275
1568388912290
1568388912303
1568388912317
1568388912332
1568388912348
1568388912363
1568388912378
1568388912395
1568388912411
1568388912427
1568388912443
1568388912459
1568388912474
1568388912489
1568388912505
1568388912520
1568388912537
1568388912553
1568388912568
1568388912583
1568388912598
1568388912612
1568388912630
1568388912646
1568388912662
1568388912677
1568388912694
1568388912711
1568388912728
1568388912743
1568388912759
1568388912774
1568388912791
1568388912807
1568388912823
1568388912839
1568388912854
1568388912870
1568388912886
1568388912901
1568388912917
1568388912934
1568388912951
1568388912966
1568388912982
1568388912997
1568388913013
1568388913028
1568388913045
1568388913061
1568388913076
1568388913091
1568388913108
1568388913124
1568388913139
1568388913154
1568388913170
1568388913186
1568388913203
1568388913218
1568388913233
1568388913248
1568388913263
1568388913278
1568388913293
1568388913308
1568388913323
1568388913340
1568388913356
1568388913372
1568388913388
1568388913404
1568388913419
1568388913434
1568388913449
1568388913463
1568388913478
1568388913493
1568388913507
1568388913523
1568388913539
1568388913555
1568388913572
1568388913589
1568388913605
1568388913618
1568388913635
1568388913650
1568388913665
1568388913683
1568388913698
1568388913713
1568388913728
1568388913744
1568388913761
1568388913778
1568388913794
1568388913810
1568388913827
