1568388922927
1568388922943
1568388922960
1568388922977
1568388922992
1568388923007
1568388923024
1568388923040
1568388923055
1568388923069
1568388923088
1568388923105
1568388923119
1568388923135
1568388923151
1568388923170
1568388923187
1568388923203
1568388923220
1568388923235
1568388923250
1568388923267
1568388923282
1568388923300
1568388923315
1568388923330
1568388923346
1568388923362
1568388923377
1568388923393
1568388923407
1568388923423
1568388923438
1568388923453
1568388923468
1568388923485
1568388923500
1568388923518
1568388923533
1568388923548
1568388923563
1568388923579
1568388923594
1568388923609
1568388923623
1568388923638
1568388923653
1568388923669
1568388923683
1568388923703
1568388923719
1568388923735
1568388923751
1568388923768
1568388923786
1568388923801
1568388923816
1568388923833
1568388923849
1568388923867
1568388923881
1568388923898
1568388923914
1568388923930
1568388923945
1568388923960
1568388923974
1568388923989
1568388924004
1568388924019
1568388924035
1568388924051
1568388924065
1568388924085
1568388924106
1568388924124
1568388924143
1568388924163
1568388924183
1568388924202
1568388924219
1568388924235
1568388924251
1568388924269
1568388924286
1568388924305
1568388924322
1568388924339
1568388924354
1568388924370
1568388924385
1568388924402
1568388924420
1568388924437
1568388924453
1568388924469
1568388924484
1568388924503
1568388924519
1568388924536
1568388924550
1568388924565
1568388924580
1568388924597
1568388924612
1568388924628
1568388924645
1568388924662
1568388924678
1568388924694
1568388924709
1568388924723
1568388924737
1568388924751
1568388924765
1568388924780
1568388924796
1568388924811
1568388924826
1568388924840
1568388924854
1568388924869
1568388924884
1568388924898
1568388924912
1568388924928
1568388924942
1568388924958
1568388924972
1568388924987
1568388925002
1568388925019
1568388925034
1568388925050
1568388925065
1568388925081
1568388925096
1568388925111
1568388925128
1568388925142
1568388925157
1568388925175
1568388925189
1568388925206
1568388925220
1568388925236
1568388925253
1568388925268
1568388925283
1568388925301
