1570551301682
1570551301693
1570551301707
1570551301718
1570551301730
1570551301743
1570551301753
1570551301763
1570551301774
1570551301785
1570551301795
1570551301806
1570551301817
1570551301829
1570551301841
1570551301852
1570551301864
1570551301874
1570551301885
1570551301897
1570551301908
1570551301918
1570551301929
1570551301939
1570551301951
1570551301964
1570551301975
1570551301985
1570551301996
1570551302008
1570551302018
1570551302029
1570551302039
1570551302050
1570551302061
1570551302071
1570551302082
1570551302094
1570551302104
1570551302115
1570551302126
1570551302138
1570551302148
1570551302160
1570551302172
1570551302183
1570551302194
1570551302205
1570551302215
1570551302227
1570551302239
1570551302250
1570551302260
1570551302272
1570551302282
1570551302293
1570551302303
1570551302314
1570551302325
1570551302335
1570551302346
1570551302357
1570551302368
1570551302379
1570551302391
1570551302402
1570551302413
1570551302424
1570551302436
1570551302446
1570551302457
1570551302469
1570551302480
1570551302491
1570551302503
1570551302515
1570551302526
1570551302537
1570551302549
1570551302560
1570551302570
1570551302581
1570551302593
1570551302603
1570551302615
1570551302627
1570551302638
1570551302649
1570551302661
1570551302673
1570551302686
1570551302698
1570551302709
1570551302721
1570551302732
1570551302744
1570551302756
1570551302769
1570551302781
1570551302793
1570551302805
1570551302817
1570551302830
1570551302843
1570551302855
1570551302866
1570551302878
1570551302891
1570551302903
1570551302915
1570551302928
1570551302941
1570551302952
1570551302964
1570551302976
1570551302988
1570551303000
1570551303013
1570551303025
1570551303037
1570551303049
1570551303062
1570551303075
1570551303087
1570551303099
1570551303112
1570551303124
1570551303136
1570551303148
1570551303160
1570551303172
1570551303184
1570551303196
1570551303208
1570551303220
1570551303233
1570551303244
1570551303256
1570551303266
1570551303278
1570551303290
1570551303301
1570551303313
1570551303325
1570551303337
1570551303350
1570551303361
1570551303372
1570551303383
1570551303396
