1570551273136
1570551273148
1570551273161
1570551273172
1570551273183
1570551273194
1570551273205
1570551273216
1570551273229
1570551273241
1570551273252
1570551273264
1570551273274
1570551273286
1570551273298
1570551273309
1570551273320
1570551273331
1570551273343
1570551273354
1570551273365
1570551273377
1570551273388
1570551273398
1570551273410
1570551273422
1570551273433
1570551273445
1570551273456
1570551273468
1570551273478
1570551273490
1570551273502
1570551273514
1570551273525
1570551273537
1570551273549
1570551273562
1570551273574
1570551273584
1570551273596
1570551273608
1570551273620
1570551273631
1570551273643
1570551273654
1570551273666
1570551273676
1570551273688
1570551273700
1570551273712
1570551273724
1570551273735
1570551273747
1570551273759
1570551273770
1570551273781
1570551273793
1570551273805
1570551273818
1570551273829
1570551273840
1570551273853
1570551273865
1570551273877
1570551273889
1570551273900
1570551273912
1570551273924
1570551273936
1570551273946
1570551273958
1570551273970
1570551273983
1570551273995
1570551274006
1570551274017
1570551274029
1570551274041
1570551274051
1570551274063
1570551274075
1570551274087
1570551274098
1570551274110
1570551274126
1570551274140
1570551274152
1570551274164
1570551274176
1570551274188
1570551274200
1570551274212
1570551274224
1570551274235
1570551274248
1570551274260
1570551274272
1570551274285
1570551274298
1570551274310
1570551274322
1570551274333
1570551274345
1570551274357
1570551274369
1570551274380
1570551274392
1570551274404
1570551274416
1570551274429
1570551274441
1570551274452
1570551274464
1570551274476
1570551274489
1570551274501
1570551274512
1570551274525
1570551274536
1570551274549
1570551274562
1570551274574
1570551274586
1570551274598
1570551274610
1570551274623
1570551274635
1570551274647
1570551274659
1570551274670
1570551274682
1570551274694
1570551274707
1570551274718
1570551274730
1570551274741
1570551274752
1570551274763
1570551274773
1570551274784
1570551274795
1570551274806
1570551274817
1570551274828
1570551274840
1570551274851
1570551274862
1570551274872
1570551274884
