1570551265149
1570551265161
1570551265174
1570551265185
1570551265195
1570551265206
1570551265217
1570551265227
1570551265239
1570551265250
1570551265261
1570551265271
1570551265282
1570551265294
1570551265307
1570551265318
1570551265329
1570551265340
1570551265351
1570551265361
1570551265372
1570551265383
1570551265393
1570551265405
1570551265416
1570551265427
1570551265438
1570551265449
1570551265459
1570551265471
1570551265483
1570551265494
1570551265504
1570551265515
1570551265525
1570551265536
1570551265548
1570551265559
1570551265570
1570551265581
1570551265592
1570551265603
1570551265614
1570551265625
1570551265636
1570551265647
1570551265657
1570551265668
1570551265680
1570551265691
1570551265701
1570551265713
1570551265724
1570551265735
1570551265746
1570551265757
1570551265767
1570551265778
1570551265789
1570551265800
1570551265812
1570551265823
1570551265834
1570551265846
1570551265857
1570551265868
1570551265879
1570551265890
1570551265901
1570551265912
1570551265923
1570551265933
1570551265945
1570551265957
1570551265968
1570551265978
1570551265990
1570551266000
1570551266011
1570551266022
1570551266033
1570551266044
1570551266056
1570551266067
1570551266078
1570551266090
1570551266102
1570551266113
1570551266126
1570551266138
1570551266150
1570551266162
1570551266174
1570551266186
1570551266198
1570551266209
1570551266221
1570551266234
1570551266246
1570551266257
1570551266268
1570551266281
1570551266293
1570551266305
1570551266317
1570551266329
1570551266340
1570551266352
1570551266364
1570551266377
1570551266389
1570551266402
1570551266414
1570551266426
1570551266438
1570551266450
1570551266462
1570551266474
1570551266485
1570551266497
1570551266510
1570551266522
1570551266534
1570551266547
1570551266560
1570551266572
1570551266583
1570551266596
1570551266608
1570551266620
1570551266632
1570551266644
1570551266656
1570551266669
1570551266681
1570551266694
1570551266706
1570551266718
1570551266732
1570551266744
1570551266757
1570551266768
1570551266780
1570551266791
1570551266801
1570551266813
1570551266824
1570551266834
1570551266845
1570551266856
