1570551293696
1570551293707
1570551293719
1570551293730
1570551293741
1570551293751
1570551293762
1570551293772
1570551293783
1570551293794
1570551293805
1570551293816
1570551293830
1570551293844
1570551293856
1570551293867
1570551293878
1570551293890
1570551293902
1570551293913
1570551293924
1570551293936
1570551293946
1570551293957
1570551293969
1570551293982
1570551293993
1570551294004
1570551294016
1570551294028
1570551294039
1570551294050
1570551294062
1570551294074
1570551294086
1570551294096
1570551294109
1570551294121
1570551294133
1570551294144
1570551294154
1570551294166
1570551294177
1570551294188
1570551294199
1570551294210
1570551294220
1570551294232
1570551294244
1570551294255
1570551294267
1570551294279
1570551294291
1570551294301
1570551294313
1570551294325
1570551294336
1570551294347
1570551294359
1570551294371
1570551294383
1570551294396
1570551294406
1570551294418
1570551294431
1570551294443
1570551294454
1570551294465
1570551294477
1570551294489
1570551294501
1570551294511
1570551294523
1570551294535
1570551294548
1570551294559
1570551294571
1570551294582
1570551294594
1570551294606
1570551294617
1570551294628
1570551294640
1570551294652
1570551294663
1570551294676
1570551294689
1570551294701
1570551294713
1570551294725
1570551294737
1570551294750
1570551294761
1570551294773
1570551294784
1570551294796
1570551294808
1570551294820
1570551294832
1570551294845
1570551294857
1570551294869
1570551294881
1570551294893
1570551294905
1570551294917
1570551294929
1570551294941
1570551294952
1570551294965
1570551294977
1570551294989
1570551295001
1570551295014
1570551295026
1570551295037
1570551295050
1570551295062
1570551295074
1570551295087
1570551295099
1570551295113
1570551295125
1570551295137
1570551295149
1570551295160
1570551295173
1570551295185
1570551295198
1570551295210
1570551295221
1570551295234
1570551295247
1570551295260
1570551295273
1570551295285
1570551295296
1570551295309
1570551295320
1570551295331
1570551295343
1570551295354
1570551295365
1570551295376
1570551295388
1570551295400
1570551295412
1570551295424
1570551295436
1570551295448
