1570551269986
1570551269998
1570551270011
1570551270022
1570551270033
1570551270043
1570551270055
1570551270065
1570551270076
1570551270086
1570551270097
1570551270108
1570551270121
1570551270133
1570551270143
1570551270154
1570551270166
1570551270176
1570551270187
1570551270199
1570551270209
1570551270220
1570551270232
1570551270242
1570551270254
1570551270266
1570551270277
1570551270287
1570551270298
1570551270309
1570551270320
1570551270331
1570551270342
1570551270353
1570551270364
1570551270374
1570551270385
1570551270398
1570551270409
1570551270420
1570551270431
1570551270442
1570551270452
1570551270464
1570551270476
1570551270486
1570551270497
1570551270508
1570551270519
1570551270530
1570551270542
1570551270553
1570551270564
1570551270576
1570551270587
1570551270598
1570551270608
1570551270620
1570551270631
1570551270642
1570551270654
1570551270665
1570551270676
1570551270687
1570551270699
1570551270709
1570551270720
1570551270732
1570551270742
1570551270753
1570551270765
1570551270775
1570551270787
1570551270799
1570551270811
1570551270822
1570551270833
1570551270844
1570551270856
1570551270866
1570551270877
1570551270888
1570551270898
1570551270910
1570551270921
1570551270932
1570551270944
1570551270956
1570551270968
1570551270981
1570551270992
1570551271003
1570551271015
1570551271027
1570551271039
1570551271050
1570551271061
1570551271073
1570551271085
1570551271097
1570551271109
1570551271121
1570551271133
1570551271146
1570551271156
1570551271167
1570551271179
1570551271191
1570551271203
1570551271215
1570551271226
1570551271239
1570551271251
1570551271264
1570551271275
1570551271287
1570551271298
1570551271310
1570551271322
1570551271334
1570551271346
1570551271358
1570551271370
1570551271383
1570551271395
1570551271406
1570551271417
1570551271430
1570551271442
1570551271454
1570551271466
1570551271478
1570551271490
1570551271503
1570551271515
1570551271528
1570551271540
1570551271551
1570551271563
1570551271574
1570551271584
1570551271595
1570551271606
1570551271617
1570551271628
1570551271639
1570551271649
1570551271660
1570551271671
1570551271682
