1570551307992
1570551308004
1570551308016
1570551308029
1570551308040
1570551308051
1570551308061
1570551308073
1570551308083
1570551308095
1570551308108
1570551308120
1570551308132
1570551308146
1570551308159
1570551308172
1570551308185
1570551308198
1570551308210
1570551308223
1570551308237
1570551308248
1570551308260
1570551308273
1570551308286
1570551308299
1570551308311
1570551308323
1570551308334
1570551308345
1570551308357
1570551308368
1570551308379
1570551308391
1570551308402
1570551308415
1570551308426
1570551308439
1570551308451
1570551308464
1570551308477
1570551308489
1570551308499
1570551308511
1570551308522
1570551308534
1570551308544
1570551308557
1570551308569
1570551308582
1570551308593
1570551308605
1570551308617
1570551308629
1570551308640
1570551308652
1570551308663
1570551308675
1570551308688
1570551308699
1570551308711
1570551308724
1570551308737
1570551308749
1570551308760
1570551308772
1570551308783
1570551308795
1570551308807
1570551308819
1570551308830
1570551308842
1570551308853
1570551308865
1570551308877
1570551308889
1570551308899
1570551308910
1570551308921
1570551308931
1570551308943
1570551308953
1570551308964
1570551308976
1570551308988
1570551309000
1570551309012
1570551309023
1570551309034
1570551309046
1570551309057
1570551309068
1570551309080
1570551309092
1570551309103
1570551309114
1570551309126
1570551309140
1570551309152
1570551309164
1570551309176
1570551309188
1570551309200
1570551309212
1570551309224
1570551309236
1570551309247
1570551309259
1570551309270
1570551309283
1570551309296
1570551309308
1570551309319
1570551309331
1570551309343
1570551309355
1570551309365
1570551309377
1570551309389
1570551309400
1570551309412
1570551309424
1570551309436
1570551309448
1570551309460
1570551309472
1570551309484
1570551309496
1570551309508
1570551309519
1570551309530
1570551309542
1570551309554
1570551309567
1570551309579
1570551309590
1570551309601
1570551309612
1570551309624
1570551309635
1570551309646
1570551309657
1570551309668
1570551309680
1570551309691
1570551309704
1570551309715
1570551309727
1570551309738
1570551309751
