1570551285699
1570551285709
1570551285722
1570551285734
1570551285745
1570551285756
1570551285768
1570551285780
1570551285791
1570551285801
1570551285812
1570551285824
1570551285837
1570551285850
1570551285861
1570551285873
1570551285884
1570551285896
1570551285907
1570551285919
1570551285931
1570551285943
1570551285954
1570551285964
1570551285976
1570551285988
1570551285998
1570551286010
1570551286021
1570551286032
1570551286043
1570551286055
1570551286066
1570551286076
1570551286087
1570551286099
1570551286110
1570551286122
1570551286134
1570551286146
1570551286156
1570551286168
1570551286180
1570551286192
1570551286203
1570551286215
1570551286226
1570551286238
1570551286251
1570551286261
1570551286273
1570551286285
1570551286297
1570551286308
1570551286319
1570551286330
1570551286341
1570551286352
1570551286364
1570551286374
1570551286386
1570551286398
1570551286410
1570551286420
1570551286431
1570551286444
1570551286456
1570551286468
1570551286478
1570551286490
1570551286502
1570551286512
1570551286523
1570551286536
1570551286548
1570551286559
1570551286570
1570551286582
1570551286594
1570551286606
1570551286616
1570551286628
1570551286639
1570551286650
1570551286661
1570551286675
1570551286688
1570551286700
1570551286713
1570551286725
1570551286737
1570551286748
1570551286760
1570551286772
1570551286783
1570551286795
1570551286807
1570551286819
1570551286831
1570551286844
1570551286856
1570551286868
1570551286880
1570551286892
1570551286904
1570551286916
1570551286928
1570551286941
1570551286952
1570551286966
1570551286978
1570551286990
1570551287002
1570551287015
1570551287028
1570551287040
1570551287051
1570551287064
1570551287076
1570551287089
1570551287101
1570551287114
1570551287127
1570551287139
1570551287152
1570551287165
1570551287177
1570551287189
1570551287201
1570551287213
1570551287226
1570551287238
1570551287251
1570551287265
1570551287277
1570551287290
1570551287301
1570551287312
1570551287323
1570551287333
1570551287345
1570551287356
1570551287368
1570551287380
1570551287392
1570551287404
1570551287415
1570551287427
1570551287438
1570551287450
