1570551288904
1570551288915
1570551288928
1570551288939
1570551288950
1570551288961
1570551288972
1570551288982
1570551288993
1570551289004
1570551289015
1570551289027
1570551289038
1570551289050
1570551289061
1570551289072
1570551289083
1570551289094
1570551289104
1570551289115
1570551289127
1570551289139
1570551289148
1570551289160
1570551289171
1570551289182
1570551289194
1570551289205
1570551289215
1570551289226
1570551289237
1570551289248
1570551289259
1570551289270
1570551289280
1570551289291
1570551289303
1570551289314
1570551289325
1570551289336
1570551289346
1570551289358
1570551289368
1570551289378
1570551289389
1570551289400
1570551289411
1570551289422
1570551289433
1570551289444
1570551289456
1570551289467
1570551289478
1570551289489
1570551289499
1570551289510
1570551289521
1570551289531
1570551289542
1570551289552
1570551289563
1570551289575
1570551289587
1570551289597
1570551289608
1570551289618
1570551289629
1570551289640
1570551289650
1570551289662
1570551289673
1570551289683
1570551289694
1570551289706
1570551289717
1570551289727
1570551289738
1570551289749
1570551289760
1570551289770
1570551289781
1570551289792
1570551289802
1570551289812
1570551289823
1570551289834
1570551289845
1570551289857
1570551289869
1570551289880
1570551289892
1570551289903
1570551289914
1570551289926
1570551289937
1570551289949
1570551289961
1570551289973
1570551289984
1570551289996
1570551290008
1570551290020
1570551290033
1570551290046
1570551290059
1570551290070
1570551290083
1570551290096
1570551290109
1570551290124
1570551290137
1570551290149
1570551290164
1570551290176
1570551290188
1570551290201
1570551290213
1570551290225
1570551290238
1570551290250
1570551290262
1570551290274
1570551290286
1570551290299
1570551290311
1570551290324
1570551290336
1570551290349
1570551290361
1570551290372
1570551290384
1570551290397
1570551290409
1570551290423
1570551290435
1570551290448
1570551290461
1570551290472
1570551290484
1570551290495
1570551290506
1570551290518
1570551290529
1570551290541
1570551290553
1570551290564
1570551290576
1570551290587
1570551290598
1570551290610
