1570551314329
1570551314340
1570551314353
1570551314364
1570551314374
1570551314386
1570551314398
1570551314409
1570551314420
1570551314432
1570551314443
1570551314456
1570551314467
1570551314478
1570551314491
1570551314503
1570551314515
1570551314525
1570551314536
1570551314547
1570551314557
1570551314569
1570551314580
1570551314592
1570551314603
1570551314615
1570551314627
1570551314638
1570551314649
1570551314661
1570551314674
1570551314686
1570551314696
1570551314708
1570551314721
1570551314733
1570551314744
1570551314756
1570551314767
1570551314780
1570551314792
1570551314804
1570551314814
1570551314825
1570551314837
1570551314847
1570551314859
1570551314871
1570551314883
1570551314896
1570551314909
1570551314919
1570551314931
1570551314943
1570551314955
1570551314965
1570551314976
1570551314988
1570551314998
1570551315009
1570551315022
1570551315035
1570551315046
1570551315057
1570551315068
1570551315080
1570551315090
1570551315102
1570551315115
1570551315126
1570551315137
1570551315148
1570551315159
1570551315169
1570551315180
1570551315192
1570551315202
1570551315213
1570551315224
1570551315234
1570551315246
1570551315258
1570551315269
1570551315279
1570551315291
1570551315303
1570551315313
1570551315325
1570551315336
1570551315348
1570551315358
1570551315369
1570551315379
1570551315389
1570551315399
1570551315409
1570551315420
1570551315431
1570551315442
1570551315453
1570551315463
1570551315475
1570551315486
1570551315496
1570551315506
1570551315516
1570551315527
1570551315538
1570551315549
1570551315560
1570551315570
1570551315581
1570551315591
1570551315602
1570551315612
1570551315623
1570551315633
1570551315644
1570551315655
1570551315665
1570551315676
1570551315687
1570551315698
1570551315708
1570551315718
1570551315729
1570551315740
1570551315750
1570551315761
1570551315771
1570551315782
1570551315792
1570551315804
1570551315815
1570551315824
1570551315835
1570551315846
1570551315857
1570551315867
1570551315878
1570551315889
1570551315899
1570551315910
1570551315920
1570551315931
1570551315942
1570551315953
1570551315964
1570551315975
1570551315987
