1568997134631
1568997134643
1568997134656
1568997134668
1568997134679
1568997134692
1568997134704
1568997134717
1568997134731
1568997134744
1568997134756
1568997134769
1568997134781
1568997134795
1568997134807
1568997134819
1568997134830
1568997134841
1568997134853
1568997134864
1568997134878
1568997134891
1568997134902
1568997134914
1568997134927
1568997134942
1568997134954
1568997134967
1568997134978
1568997134991
1568997135004
1568997135018
1568997135031
1568997135044
1568997135057
1568997135071
1568997135082
1568997135094
1568997135107
1568997135119
1568997135132
1568997135145
1568997135157
1568997135169
1568997135180
1568997135191
1568997135202
1568997135212
1568997135224
1568997135237
1568997135249
1568997135259
1568997135274
1568997135288
1568997135301
1568997135312
1568997135324
1568997135336
1568997135348
1568997135358
1568997135370
1568997135383
1568997135395
1568997135408
1568997135420
1568997135433
1568997135446
1568997135457
1568997135469
1568997135482
1568997135494
1568997135505
1568997135519
1568997135532
1568997135544
1568997135555
1568997135567
1568997135579
1568997135592
1568997135606
1568997135618
1568997135632
1568997135647
1568997135660
1568997135673
1568997135686
1568997135699
1568997135711
1568997135723
1568997135736
1568997135749
1568997135763
1568997135776
1568997135789
1568997135802
1568997135816
1568997135831
1568997135845
1568997135857
1568997135869
1568997135881
1568997135894
1568997135906
1568997135918
1568997135929
1568997135942
1568997135955
1568997135968
1568997135981
1568997135996
1568997136009
1568997136022
1568997136034
1568997136048
1568997136064
1568997136081
1568997136095
1568997136109
1568997136123
1568997136138
1568997136156
1568997136171
1568997136185
1568997136197
1568997136211
1568997136224
1568997136236
1568997136248
1568997136262
1568997136275
1568997136289
1568997136301
1568997136315
1568997136327
1568997136340
1568997136353
1568997136366
1568997136381
1568997136395
1568997136409
1568997136422
1568997136435
1568997136447
1568997136460
1568997136472
1568997136486
1568997136502
1568997136516
1568997136529
1568997136541
