1568997150614
1568997150628
1568997150642
1568997150654
1568997150668
1568997150681
1568997150695
1568997150709
1568997150722
1568997150736
1568997150750
1568997150762
1568997150776
1568997150789
1568997150802
1568997150814
1568997150827
1568997150840
1568997150853
1568997150865
1568997150876
1568997150887
1568997150899
1568997150912
1568997150924
1568997150936
1568997150948
1568997150961
1568997150973
1568997150984
1568997150996
1568997151008
1568997151020
1568997151036
1568997151048
1568997151061
1568997151073
1568997151085
1568997151098
1568997151110
1568997151123
1568997151133
1568997151146
1568997151158
1568997151171
1568997151183
1568997151198
1568997151211
1568997151224
1568997151236
1568997151249
1568997151262
1568997151274
1568997151285
1568997151302
1568997151317
1568997151330
1568997151343
1568997151357
1568997151370
1568997151384
1568997151400
1568997151413
1568997151426
1568997151437
1568997151449
1568997151462
1568997151475
1568997151487
1568997151499
1568997151511
1568997151521
1568997151534
1568997151549
1568997151562
1568997151574
1568997151585
1568997151598
1568997151611
1568997151625
1568997151638
1568997151651
1568997151664
1568997151677
1568997151690
1568997151704
1568997151716
1568997151729
1568997151743
1568997151757
1568997151770
1568997151784
1568997151800
1568997151815
1568997151829
1568997151842
1568997151857
1568997151872
1568997151887
1568997151902
1568997151916
1568997151929
1568997151943
1568997151957
1568997151970
1568997151984
1568997151996
1568997152012
1568997152028
1568997152042
1568997152056
1568997152069
1568997152081
1568997152094
1568997152108
1568997152122
1568997152135
1568997152148
1568997152162
1568997152175
1568997152189
1568997152203
1568997152216
1568997152229
1568997152244
1568997152258
1568997152271
1568997152284
1568997152296
1568997152308
1568997152321
1568997152334
1568997152348
1568997152362
1568997152374
1568997152389
1568997152403
1568997152418
1568997152430
1568997152444
1568997152456
1568997152471
1568997152484
1568997152498
1568997152511
1568997152525
1568997152539
1568997152552
1568997152565
1568997152578
