1568997123900
1568997123912
1568997123924
1568997123935
1568997123947
1568997123957
1568997123969
1568997123980
1568997123991
1568997124002
1568997124014
1568997124026
1568997124039
1568997124052
1568997124064
1568997124075
1568997124087
1568997124099
1568997124111
1568997124121
1568997124133
1568997124145
1568997124157
1568997124169
1568997124180
1568997124193
1568997124206
1568997124218
1568997124230
1568997124243
1568997124253
1568997124265
1568997124277
1568997124289
1568997124302
1568997124313
1568997124325
1568997124338
1568997124350
1568997124362
1568997124374
1568997124386
1568997124397
1568997124410
1568997124421
1568997124433
1568997124443
1568997124456
1568997124469
1568997124481
1568997124493
1568997124505
1568997124517
1568997124528
1568997124540
1568997124553
1568997124565
1568997124577
1568997124588
1568997124600
1568997124612
1568997124625
1568997124637
1568997124648
1568997124659
1568997124672
1568997124683
1568997124696
1568997124707
1568997124719
1568997124730
1568997124744
1568997124756
1568997124768
1568997124779
1568997124791
1568997124803
1568997124815
1568997124825
1568997124837
1568997124848
1568997124860
1568997124873
1568997124885
1568997124897
1568997124910
1568997124923
1568997124935
1568997124947
1568997124959
1568997124971
1568997124982
1568997124994
1568997125006
1568997125018
1568997125031
1568997125044
1568997125058
1568997125070
1568997125083
1568997125095
1568997125107
1568997125119
1568997125132
1568997125144
1568997125157
1568997125169
1568997125182
1568997125194
1568997125207
1568997125219
1568997125231
1568997125244
1568997125256
1568997125268
1568997125281
1568997125294
1568997125305
1568997125317
1568997125330
1568997125342
1568997125355
1568997125367
1568997125380
1568997125392
1568997125404
1568997125416
1568997125429
1568997125440
1568997125451
1568997125463
1568997125474
1568997125487
1568997125500
1568997125512
1568997125525
1568997125537
1568997125548
1568997125559
1568997125571
1568997125582
1568997125593
1568997125605
1568997125617
1568997125631
1568997125644
1568997125656
1568997125668
1568997125679
1568997125690
