1568997142664
1568997142677
1568997142692
1568997142708
1568997142723
1568997142737
1568997142750
1568997142762
1568997142773
1568997142785
1568997142797
1568997142812
1568997142827
1568997142842
1568997142854
1568997142866
1568997142878
1568997142890
1568997142903
1568997142916
1568997142929
1568997142942
1568997142955
1568997142967
1568997142979
1568997142992
1568997143005
1568997143019
1568997143032
1568997143047
1568997143061
1568997143077
1568997143090
1568997143103
1568997143115
1568997143127
1568997143143
1568997143158
1568997143171
1568997143184
1568997143196
1568997143209
1568997143221
1568997143234
1568997143248
1568997143261
1568997143274
1568997143285
1568997143298
1568997143311
1568997143324
1568997143336
1568997143348
1568997143360
1568997143370
1568997143382
1568997143395
1568997143408
1568997143420
1568997143434
1568997143447
1568997143460
1568997143473
1568997143485
1568997143499
1568997143512
1568997143525
1568997143536
1568997143552
1568997143566
1568997143579
1568997143591
1568997143604
1568997143616
1568997143627
1568997143640
1568997143653
1568997143669
1568997143682
1568997143697
1568997143710
1568997143723
1568997143739
1568997143755
1568997143770
1568997143785
1568997143800
1568997143813
1568997143826
1568997143839
1568997143851
1568997143867
1568997143883
1568997143899
1568997143913
1568997143926
1568997143939
1568997143954
1568997143969
1568997143985
1568997143999
1568997144013
1568997144026
1568997144039
1568997144052
1568997144065
1568997144079
1568997144094
1568997144108
1568997144123
1568997144138
1568997144153
1568997144166
1568997144179
1568997144191
1568997144204
1568997144217
1568997144229
1568997144242
1568997144256
1568997144269
1568997144282
1568997144295
1568997144308
1568997144320
1568997144333
1568997144344
1568997144358
1568997144372
1568997144386
1568997144400
1568997144413
1568997144425
1568997144438
1568997144452
1568997144465
1568997144477
1568997144491
1568997144505
1568997144519
1568997144532
1568997144544
1568997144555
1568997144567
1568997144580
1568997144593
1568997144606
1568997144620
1568997144633
1568997144647
