1568997160499
1568997160513
1568997160529
1568997160544
1568997160557
1568997160571
1568997160585
1568997160599
1568997160614
1568997160628
1568997160642
1568997160655
1568997160669
1568997160683
1568997160697
1568997160711
1568997160725
1568997160738
1568997160752
1568997160766
1568997160779
1568997160793
1568997160806
1568997160820
1568997160834
1568997160848
1568997160864
1568997160878
1568997160895
1568997160910
1568997160923
1568997160936
1568997160953
1568997160968
1568997160983
1568997160996
1568997161011
1568997161024
1568997161036
1568997161050
1568997161063
1568997161079
1568997161093
1568997161107
1568997161121
1568997161133
1568997161146
1568997161160
1568997161175
1568997161189
1568997161202
1568997161215
1568997161226
1568997161239
1568997161254
1568997161268
1568997161281
1568997161294
1568997161308
1568997161321
1568997161335
1568997161351
1568997161370
1568997161387
1568997161402
1568997161416
1568997161429
1568997161443
1568997161457
1568997161474
1568997161489
1568997161503
1568997161518
1568997161534
1568997161548
1568997161562
1568997161574
1568997161589
1568997161604
1568997161618
1568997161632
1568997161645
1568997161661
1568997161676
1568997161692
1568997161710
1568997161727
1568997161743
1568997161758
1568997161775
1568997161792
1568997161806
1568997161820
1568997161835
1568997161850
1568997161863
1568997161880
1568997161895
1568997161909
1568997161924
1568997161938
1568997161951
1568997161965
1568997161977
1568997161990
1568997162004
1568997162017
1568997162032
1568997162046
1568997162061
1568997162076
1568997162090
1568997162104
1568997162117
1568997162130
1568997162143
1568997162158
1568997162172
1568997162185
1568997162198
1568997162211
1568997162245
1568997162310
1568997162355
1568997162377
1568997162395
1568997162410
1568997162428
1568997162441
1568997162454
1568997162465
1568997162477
1568997162490
1568997162503
1568997162515
1568997162528
1568997162541
1568997162552
1568997162564
1568997162576
1568997162589
1568997162599
1568997162610
1568997162623
1568997162637
1568997162651
1568997162663
1568997162676
1568997162689
1568997162702
