1568650046727
1568650046741
1568650046756
1568650046769
1568650046783
1568650046796
1568650046809
1568650046822
1568650046835
1568650046849
1568650046861
1568650046873
1568650046885
1568650046898
1568650046911
1568650046924
1568650046939
1568650046954
1568650046967
1568650046979
1568650046992
1568650047007
1568650047020
1568650047034
1568650047047
1568650047061
1568650047075
1568650047090
1568650047103
1568650047118
1568650047131
1568650047144
1568650047157
1568650047170
1568650047184
1568650047198
1568650047213
1568650047227
1568650047242
1568650047255
1568650047268
1568650047280
1568650047293
1568650047308
1568650047321
1568650047335
1568650047348
1568650047361
1568650047374
1568650047388
1568650047402
1568650047417
1568650047430
1568650047443
1568650047456
1568650047469
1568650047482
1568650047495
1568650047507
1568650047521
1568650047534
1568650047547
1568650047560
1568650047574
1568650047587
1568650047600
1568650047613
1568650047627
1568650047640
1568650047653
1568650047667
1568650047681
1568650047694
1568650047708
1568650047721
1568650047736
1568650047749
1568650047763
1568650047777
1568650047790
1568650047804
1568650047818
1568650047831
1568650047846
1568650047859
1568650047874
1568650047888
1568650047903
1568650047918
1568650047933
1568650047947
1568650047962
1568650047976
1568650047990
1568650048005
1568650048020
1568650048035
1568650048049
1568650048062
1568650048078
1568650048092
1568650048107
1568650048121
1568650048135
1568650048150
1568650048164
1568650048178
1568650048192
1568650048207
1568650048224
1568650048238
1568650048252
1568650048266
1568650048280
1568650048293
1568650048305
1568650048317
1568650048330
1568650048343
1568650048356
1568650048369
1568650048385
1568650048400
1568650048414
1568650048426
1568650048440
1568650048454
1568650048468
1568650048481
1568650048494
1568650048507
1568650048520
1568650048534
1568650048548
1568650048561
1568650048573
1568650048586
1568650048599
1568650048612
1568650048625
1568650048639
1568650048652
1568650048664
1568650048678
1568650048692
1568650048706
1568650048718
1568650048731
1568650048743
1568650048757
