1568650021097
1568650021110
1568650021125
1568650021138
1568650021150
1568650021163
1568650021176
1568650021189
1568650021201
1568650021214
1568650021226
1568650021239
1568650021252
1568650021266
1568650021279
1568650021293
1568650021306
1568650021319
1568650021332
1568650021345
1568650021358
1568650021371
1568650021384
1568650021397
1568650021409
1568650021423
1568650021436
1568650021449
1568650021462
1568650021475
1568650021487
1568650021500
1568650021512
1568650021528
1568650021541
1568650021554
1568650021568
1568650021582
1568650021595
1568650021608
1568650021622
1568650021635
1568650021649
1568650021662
1568650021676
1568650021690
1568650021705
1568650021720
1568650021733
1568650021747
1568650021761
1568650021774
1568650021788
1568650021801
1568650021814
1568650021827
1568650021840
1568650021854
1568650021867
1568650021882
1568650021895
1568650021909
1568650021923
1568650021937
1568650021950
1568650021964
1568650021977
1568650021991
1568650022004
1568650022019
1568650022033
1568650022046
1568650022060
1568650022077
1568650022091
1568650022105
1568650022119
1568650022133
1568650022147
1568650022161
1568650022175
1568650022189
1568650022203
1568650022217
1568650022230
1568650022246
1568650022261
1568650022275
1568650022288
1568650022302
1568650022315
1568650022330
1568650022344
1568650022359
1568650022373
1568650022387
1568650022401
1568650022417
1568650022431
1568650022444
1568650022459
1568650022472
1568650022486
1568650022501
1568650022515
1568650022529
1568650022544
1568650022558
1568650022572
1568650022588
1568650022602
1568650022617
1568650022630
1568650022644
1568650022658
1568650022673
1568650022687
1568650022700
1568650022713
1568650022727
1568650022741
1568650022755
1568650022768
1568650022780
1568650022793
1568650022807
1568650022819
1568650022833
1568650022845
1568650022858
1568650022871
1568650022884
1568650022896
1568650022910
1568650022922
1568650022935
1568650022948
1568650022961
1568650022974
1568650022987
1568650022999
1568650023012
1568650023025
1568650023038
1568650023051
1568650023065
1568650023078
1568650023092
1568650023106
1568650023119
