1568650049805
1568650049818
1568650049833
1568650049847
1568650049861
1568650049874
1568650049886
1568650049899
1568650049913
1568650049927
1568650049939
1568650049952
1568650049965
1568650049980
1568650049993
1568650050006
1568650050018
1568650050031
1568650050044
1568650050058
1568650050074
1568650050091
1568650050106
1568650050121
1568650050137
1568650050154
1568650050170
1568650050185
1568650050198
1568650050212
1568650050224
1568650050237
1568650050251
1568650050264
1568650050277
1568650050291
1568650050304
1568650050319
1568650050335
1568650050349
1568650050363
1568650050377
1568650050390
1568650050404
1568650050417
1568650050431
1568650050444
1568650050457
1568650050471
1568650050487
1568650050500
1568650050514
1568650050527
1568650050541
1568650050554
1568650050568
1568650050581
1568650050595
1568650050607
1568650050620
1568650050633
1568650050648
1568650050662
1568650050675
1568650050688
1568650050703
1568650050716
1568650050730
1568650050744
1568650050758
1568650050771
1568650050785
1568650050799
1568650050815
1568650050830
1568650050844
1568650050860
1568650050875
1568650050888
1568650050903
1568650050918
1568650050932
1568650050946
1568650050960
1568650050974
1568650050990
1568650051006
1568650051020
1568650051033
1568650051047
1568650051061
1568650051076
1568650051089
1568650051103
1568650051116
1568650051130
1568650051144
1568650051160
1568650051174
1568650051188
1568650051202
1568650051216
1568650051229
1568650051244
1568650051257
1568650051271
1568650051285
1568650051299
1568650051312
1568650051327
1568650051340
1568650051354
1568650051368
1568650051383
1568650051395
1568650051409
1568650051422
1568650051435
1568650051449
1568650051462
1568650051475
1568650051489
1568650051502
1568650051515
1568650051528
1568650051542
1568650051555
1568650051569
1568650051581
1568650051595
1568650051608
1568650051621
1568650051634
1568650051648
1568650051662
1568650051676
1568650051689
1568650051703
1568650051718
1568650051731
1568650051743
1568650051757
1568650051770
1568650051784
1568650051796
1568650051810
1568650051822
1568650051836
1568650051848
1568650051861
