1568650024319
1568650024332
1568650024347
1568650024359
1568650024372
1568650024386
1568650024399
1568650024412
1568650024425
1568650024437
1568650024450
1568650024462
1568650024476
1568650024489
1568650024502
1568650024514
1568650024527
1568650024541
1568650024553
1568650024566
1568650024579
1568650024593
1568650024605
1568650024618
1568650024631
1568650024644
1568650024657
1568650024670
1568650024683
1568650024695
1568650024708
1568650024721
1568650024735
1568650024748
1568650024760
1568650024773
1568650024786
1568650024801
1568650024813
1568650024827
1568650024839
1568650024852
1568650024865
1568650024878
1568650024891
1568650024904
1568650024917
1568650024930
1568650024943
1568650024956
1568650024970
1568650024983
1568650024997
1568650025010
1568650025023
1568650025036
1568650025049
1568650025063
1568650025076
1568650025090
1568650025103
1568650025118
1568650025132
1568650025145
1568650025158
1568650025172
1568650025184
1568650025198
1568650025211
1568650025225
1568650025238
1568650025252
1568650025265
1568650025279
1568650025293
1568650025307
1568650025321
1568650025335
1568650025350
1568650025365
1568650025378
1568650025393
1568650025406
1568650025420
1568650025434
1568650025449
1568650025463
1568650025478
1568650025491
1568650025506
1568650025520
1568650025534
1568650025548
1568650025563
1568650025577
1568650025592
1568650025606
1568650025620
1568650025635
1568650025650
1568650025663
1568650025677
1568650025692
1568650025706
1568650025720
1568650025735
1568650025749
1568650025762
1568650025776
1568650025790
1568650025804
1568650025818
1568650025832
1568650025846
1568650025859
1568650025872
1568650025886
1568650025901
1568650025915
1568650025930
1568650025943
1568650025956
1568650025969
1568650025981
1568650025994
1568650026006
1568650026019
1568650026032
1568650026044
1568650026056
1568650026069
1568650026081
1568650026094
1568650026107
1568650026120
1568650026132
1568650026145
1568650026158
1568650026170
1568650026183
1568650026195
1568650026208
1568650026220
1568650026233
1568650026246
1568650026260
1568650026272
1568650026285
1568650026297
1568650026311
