1568650042040
1568650042054
1568650042069
1568650042082
1568650042095
1568650042108
1568650042123
1568650042137
1568650042150
1568650042164
1568650042176
1568650042189
1568650042202
1568650042215
1568650042228
1568650042241
1568650042254
1568650042266
1568650042279
1568650042292
1568650042305
1568650042321
1568650042335
1568650042350
1568650042363
1568650042377
1568650042390
1568650042404
1568650042417
1568650042430
1568650042444
1568650042457
1568650042470
1568650042484
1568650042497
1568650042511
1568650042528
1568650042543
1568650042557
1568650042571
1568650042583
1568650042597
1568650042611
1568650042625
1568650042639
1568650042653
1568650042666
1568650042680
1568650042694
1568650042709
1568650042722
1568650042735
1568650042749
1568650042762
1568650042775
1568650042788
1568650042801
1568650042814
1568650042826
1568650042839
1568650042852
1568650042869
1568650042884
1568650042899
1568650042911
1568650042925
1568650042938
1568650042951
1568650042964
1568650042977
1568650042990
1568650043004
1568650043018
1568650043033
1568650043047
1568650043060
1568650043074
1568650043089
1568650043103
1568650043118
1568650043132
1568650043147
1568650043160
1568650043174
1568650043188
1568650043203
1568650043217
1568650043231
1568650043245
1568650043259
1568650043275
1568650043288
1568650043302
1568650043316
1568650043330
1568650043344
1568650043358
1568650043373
1568650043387
1568650043402
1568650043416
1568650043431
1568650043444
1568650043458
1568650043472
1568650043486
1568650043500
1568650043514
1568650043528
1568650043543
1568650043558
1568650043571
1568650043586
1568650043601
1568650043614
1568650043629
1568650043643
1568650043659
1568650043673
1568650043687
1568650043701
1568650043714
1568650043727
1568650043740
1568650043753
1568650043767
1568650043779
1568650043792
1568650043803
1568650043816
1568650043829
1568650043843
1568650043857
1568650043872
1568650043887
1568650043900
1568650043913
1568650043926
1568650043938
1568650043951
1568650043963
1568650043976
1568650043990
1568650044003
1568650044018
1568650044032
1568650044045
1568650044058
1568650044070
1568650044083
