1568650029148
1568650029162
1568650029178
1568650029191
1568650029203
1568650029216
1568650029228
1568650029241
1568650029254
1568650029267
1568650029280
1568650029293
1568650029308
1568650029322
1568650029335
1568650029348
1568650029362
1568650029375
1568650029388
1568650029401
1568650029414
1568650029427
1568650029440
1568650029454
1568650029467
1568650029481
1568650029494
1568650029507
1568650029520
1568650029532
1568650029545
1568650029560
1568650029573
1568650029586
1568650029599
1568650029612
1568650029625
1568650029639
1568650029653
1568650029667
1568650029680
1568650029694
1568650029707
1568650029720
1568650029733
1568650029746
1568650029760
1568650029774
1568650029786
1568650029800
1568650029813
1568650029826
1568650029839
1568650029852
1568650029865
1568650029879
1568650029891
1568650029905
1568650029918
1568650029931
1568650029944
1568650029958
1568650029971
1568650029984
1568650029997
1568650030010
1568650030023
1568650030037
1568650030049
1568650030063
1568650030076
1568650030091
1568650030105
1568650030120
1568650030135
1568650030148
1568650030161
1568650030175
1568650030189
1568650030204
1568650030220
1568650030233
1568650030247
1568650030261
1568650030274
1568650030289
1568650030303
1568650030317
1568650030331
1568650030345
1568650030359
1568650030373
1568650030387
1568650030401
1568650030415
1568650030429
1568650030443
1568650030458
1568650030472
1568650030485
1568650030499
1568650030514
1568650030527
1568650030541
1568650030555
1568650030569
1568650030583
1568650030596
1568650030609
1568650030624
1568650030639
1568650030653
1568650030667
1568650030681
1568650030694
1568650030708
1568650030723
1568650030737
1568650030751
1568650030764
1568650030777
1568650030791
1568650030804
1568650030817
1568650030830
1568650030843
1568650030856
1568650030869
1568650030882
1568650030895
1568650030909
1568650030924
1568650030939
1568650030954
1568650030967
1568650030981
1568650030995
1568650031009
1568650031022
1568650031036
1568650031049
1568650031063
1568650031075
1568650031088
1568650031102
1568650031118
1568650031133
1568650031147
1568650031161
1568650031175
