1568650059063
1568650059077
1568650059091
1568650059103
1568650059116
1568650059128
1568650059141
1568650059154
1568650059169
1568650059182
1568650059194
1568650059207
1568650059220
1568650059235
1568650059249
1568650059264
1568650059277
1568650059291
1568650059304
1568650059316
1568650059328
1568650059340
1568650059352
1568650059365
1568650059378
1568650059391
1568650059404
1568650059417
1568650059430
1568650059444
1568650059457
1568650059469
1568650059482
1568650059496
1568650059508
1568650059521
1568650059536
1568650059550
1568650059564
1568650059578
1568650059591
1568650059606
1568650059620
1568650059633
1568650059647
1568650059664
1568650059678
1568650059692
1568650059705
1568650059719
1568650059733
1568650059747
1568650059760
1568650059773
1568650059786
1568650059801
1568650059815
1568650059829
1568650059842
1568650059856
1568650059869
1568650059883
1568650059896
1568650059910
1568650059923
1568650059936
1568650059949
1568650059961
1568650059975
1568650059988
1568650060001
1568650060014
1568650060027
1568650060042
1568650060055
1568650060070
1568650060084
1568650060097
1568650060111
1568650060125
1568650060139
1568650060152
1568650060166
1568650060180
1568650060194
1568650060209
1568650060223
1568650060238
1568650060252
1568650060266
1568650060279
1568650060293
1568650060306
1568650060321
1568650060334
1568650060348
1568650060362
1568650060376
1568650060390
1568650060404
1568650060420
1568650060435
1568650060449
1568650060463
1568650060477
1568650060491
1568650060505
1568650060518
1568650060533
1568650060547
1568650060561
1568650060575
1568650060588
1568650060602
1568650060617
1568650060631
1568650060643
1568650060656
1568650060669
1568650060681
1568650060694
1568650060708
1568650060723
1568650060736
1568650060751
1568650060766
1568650060779
1568650060793
1568650060807
1568650060821
1568650060834
1568650060848
1568650060862
1568650060878
1568650060894
1568650060908
1568650060922
1568650060935
1568650060948
1568650060961
1568650060974
1568650060988
1568650061002
1568650061016
1568650061029
1568650061042
1568650061055
1568650061067
1568650061080
1568650061093
