1568906522664
1568906522679
1568906522695
1568906522709
1568906522724
1568906522739
1568906522754
1568906522771
1568906522788
1568906522804
1568906522821
1568906522837
1568906522852
1568906522870
1568906522886
1568906522903
1568906522919
1568906522937
1568906522952
1568906522968
1568906522985
1568906523002
1568906523017
1568906523034
1568906523050
1568906523068
1568906523082
1568906523097
1568906523114
1568906523128
1568906523145
1568906523161
1568906523175
1568906523191
1568906523206
1568906523220
1568906523234
1568906523252
1568906523267
1568906523281
1568906523298
1568906523313
1568906523328
1568906523344
1568906523364
1568906523384
1568906523400
1568906523418
1568906523435
1568906523454
1568906523473
1568906523490
1568906523508
1568906523525
1568906523542
1568906523559
1568906523576
1568906523594
1568906523611
1568906523628
1568906523644
1568906523661
1568906523678
1568906523695
1568906523712
1568906523729
1568906523746
1568906523763
1568906523779
1568906523796
1568906523812
1568906523829
1568906523846
1568906523865
1568906523882
1568906523899
1568906523916
1568906523933
1568906523950
1568906523968
1568906523984
1568906524001
1568906524018
1568906524035
1568906524051
1568906524069
1568906524087
1568906524105
1568906524121
1568906524139
1568906524156
1568906524173
1568906524189
1568906524206
1568906524222
1568906524239
1568906524255
1568906524273
1568906524291
1568906524307
1568906524324
1568906524342
1568906524358
1568906524376
1568906524392
1568906524409
1568906524426
1568906524443
1568906524459
1568906524477
1568906524494
1568906524510
1568906524524
1568906524539
1568906524555
1568906524570
1568906524584
1568906524600
1568906524614
1568906524629
1568906524644
1568906524660
1568906524675
1568906524691
1568906524705
1568906524720
1568906524734
1568906524749
1568906524764
1568906524779
1568906524793
1568906524809
1568906524824
1568906524840
1568906524855
1568906524870
1568906524885
1568906524900
1568906524915
1568906524930
1568906524945
1568906524960
1568906524975
1568906524991
1568906525005
1568906525021
1568906525037
1568906525054
1568906525069
1568906525084
