1568906486731
1568906486744
1568906486758
1568906486770
1568906486784
1568906486797
1568906486809
1568906486822
1568906486834
1568906486847
1568906486860
1568906486873
1568906486886
1568906486900
1568906486913
1568906486926
1568906486938
1568906486952
1568906486964
1568906486977
1568906486989
1568906487001
1568906487014
1568906487028
1568906487041
1568906487054
1568906487067
1568906487080
1568906487093
1568906487107
1568906487121
1568906487134
1568906487146
1568906487158
1568906487171
1568906487183
1568906487196
1568906487210
1568906487223
1568906487240
1568906487253
1568906487267
1568906487281
1568906487294
1568906487307
1568906487321
1568906487334
1568906487348
1568906487361
1568906487377
1568906487391
1568906487405
1568906487418
1568906487432
1568906487446
1568906487460
1568906487473
1568906487487
1568906487500
1568906487515
1568906487527
1568906487542
1568906487555
1568906487568
1568906487582
1568906487595
1568906487608
1568906487622
1568906487635
1568906487648
1568906487661
1568906487675
1568906487688
1568906487702
1568906487716
1568906487730
1568906487744
1568906487758
1568906487772
1568906487786
1568906487800
1568906487814
1568906487827
1568906487841
1568906487854
1568906487869
1568906487884
1568906487899
1568906487913
1568906487927
1568906487942
1568906487956
1568906487971
1568906487985
1568906487999
1568906488013
1568906488026
1568906488041
1568906488056
1568906488070
1568906488084
1568906488099
1568906488113
1568906488127
1568906488141
1568906488155
1568906488169
1568906488183
1568906488197
1568906488212
1568906488226
1568906488240
1568906488253
1568906488267
1568906488281
1568906488295
1568906488308
1568906488323
1568906488335
1568906488348
1568906488361
1568906488376
1568906488389
1568906488403
1568906488417
1568906488431
1568906488444
1568906488458
1568906488471
1568906488484
1568906488497
1568906488510
1568906488524
1568906488538
1568906488550
1568906488564
1568906488577
1568906488591
1568906488605
1568906488621
1568906488634
1568906488647
1568906488659
1568906488673
1568906488686
1568906488699
1568906488712
1568906488726
1568906488739
1568906488752
