1568906513827
1568906513842
1568906513858
1568906513872
1568906513886
1568906513900
1568906513914
1568906513929
1568906513942
1568906513956
1568906513971
1568906513985
1568906513999
1568906514014
1568906514028
1568906514042
1568906514056
1568906514070
1568906514085
1568906514099
1568906514113
1568906514127
1568906514141
1568906514155
1568906514168
1568906514183
1568906514196
1568906514210
1568906514224
1568906514238
1568906514252
1568906514266
1568906514280
1568906514294
1568906514307
1568906514322
1568906514335
1568906514350
1568906514366
1568906514380
1568906514394
1568906514410
1568906514424
1568906514439
1568906514454
1568906514470
1568906514484
1568906514498
1568906514512
1568906514528
1568906514542
1568906514557
1568906514571
1568906514586
1568906514601
1568906514615
1568906514630
1568906514645
1568906514660
1568906514674
1568906514688
1568906514703
1568906514718
1568906514732
1568906514747
1568906514762
1568906514777
1568906514792
1568906514806
1568906514820
1568906514834
1568906514848
1568906514863
1568906514879
1568906514894
1568906514908
1568906514922
1568906514937
1568906514952
1568906514967
1568906514981
1568906514997
1568906515011
1568906515027
1568906515041
1568906515058
1568906515073
1568906515088
1568906515103
1568906515119
1568906515134
1568906515149
1568906515164
1568906515179
1568906515194
1568906515209
1568906515224
1568906515239
1568906515255
1568906515270
1568906515286
1568906515301
1568906515316
1568906515330
1568906515345
1568906515360
1568906515376
1568906515391
1568906515408
1568906515423
1568906515440
1568906515457
1568906515472
1568906515488
1568906515504
1568906515519
1568906515534
1568906515549
1568906515564
1568906515577
1568906515591
1568906515606
1568906515621
1568906515634
1568906515648
1568906515664
1568906515680
1568906515694
1568906515708
1568906515723
1568906515737
1568906515751
1568906515764
1568906515780
1568906515793
1568906515807
1568906515820
1568906515834
1568906515847
1568906515861
1568906515875
1568906515888
1568906515902
1568906515916
1568906515930
1568906515945
1568906515959
1568906515972
1568906515987
1568906516000
