1568711094318
1568711094332
1568711094345
1568711094357
1568711094368
1568711094380
1568711094391
1568711094402
1568711094414
1568711094427
1568711094439
1568711094452
1568711094465
1568711094478
1568711094491
1568711094504
1568711094516
1568711094529
1568711094541
1568711094552
1568711094562
1568711094575
1568711094587
1568711094599
1568711094610
1568711094622
1568711094634
1568711094646
1568711094656
1568711094668
1568711094679
1568711094690
1568711094701
1568711094713
1568711094724
1568711094735
1568711094746
1568711094759
1568711094771
1568711094783
1568711094795
1568711094807
1568711094819
1568711094831
1568711094840
1568711094852
1568711094864
1568711094876
1568711094886
1568711094899
1568711094911
1568711094923
1568711094934
1568711094945
1568711094957
1568711094969
1568711094979
1568711094991
1568711095003
1568711095015
1568711095026
1568711095038
1568711095050
1568711095062
1568711095074
1568711095084
1568711095096
1568711095108
1568711095120
1568711095130
1568711095142
1568711095156
1568711095169
1568711095181
1568711095194
1568711095206
1568711095217
1568711095228
1568711095240
1568711095252
1568711095264
1568711095275
1568711095288
1568711095301
1568711095312
1568711095325
1568711095338
1568711095350
1568711095362
1568711095376
1568711095387
1568711095399
1568711095412
1568711095424
1568711095436
1568711095449
1568711095463
1568711095477
1568711095490
1568711095503
1568711095516
1568711095529
1568711095541
1568711095554
1568711095566
1568711095578
1568711095590
1568711095602
1568711095615
1568711095628
1568711095641
1568711095655
1568711095667
1568711095680
1568711095692
1568711095705
1568711095719
1568711095733
1568711095745
1568711095758
1568711095770
1568711095783
1568711095798
1568711095811
1568711095825
1568711095838
1568711095851
1568711095864
1568711095879
1568711095892
1568711095905
1568711095918
1568711095931
1568711095945
1568711095958
1568711095971
1568711095984
1568711095998
1568711096010
1568711096023
1568711096035
1568711096046
1568711096057
1568711096069
1568711096081
1568711096095
1568711096108
1568711096121
1568711096134
1568711096146
