1568711058346
1568711058357
1568711058371
1568711058383
1568711058395
1568711058407
1568711058419
1568711058431
1568711058443
1568711058455
1568711058466
1568711058478
1568711058490
1568711058504
1568711058517
1568711058529
1568711058542
1568711058554
1568711058564
1568711058577
1568711058589
1568711058601
1568711058612
1568711058623
1568711058635
1568711058648
1568711058661
1568711058673
1568711058684
1568711058696
1568711058708
1568711058720
1568711058733
1568711058745
1568711058756
1568711058768
1568711058781
1568711058794
1568711058807
1568711058820
1568711058833
1568711058846
1568711058858
1568711058870
1568711058880
1568711058892
1568711058905
1568711058917
1568711058928
1568711058940
1568711058952
1568711058965
1568711058978
1568711058991
1568711059003
1568711059016
1568711059028
1568711059040
1568711059051
1568711059065
1568711059078
1568711059091
1568711059104
1568711059116
1568711059129
1568711059141
1568711059153
1568711059164
1568711059176
1568711059189
1568711059201
1568711059213
1568711059226
1568711059239
1568711059251
1568711059263
1568711059275
1568711059287
1568711059300
1568711059313
1568711059325
1568711059338
1568711059350
1568711059362
1568711059377
1568711059391
1568711059404
1568711059416
1568711059428
1568711059440
1568711059452
1568711059464
1568711059476
1568711059490
1568711059502
1568711059515
1568711059527
1568711059540
1568711059552
1568711059565
1568711059577
1568711059590
1568711059603
1568711059615
1568711059628
1568711059641
1568711059654
1568711059668
1568711059680
1568711059694
1568711059707
1568711059721
1568711059734
1568711059746
1568711059759
1568711059771
1568711059784
1568711059797
1568711059808
1568711059820
1568711059833
1568711059848
1568711059860
1568711059874
1568711059886
1568711059899
1568711059911
1568711059924
1568711059937
1568711059950
1568711059962
1568711059976
1568711059989
1568711060000
1568711060012
1568711060024
1568711060035
1568711060046
1568711060057
1568711060068
1568711060079
1568711060091
1568711060104
1568711060115
1568711060127
1568711060140
1568711060152
1568711060164
1568711060176
1568711060189
