1568711053358
1568711053370
1568711053382
1568711053392
1568711053403
1568711053414
1568711053425
1568711053436
1568711053446
1568711053458
1568711053469
1568711053480
1568711053491
1568711053504
1568711053516
1568711053528
1568711053539
1568711053550
1568711053562
1568711053573
1568711053584
1568711053595
1568711053606
1568711053617
1568711053629
1568711053641
1568711053654
1568711053666
1568711053677
1568711053689
1568711053701
1568711053712
1568711053723
1568711053735
1568711053746
1568711053758
1568711053769
1568711053781
1568711053793
1568711053805
1568711053816
1568711053827
1568711053840
1568711053852
1568711053864
1568711053875
1568711053887
1568711053899
1568711053911
1568711053924
1568711053937
1568711053948
1568711053959
1568711053971
1568711053984
1568711053996
1568711054007
1568711054018
1568711054029
1568711054041
1568711054051
1568711054064
1568711054076
1568711054088
1568711054098
1568711054111
1568711054123
1568711054136
1568711054148
1568711054159
1568711054170
1568711054182
1568711054195
1568711054207
1568711054220
1568711054233
1568711054245
1568711054256
1568711054268
1568711054280
1568711054292
1568711054302
1568711054314
1568711054326
1568711054340
1568711054353
1568711054366
1568711054378
1568711054390
1568711054403
1568711054416
1568711054429
1568711054440
1568711054452
1568711054465
1568711054476
1568711054489
1568711054503
1568711054516
1568711054529
1568711054541
1568711054554
1568711054567
1568711054579
1568711054590
1568711054602
1568711054615
1568711054627
1568711054639
1568711054652
1568711054664
1568711054676
1568711054688
1568711054701
1568711054713
1568711054725
1568711054738
1568711054751
1568711054763
1568711054774
1568711054787
1568711054799
1568711054812
1568711054824
1568711054837
1568711054850
1568711054861
1568711054874
1568711054886
1568711054898
1568711054910
1568711054923
1568711054936
1568711054949
1568711054962
1568711054975
1568711054988
1568711054999
1568711055010
1568711055022
1568711055032
1568711055043
1568711055054
1568711055066
1568711055078
1568711055091
1568711055103
1568711055115
1568711055127
1568711055139
