1568711043663
1568711043675
1568711043688
1568711043700
1568711043711
1568711043722
1568711043734
1568711043745
1568711043755
1568711043767
1568711043779
1568711043790
1568711043802
1568711043814
1568711043825
1568711043836
1568711043847
1568711043859
1568711043870
1568711043881
1568711043893
1568711043904
1568711043916
1568711043927
1568711043939
1568711043952
1568711043964
1568711043978
1568711043990
1568711044004
1568711044016
1568711044028
1568711044038
1568711044051
1568711044063
1568711044076
1568711044088
1568711044101
1568711044114
1568711044126
1568711044137
1568711044150
1568711044163
1568711044175
1568711044188
1568711044200
1568711044212
1568711044223
1568711044236
1568711044248
1568711044261
1568711044274
1568711044287
1568711044299
1568711044312
1568711044324
1568711044335
1568711044347
1568711044360
1568711044373
1568711044385
1568711044398
1568711044411
1568711044424
1568711044436
1568711044447
1568711044458
1568711044471
1568711044483
1568711044496
1568711044506
1568711044519
1568711044531
1568711044544
1568711044556
1568711044569
1568711044581
1568711044593
1568711044604
1568711044616
1568711044629
1568711044641
1568711044654
1568711044666
1568711044679
1568711044693
1568711044709
1568711044722
1568711044734
1568711044746
1568711044759
1568711044771
1568711044783
1568711044794
1568711044807
1568711044820
1568711044833
1568711044846
1568711044858
1568711044871
1568711044884
1568711044897
1568711044910
1568711044923
1568711044935
1568711044947
1568711044959
1568711044971
1568711044984
1568711044998
1568711045010
1568711045023
1568711045036
1568711045049
1568711045061
1568711045074
1568711045087
1568711045100
1568711045111
1568711045123
1568711045137
1568711045150
1568711045163
1568711045176
1568711045189
1568711045201
1568711045213
1568711045226
1568711045238
1568711045250
1568711045261
1568711045273
1568711045285
1568711045296
1568711045307
1568711045318
1568711045330
1568711045341
1568711045353
1568711045364
1568711045375
1568711045386
1568711045398
1568711045411
1568711045422
1568711045434
1568711045445
1568711045456
1568711045466
1568711045478
