1568711056678
1568711056690
1568711056702
1568711056714
1568711056724
1568711056736
1568711056747
1568711056758
1568711056769
1568711056781
1568711056793
1568711056805
1568711056818
1568711056831
1568711056842
1568711056853
1568711056865
1568711056877
1568711056888
1568711056900
1568711056912
1568711056924
1568711056937
1568711056950
1568711056963
1568711056976
1568711056990
1568711057002
1568711057013
1568711057024
1568711057036
1568711057049
1568711057060
1568711057071
1568711057083
1568711057096
1568711057108
1568711057121
1568711057133
1568711057144
1568711057156
1568711057168
1568711057181
1568711057194
1568711057206
1568711057218
1568711057228
1568711057241
1568711057254
1568711057267
1568711057279
1568711057292
1568711057303
1568711057315
1568711057326
1568711057338
1568711057351
1568711057364
1568711057375
1568711057386
1568711057398
1568711057411
1568711057423
1568711057435
1568711057446
1568711057458
1568711057470
1568711057483
1568711057493
1568711057505
1568711057517
1568711057528
1568711057540
1568711057552
1568711057564
1568711057576
1568711057589
1568711057601
1568711057614
1568711057627
1568711057637
1568711057650
1568711057662
1568711057674
1568711057686
1568711057699
1568711057710
1568711057723
1568711057735
1568711057746
1568711057758
1568711057769
1568711057780
1568711057792
1568711057804
1568711057817
1568711057829
1568711057843
1568711057857
1568711057870
1568711057883
1568711057894
1568711057906
1568711057919
1568711057931
1568711057943
1568711057956
1568711057969
1568711057981
1568711057995
1568711058007
1568711058019
1568711058032
1568711058044
1568711058056
1568711058069
1568711058081
1568711058094
1568711058106
1568711058119
1568711058131
1568711058144
1568711058156
1568711058169
1568711058182
1568711058195
1568711058208
1568711058220
1568711058233
1568711058246
1568711058258
1568711058271
1568711058283
1568711058296
1568711058308
1568711058321
1568711058333
1568711058345
1568711058355
1568711058367
1568711058379
1568711058392
1568711058405
1568711058417
1568711058430
1568711058443
1568711058456
1568711058469
1568711058482
1568711058494
