1568711069818
1568711069829
1568711069842
1568711069853
1568711069866
1568711069877
1568711069889
1568711069900
1568711069911
1568711069922
1568711069934
1568711069945
1568711069957
1568711069969
1568711069981
1568711069993
1568711070004
1568711070016
1568711070028
1568711070041
1568711070053
1568711070064
1568711070076
1568711070088
1568711070101
1568711070115
1568711070127
1568711070138
1568711070150
1568711070162
1568711070173
1568711070184
1568711070195
1568711070207
1568711070219
1568711070229
1568711070242
1568711070254
1568711070267
1568711070279
1568711070291
1568711070303
1568711070314
1568711070326
1568711070338
1568711070351
1568711070364
1568711070375
1568711070387
1568711070401
1568711070413
1568711070425
1568711070436
1568711070447
1568711070459
1568711070471
1568711070483
1568711070495
1568711070506
1568711070518
1568711070530
1568711070543
1568711070556
1568711070569
1568711070581
1568711070592
1568711070603
1568711070615
1568711070627
1568711070638
1568711070649
1568711070660
1568711070671
1568711070683
1568711070695
1568711070707
1568711070718
1568711070729
1568711070740
1568711070752
1568711070762
1568711070774
1568711070787
1568711070799
1568711070811
1568711070825
1568711070837
1568711070850
1568711070861
1568711070872
1568711070884
1568711070897
1568711070908
1568711070919
1568711070931
1568711070944
1568711070956
1568711070970
1568711070982
1568711070994
1568711071006
1568711071019
1568711071031
1568711071042
1568711071055
1568711071068
1568711071082
1568711071096
1568711071110
1568711071126
1568711071140
1568711071154
1568711071167
1568711071180
1568711071193
1568711071206
1568711071220
1568711071234
1568711071246
1568711071259
1568711071272
1568711071285
1568711071298
1568711071311
1568711071324
1568711071337
1568711071349
1568711071361
1568711071373
1568711071386
1568711071399
1568711071413
1568711071428
1568711071443
1568711071457
1568711071470
1568711071483
1568711071495
1568711071507
1568711071519
1568711071530
1568711071542
1568711071553
1568711071568
1568711071580
1568711071593
1568711071604
1568711071616
1568711071629
1568711071643
