1568711076356
1568711076369
1568711076382
1568711076392
1568711076404
1568711076415
1568711076426
1568711076437
1568711076449
1568711076461
1568711076473
1568711076485
1568711076497
1568711076510
1568711076522
1568711076534
1568711076545
1568711076557
1568711076569
1568711076582
1568711076595
1568711076607
1568711076617
1568711076629
1568711076641
1568711076653
1568711076666
1568711076678
1568711076690
1568711076702
1568711076714
1568711076726
1568711076736
1568711076748
1568711076759
1568711076772
1568711076783
1568711076795
1568711076806
1568711076818
1568711076829
1568711076840
1568711076852
1568711076864
1568711076874
1568711076885
1568711076897
1568711076908
1568711076919
1568711076932
1568711076945
1568711076956
1568711076967
1568711076979
1568711076990
1568711077002
1568711077012
1568711077024
1568711077036
1568711077048
1568711077059
1568711077071
1568711077083
1568711077095
1568711077106
1568711077117
1568711077129
1568711077140
1568711077152
1568711077163
1568711077175
1568711077187
1568711077200
1568711077213
1568711077225
1568711077236
1568711077248
1568711077260
1568711077272
1568711077285
1568711077295
1568711077307
1568711077319
1568711077332
1568711077345
1568711077358
1568711077371
1568711077383
1568711077396
1568711077408
1568711077420
1568711077432
1568711077445
1568711077457
1568711077469
1568711077481
1568711077495
1568711077510
1568711077523
1568711077536
1568711077549
1568711077561
1568711077574
1568711077587
1568711077600
1568711077613
1568711077625
1568711077636
1568711077649
1568711077662
1568711077675
1568711077688
1568711077701
1568711077713
1568711077726
1568711077738
1568711077751
1568711077763
1568711077774
1568711077787
1568711077800
1568711077813
1568711077827
1568711077840
1568711077852
1568711077865
1568711077878
1568711077892
1568711077905
1568711077918
1568711077931
1568711077943
1568711077955
1568711077968
1568711077981
1568711077994
1568711078007
1568711078020
1568711078033
1568711078045
1568711078058
1568711078070
1568711078083
1568711078095
1568711078108
1568711078121
1568711078133
1568711078146
1568711078158
1568711078170
