1568711077957
1568711077969
1568711077984
1568711077997
1568711078009
1568711078021
1568711078034
1568711078047
1568711078059
1568711078071
1568711078084
1568711078096
1568711078109
1568711078121
1568711078132
1568711078145
1568711078157
1568711078169
1568711078183
1568711078196
1568711078209
1568711078221
1568711078233
1568711078245
1568711078256
1568711078268
1568711078280
1568711078294
1568711078307
1568711078320
1568711078332
1568711078345
1568711078356
1568711078367
1568711078379
1568711078391
1568711078404
1568711078417
1568711078429
1568711078441
1568711078452
1568711078465
1568711078478
1568711078491
1568711078503
1568711078516
1568711078528
1568711078541
1568711078554
1568711078568
1568711078581
1568711078594
1568711078607
1568711078619
1568711078631
1568711078643
1568711078655
1568711078668
1568711078681
1568711078694
1568711078706
1568711078719
1568711078729
1568711078742
1568711078756
1568711078768
1568711078781
1568711078793
1568711078806
1568711078818
1568711078830
1568711078840
1568711078853
1568711078866
1568711078879
1568711078891
1568711078904
1568711078916
1568711078928
1568711078941
1568711078954
1568711078965
1568711078977
1568711078990
1568711079004
1568711079018
1568711079032
1568711079044
1568711079056
1568711079069
1568711079081
1568711079094
1568711079107
1568711079120
1568711079132
1568711079145
1568711079158
1568711079170
1568711079183
1568711079195
1568711079207
1568711079220
1568711079232
1568711079244
1568711079257
1568711079270
1568711079281
1568711079293
1568711079306
1568711079319
1568711079332
1568711079344
1568711079357
1568711079370
1568711079382
1568711079394
1568711079406
1568711079418
1568711079431
1568711079443
1568711079457
1568711079471
1568711079484
1568711079496
1568711079508
1568711079521
1568711079533
1568711079546
1568711079558
1568711079570
1568711079583
1568711079596
1568711079608
1568711079621
1568711079634
1568711079646
1568711079659
1568711079671
1568711079683
1568711079696
1568711079708
1568711079720
1568711079732
1568711079745
1568711079758
1568711079772
1568711079784
1568711079796
1568711079809
1568711079821
