1568711071466
1568711071479
1568711071493
1568711071505
1568711071517
1568711071527
1568711071538
1568711071550
1568711071562
1568711071575
1568711071587
1568711071598
1568711071609
1568711071621
1568711071635
1568711071648
1568711071661
1568711071673
1568711071683
1568711071695
1568711071707
1568711071718
1568711071729
1568711071741
1568711071753
1568711071767
1568711071779
1568711071791
1568711071804
1568711071816
1568711071827
1568711071840
1568711071852
1568711071865
1568711071877
1568711071887
1568711071899
1568711071912
1568711071924
1568711071937
1568711071950
1568711071961
1568711071972
1568711071984
1568711071996
1568711072009
1568711072019
1568711072032
1568711072044
1568711072057
1568711072069
1568711072081
1568711072091
1568711072103
1568711072115
1568711072127
1568711072137
1568711072149
1568711072161
1568711072173
1568711072185
1568711072197
1568711072209
1568711072220
1568711072232
1568711072243
1568711072254
1568711072266
1568711072278
1568711072288
1568711072300
1568711072311
1568711072322
1568711072335
1568711072347
1568711072359
1568711072370
1568711072381
1568711072392
1568711072404
1568711072415
1568711072426
1568711072439
1568711072451
1568711072463
1568711072475
1568711072487
1568711072500
1568711072511
1568711072524
1568711072536
1568711072548
1568711072560
1568711072573
1568711072584
1568711072597
1568711072609
1568711072622
1568711072635
1568711072648
1568711072660
1568711072673
1568711072685
1568711072697
1568711072708
1568711072721
1568711072733
1568711072746
1568711072758
1568711072772
1568711072786
1568711072799
1568711072811
1568711072824
1568711072836
1568711072848
1568711072859
1568711072872
1568711072884
1568711072897
1568711072909
1568711072923
1568711072936
1568711072949
1568711072962
1568711072974
1568711072986
1568711072998
1568711073010
1568711073023
1568711073035
1568711073048
1568711073061
1568711073075
1568711073088
1568711073101
1568711073113
1568711073124
1568711073136
1568711073149
1568711073162
1568711073174
1568711073186
1568711073199
1568711073212
1568711073225
1568711073238
1568711073251
1568711073264
1568711073276
