1568738651468
1568738651482
1568738651497
1568738651510
1568738651522
1568738651535
1568738651547
1568738651560
1568738651574
1568738651586
1568738651599
1568738651612
1568738651624
1568738651636
1568738651649
1568738651662
1568738651674
1568738651687
1568738651699
1568738651712
1568738651725
1568738651737
1568738651749
1568738651762
1568738651777
1568738651791
1568738651805
1568738651819
1568738651833
1568738651845
1568738651858
1568738651871
1568738651886
1568738651899
1568738651915
1568738651929
1568738651942
1568738651955
1568738651970
1568738651983
1568738651996
1568738652010
1568738652022
1568738652036
1568738652050
1568738652063
1568738652076
1568738652089
1568738652102
1568738652116
1568738652129
1568738652143
1568738652156
1568738652169
1568738652181
1568738652194
1568738652206
1568738652219
1568738652232
1568738652244
1568738652258
1568738652272
1568738652285
1568738652298
1568738652311
1568738652324
1568738652338
1568738652351
1568738652364
1568738652377
1568738652390
1568738652403
1568738652416
1568738652430
1568738652443
1568738652459
1568738652472
1568738652486
1568738652498
1568738652510
1568738652522
1568738652535
1568738652547
1568738652560
1568738652572
1568738652584
1568738652596
1568738652608
1568738652621
1568738652633
1568738652645
1568738652657
1568738652668
1568738652680
1568738652692
1568738652704
1568738652716
1568738652728
1568738652740
1568738652752
1568738652765
1568738652778
1568738652791
1568738652803
1568738652816
1568738652828
1568738652840
1568738652853
1568738652866
1568738652879
1568738652892
1568738652905
1568738652918
1568738652931
1568738652943
1568738652956
1568738652968
1568738652981
1568738652994
1568738653008
1568738653021
1568738653033
1568738653045
1568738653057
1568738653070
1568738653082
1568738653094
1568738653106
1568738653118
1568738653130
1568738653143
1568738653155
1568738653168
1568738653182
1568738653194
1568738653207
1568738653220
1568738653233
1568738653245
1568738653257
1568738653270
1568738653281
1568738653293
1568738653305
1568738653318
1568738653332
1568738653344
1568738653357
1568738653370
1568738653382
