1568738640586
1568738640600
1568738640615
1568738640628
1568738640642
1568738640655
1568738640668
1568738640681
1568738640695
1568738640709
1568738640721
1568738640733
1568738640746
1568738640759
1568738640771
1568738640784
1568738640797
1568738640811
1568738640825
1568738640838
1568738640852
1568738640865
1568738640877
1568738640890
1568738640902
1568738640915
1568738640928
1568738640941
1568738640953
1568738640966
1568738640979
1568738640993
1568738641009
1568738641022
1568738641035
1568738641048
1568738641060
1568738641075
1568738641089
1568738641104
1568738641119
1568738641134
1568738641148
1568738641162
1568738641174
1568738641188
1568738641202
1568738641215
1568738641228
1568738641242
1568738641254
1568738641267
1568738641280
1568738641293
1568738641305
1568738641319
1568738641331
1568738641344
1568738641356
1568738641369
1568738641381
1568738641396
1568738641409
1568738641423
1568738641436
1568738641449
1568738641460
1568738641474
1568738641487
1568738641499
1568738641512
1568738641525
1568738641538
1568738641551
1568738641565
1568738641578
1568738641590
1568738641604
1568738641617
1568738641631
1568738641644
1568738641657
1568738641670
1568738641684
1568738641698
1568738641713
1568738641727
1568738641741
1568738641754
1568738641768
1568738641781
1568738641794
1568738641808
1568738641823
1568738641837
1568738641850
1568738641864
1568738641878
1568738641893
1568738641907
1568738641920
1568738641934
1568738641948
1568738641963
1568738641977
1568738641991
1568738642005
1568738642019
1568738642033
1568738642047
1568738642060
1568738642074
1568738642088
1568738642102
1568738642116
1568738642129
1568738642142
1568738642156
1568738642169
1568738642183
1568738642196
1568738642210
1568738642224
1568738642237
1568738642249
1568738642261
1568738642275
1568738642288
1568738642300
1568738642314
1568738642327
1568738642341
1568738642355
1568738642370
1568738642383
1568738642396
1568738642408
1568738642420
1568738642433
1568738642446
1568738642459
1568738642473
1568738642485
1568738642499
1568738642512
1568738642527
1568738642541
1568738642554
1568738642567
1568738642580
