1568738642147
1568738642162
1568738642176
1568738642189
1568738642201
1568738642216
1568738642228
1568738642241
1568738642253
1568738642266
1568738642279
1568738642292
1568738642305
1568738642319
1568738642333
1568738642347
1568738642361
1568738642375
1568738642388
1568738642400
1568738642412
1568738642425
1568738642438
1568738642452
1568738642465
1568738642479
1568738642492
1568738642505
1568738642519
1568738642532
1568738642545
1568738642558
1568738642570
1568738642583
1568738642600
1568738642614
1568738642628
1568738642642
1568738642657
1568738642671
1568738642683
1568738642697
1568738642710
1568738642722
1568738642735
1568738642749
1568738642762
1568738642775
1568738642788
1568738642803
1568738642817
1568738642829
1568738642841
1568738642858
1568738642873
1568738642886
1568738642899
1568738642913
1568738642929
1568738642942
1568738642956
1568738642970
1568738642983
1568738642997
1568738643011
1568738643025
1568738643038
1568738643051
1568738643064
1568738643078
1568738643091
1568738643104
1568738643118
1568738643132
1568738643145
1568738643159
1568738643173
1568738643186
1568738643200
1568738643213
1568738643227
1568738643241
1568738643255
1568738643268
1568738643282
1568738643296
1568738643309
1568738643323
1568738643337
1568738643352
1568738643366
1568738643380
1568738643395
1568738643410
1568738643424
1568738643438
1568738643451
1568738643466
1568738643481
1568738643496
1568738643510
1568738643524
1568738643539
1568738643553
1568738643566
1568738643581
1568738643595
1568738643609
1568738643624
1568738643639
1568738643653
1568738643667
1568738643681
1568738643696
1568738643710
1568738643725
1568738643739
1568738643752
1568738643764
1568738643777
1568738643790
1568738643804
1568738643818
1568738643831
1568738643844
1568738643858
1568738643871
1568738643885
1568738643897
1568738643910
1568738643924
1568738643937
1568738643950
1568738643964
1568738643978
1568738643992
1568738644006
1568738644020
1568738644033
1568738644047
1568738644059
1568738644072
1568738644086
1568738644099
1568738644112
1568738644127
1568738644141
1568738644154
1568738644167
1568738644180
