1567791843976
1567791843988
1567791844001
1567791844013
1567791844024
1567791844036
1567791844048
1567791844059
1567791844070
1567791844082
1567791844094
1567791844105
1567791844117
1567791844130
1567791844142
1567791844154
1567791844166
1567791844178
1567791844190
1567791844202
1567791844214
1567791844228
1567791844240
1567791844253
1567791844266
1567791844279
1567791844292
1567791844304
1567791844316
1567791844328
1567791844340
1567791844352
1567791844365
1567791844377
1567791844390
1567791844402
1567791844414
1567791844426
1567791844439
1567791844452
1567791844464
1567791844477
1567791844489
1567791844502
1567791844513
1567791844524
1567791844536
1567791844549
1567791844562
1567791844575
1567791844588
1567791844601
1567791844613
1567791844625
1567791844637
1567791844649
1567791844661
1567791844674
1567791844686
1567791844700
1567791844713
1567791844727
1567791844739
1567791844752
1567791844764
1567791844777
1567791844789
1567791844801
1567791844814
1567791844826
1567791844838
1567791844851
1567791844865
1567791844879
1567791844891
1567791844904
1567791844917
1567791844930
1567791844944
1567791844959
1567791844972
1567791844986
1567791844999
1567791845012
1567791845025
1567791845040
1567791845053
1567791845067
1567791845080
1567791845093
1567791845106
1567791845121
1567791845134
1567791845148
1567791845162
1567791845175
1567791845191
1567791845205
1567791845219
1567791845233
1567791845246
1567791845260
1567791845274
1567791845288
1567791845301
1567791845314
1567791845328
1567791845341
1567791845355
1567791845370
1567791845384
1567791845398
1567791845412
1567791845426
1567791845440
1567791845453
1567791845466
1567791845479
1567791845491
1567791845506
1567791845519
1567791845533
1567791845546
1567791845559
1567791845573
1567791845586
1567791845598
1567791845611
1567791845623
1567791845636
1567791845648
1567791845661
1567791845674
1567791845689
1567791845702
1567791845715
1567791845728
1567791845741
1567791845753
1567791845766
1567791845778
1567791845790
1567791845802
1567791845814
1567791845828
1567791845841
1567791845853
1567791845866
1567791845879
1567791845891
