1567791842326
1567791842339
1567791842353
1567791842365
1567791842377
1567791842390
1567791842402
1567791842415
1567791842427
1567791842439
1567791842451
1567791842463
1567791842475
1567791842488
1567791842499
1567791842511
1567791842523
1567791842536
1567791842547
1567791842559
1567791842571
1567791842583
1567791842595
1567791842607
1567791842619
1567791842632
1567791842647
1567791842661
1567791842673
1567791842685
1567791842697
1567791842709
1567791842721
1567791842733
1567791842746
1567791842758
1567791842771
1567791842784
1567791842797
1567791842810
1567791842821
1567791842834
1567791842846
1567791842859
1567791842871
1567791842884
1567791842896
1567791842908
1567791842921
1567791842933
1567791842945
1567791842958
1567791842970
1567791842983
1567791842996
1567791843009
1567791843021
1567791843033
1567791843046
1567791843057
1567791843070
1567791843083
1567791843096
1567791843108
1567791843120
1567791843134
1567791843146
1567791843157
1567791843169
1567791843182
1567791843194
1567791843206
1567791843219
1567791843233
1567791843246
1567791843259
1567791843271
1567791843284
1567791843296
1567791843308
1567791843321
1567791843334
1567791843347
1567791843360
1567791843373
1567791843387
1567791843400
1567791843413
1567791843426
1567791843440
1567791843452
1567791843465
1567791843478
1567791843492
1567791843505
1567791843518
1567791843531
1567791843546
1567791843559
1567791843573
1567791843586
1567791843599
1567791843612
1567791843626
1567791843639
1567791843652
1567791843665
1567791843678
1567791843691
1567791843704
1567791843718
1567791843732
1567791843746
1567791843760
1567791843773
1567791843786
1567791843800
1567791843813
1567791843826
1567791843839
1567791843853
1567791843867
1567791843880
1567791843894
1567791843907
1567791843920
1567791843933
1567791843946
1567791843958
1567791843971
1567791843983
1567791843994
1567791844006
1567791844020
1567791844032
1567791844044
1567791844055
1567791844068
1567791844080
1567791844092
1567791844103
1567791844115
1567791844127
1567791844140
1567791844152
1567791844165
1567791844177
1567791844189
1567791844202
1567791844214
