1567791852058
1567791852071
1567791852085
1567791852097
1567791852109
1567791852121
1567791852133
1567791852146
1567791852158
1567791852170
1567791852182
1567791852194
1567791852207
1567791852219
1567791852232
1567791852244
1567791852256
1567791852268
1567791852280
1567791852292
1567791852304
1567791852316
1567791852328
1567791852340
1567791852352
1567791852364
1567791852376
1567791852388
1567791852401
1567791852413
1567791852426
1567791852439
1567791852452
1567791852465
1567791852478
1567791852490
1567791852503
1567791852517
1567791852530
1567791852542
1567791852555
1567791852568
1567791852581
1567791852593
1567791852605
1567791852617
1567791852629
1567791852641
1567791852654
1567791852668
1567791852680
1567791852694
1567791852706
1567791852719
1567791852732
1567791852745
1567791852756
1567791852768
1567791852780
1567791852793
1567791852806
1567791852819
1567791852832
1567791852845
1567791852857
1567791852869
1567791852880
1567791852893
1567791852905
1567791852918
1567791852931
1567791852943
1567791852956
1567791852970
1567791852983
1567791852995
1567791853007
1567791853019
1567791853032
1567791853044
1567791853057
1567791853070
1567791853083
1567791853096
1567791853109
1567791853124
1567791853137
1567791853150
1567791853163
1567791853176
1567791853189
1567791853202
1567791853215
1567791853229
1567791853242
1567791853256
1567791853270
1567791853284
1567791853298
1567791853311
1567791853325
1567791853339
1567791853352
1567791853366
1567791853379
1567791853393
1567791853406
1567791853420
1567791853433
1567791853447
1567791853460
1567791853474
1567791853488
1567791853502
1567791853516
1567791853530
1567791853543
1567791853557
1567791853571
1567791853585
1567791853599
1567791853613
1567791853627
1567791853641
1567791853654
1567791853666
1567791853679
1567791853691
1567791853703
1567791853716
1567791853728
1567791853741
1567791853754
1567791853767
1567791853780
1567791853793
1567791853805
1567791853818
1567791853830
1567791853843
1567791853856
1567791853868
1567791853881
1567791853893
1567791853906
1567791853920
1567791853932
1567791853945
1567791853957
1567791853970
