1567791830910
1567791830924
1567791830937
1567791830949
1567791830961
1567791830972
1567791830984
1567791830996
1567791831008
1567791831021
1567791831033
1567791831045
1567791831057
1567791831070
1567791831082
1567791831095
1567791831107
1567791831119
1567791831131
1567791831144
1567791831156
1567791831168
1567791831180
1567791831192
1567791831205
1567791831217
1567791831230
1567791831241
1567791831253
1567791831267
1567791831279
1567791831291
1567791831304
1567791831317
1567791831330
1567791831342
1567791831354
1567791831368
1567791831380
1567791831392
1567791831405
1567791831417
1567791831429
1567791831442
1567791831454
1567791831466
1567791831479
1567791831491
1567791831504
1567791831517
1567791831529
1567791831542
1567791831554
1567791831568
1567791831580
1567791831592
1567791831604
1567791831616
1567791831628
1567791831640
1567791831654
1567791831667
1567791831680
1567791831693
1567791831705
1567791831717
1567791831729
1567791831741
1567791831753
1567791831766
1567791831779
1567791831791
1567791831804
1567791831817
1567791831831
1567791831844
1567791831857
1567791831871
1567791831885
1567791831899
1567791831912
1567791831926
1567791831939
1567791831953
1567791831966
1567791831981
1567791831994
1567791832008
1567791832024
1567791832037
1567791832050
1567791832063
1567791832077
1567791832090
1567791832104
1567791832116
1567791832130
1567791832144
1567791832156
1567791832170
1567791832183
1567791832197
1567791832210
1567791832223
1567791832236
1567791832248
1567791832261
1567791832274
1567791832288
1567791832302
1567791832316
1567791832329
1567791832342
1567791832356
1567791832369
1567791832383
1567791832397
1567791832410
1567791832424
1567791832438
1567791832452
1567791832467
1567791832480
1567791832494
1567791832507
1567791832520
1567791832533
1567791832545
1567791832557
1567791832569
1567791832581
1567791832593
1567791832606
1567791832619
1567791832632
1567791832645
1567791832656
1567791832669
1567791832681
1567791832693
1567791832706
1567791832718
1567791832730
1567791832742
1567791832755
1567791832768
1567791832780
1567791832792
1567791832804
1567791832817
