1568999327178
1568999327192
1568999327207
1568999327220
1568999327232
1568999327245
1568999327257
1568999327270
1568999327282
1568999327295
1568999327308
1568999327322
1568999327334
1568999327348
1568999327361
1568999327374
1568999327386
1568999327399
1568999327411
1568999327424
1568999327437
1568999327449
1568999327462
1568999327475
1568999327487
1568999327501
1568999327513
1568999327526
1568999327538
1568999327552
1568999327564
1568999327577
1568999327592
1568999327605
1568999327618
1568999327631
1568999327644
1568999327658
1568999327672
1568999327685
1568999327698
1568999327711
1568999327725
1568999327738
1568999327751
1568999327764
1568999327778
1568999327791
1568999327804
1568999327817
1568999327832
1568999327847
1568999327860
1568999327874
1568999327887
1568999327901
1568999327914
1568999327928
1568999327941
1568999327954
1568999327967
1568999327982
1568999327995
1568999328008
1568999328021
1568999328035
1568999328048
1568999328062
1568999328076
1568999328091
1568999328105
1568999328120
1568999328134
1568999328151
1568999328167
1568999328182
1568999328196
1568999328211
1568999328225
1568999328239
1568999328252
1568999328266
1568999328280
1568999328294
1568999328308
1568999328323
1568999328336
1568999328351
1568999328366
1568999328379
1568999328394
1568999328408
1568999328424
1568999328439
1568999328454
1568999328468
1568999328482
1568999328497
1568999328511
1568999328526
1568999328541
1568999328556
1568999328569
1568999328583
1568999328596
1568999328610
1568999328624
1568999328638
1568999328652
1568999328666
1568999328679
1568999328693
1568999328706
1568999328720
1568999328733
1568999328748
1568999328761
1568999328776
1568999328789
1568999328802
1568999328816
1568999328831
1568999328844
1568999328857
1568999328870
1568999328883
1568999328895
1568999328908
1568999328922
1568999328935
1568999328948
1568999328961
1568999328974
1568999328988
1568999329002
1568999329016
1568999329029
1568999329041
1568999329055
1568999329068
1568999329081
1568999329096
1568999329109
1568999329123
1568999329136
1568999329151
1568999329164
1568999329178
1568999329191
1568999329205
