1568999325558
1568999325572
1568999325586
1568999325599
1568999325612
1568999325625
1568999325638
1568999325651
1568999325664
1568999325677
1568999325690
1568999325705
1568999325718
1568999325733
1568999325746
1568999325761
1568999325775
1568999325789
1568999325802
1568999325816
1568999325829
1568999325842
1568999325856
1568999325870
1568999325883
1568999325896
1568999325910
1568999325923
1568999325936
1568999325949
1568999325962
1568999325976
1568999325989
1568999326002
1568999326015
1568999326028
1568999326042
1568999326057
1568999326070
1568999326084
1568999326097
1568999326111
1568999326125
1568999326138
1568999326151
1568999326165
1568999326178
1568999326191
1568999326204
1568999326219
1568999326232
1568999326246
1568999326259
1568999326274
1568999326287
1568999326301
1568999326314
1568999326327
1568999326340
1568999326354
1568999326367
1568999326381
1568999326395
1568999326409
1568999326422
1568999326436
1568999326449
1568999326462
1568999326475
1568999326488
1568999326501
1568999326514
1568999326528
1568999326543
1568999326557
1568999326572
1568999326586
1568999326600
1568999326614
1568999326627
1568999326641
1568999326654
1568999326668
1568999326682
1568999326695
1568999326709
1568999326723
1568999326737
1568999326752
1568999326765
1568999326779
1568999326792
1568999326806
1568999326820
1568999326835
1568999326849
1568999326863
1568999326878
1568999326892
1568999326907
1568999326922
1568999326936
1568999326950
1568999326964
1568999326978
1568999326992
1568999327006
1568999327020
1568999327034
1568999327049
1568999327062
1568999327076
1568999327088
1568999327103
1568999327117
1568999327132
1568999327145
1568999327160
1568999327173
1568999327187
1568999327200
1568999327214
1568999327227
1568999327241
1568999327254
1568999327267
1568999327280
1568999327293
1568999327305
1568999327318
1568999327330
1568999327343
1568999327356
1568999327369
1568999327382
1568999327395
1568999327408
1568999327421
1568999327434
1568999327447
1568999327460
1568999327472
1568999327485
1568999327498
1568999327510
1568999327524
1568999327537
1568999327550
1568999327563
1568999327575
