1568999380673
1568999380687
1568999380704
1568999380718
1568999380732
1568999380748
1568999380763
1568999380777
1568999380792
1568999380808
1568999380828
1568999380846
1568999380861
1568999380878
1568999380894
1568999380910
1568999380925
1568999380941
1568999380955
1568999380970
1568999380984
1568999381000
1568999381015
1568999381032
1568999381047
1568999381065
1568999381079
1568999381093
1568999381111
1568999381130
1568999381145
1568999381167
1568999381182
1568999381196
1568999381210
1568999381225
1568999381239
1568999381255
1568999381268
1568999381283
1568999381299
1568999381314
1568999381328
1568999381342
1568999381355
1568999381369
1568999381384
1568999381397
1568999381410
1568999381424
1568999381437
1568999381452
1568999381466
1568999381480
1568999381495
1568999381511
1568999381524
1568999381539
1568999381553
1568999381567
1568999381580
1568999381594
1568999381609
1568999381623
1568999381637
1568999381651
1568999381665
1568999381679
1568999381692
1568999381706
1568999381719
1568999381732
1568999381745
1568999381759
1568999381772
1568999381785
1568999381797
1568999381810
1568999381824
1568999381839
1568999381851
1568999381864
1568999381876
1568999381890
1568999381905
1568999381922
1568999381936
1568999381950
1568999381961
1568999381976
1568999381989
1568999382003
1568999382018
1568999382031
1568999382044
1568999382059
1568999382074
1568999382089
1568999382104
1568999382121
1568999382133
1568999382146
1568999382159
1568999382172
1568999382185
1568999382200
1568999382214
1568999382229
1568999382243
1568999382259
1568999382274
1568999382288
1568999382303
1568999382317
1568999382330
1568999382343
1568999382356
1568999382370
1568999382384
1568999382397
1568999382410
1568999382424
1568999382436
1568999382449
1568999382461
1568999382474
1568999382487
1568999382500
1568999382514
1568999382527
1568999382539
1568999382552
1568999382565
1568999382580
1568999382593
1568999382606
1568999382619
1568999382633
1568999382645
1568999382660
1568999382672
1568999382686
1568999382699
1568999382716
1568999382730
1568999382744
1568999382758
1568999382771
1568999382784
1568999382797
