1568999367513
1568999367527
1568999367542
1568999367555
1568999367568
1568999367580
1568999367592
1568999367604
1568999367616
1568999367628
1568999367640
1568999367652
1568999367665
1568999367679
1568999367693
1568999367707
1568999367719
1568999367732
1568999367745
1568999367758
1568999367770
1568999367783
1568999367796
1568999367810
1568999367823
1568999367839
1568999367852
1568999367865
1568999367878
1568999367891
1568999367903
1568999367918
1568999367932
1568999367945
1568999367958
1568999367972
1568999367986
1568999368002
1568999368018
1568999368032
1568999368046
1568999368060
1568999368075
1568999368091
1568999368110
1568999368127
1568999368144
1568999368161
1568999368177
1568999368192
1568999368209
1568999368227
1568999368242
1568999368257
1568999368271
1568999368284
1568999368298
1568999368313
1568999368327
1568999368342
1568999368356
1568999368370
1568999368383
1568999368397
1568999368409
1568999368426
1568999368441
1568999368455
1568999368468
1568999368483
1568999368496
1568999368510
1568999368523
1568999368538
1568999368552
1568999368566
1568999368580
1568999368595
1568999368610
1568999368625
1568999368639
1568999368654
1568999368667
1568999368682
1568999368696
1568999368710
1568999368725
1568999368739
1568999368754
1568999368769
1568999368784
1568999368800
1568999368815
1568999368830
1568999368844
1568999368859
1568999368872
1568999368888
1568999368903
1568999368918
1568999368932
1568999368947
1568999368961
1568999368975
1568999368988
1568999369004
1568999369018
1568999369032
1568999369046
1568999369061
1568999369076
1568999369092
1568999369107
1568999369121
1568999369135
1568999369148
1568999369161
1568999369176
1568999369191
1568999369207
1568999369222
1568999369236
1568999369249
1568999369263
1568999369276
1568999369292
1568999369306
1568999369320
1568999369333
1568999369346
1568999369358
1568999369372
1568999369387
1568999369401
1568999369415
1568999369429
1568999369444
1568999369458
1568999369472
1568999369485
1568999369498
1568999369512
1568999369524
1568999369537
1568999369550
1568999369565
1568999369578
1568999369592
1568999369606
1568999369619
