1568999338445
1568999338459
1568999338474
1568999338487
1568999338499
1568999338512
1568999338524
1568999338537
1568999338550
1568999338563
1568999338575
1568999338587
1568999338600
1568999338614
1568999338628
1568999338642
1568999338654
1568999338666
1568999338679
1568999338692
1568999338705
1568999338719
1568999338731
1568999338744
1568999338757
1568999338770
1568999338783
1568999338796
1568999338810
1568999338823
1568999338836
1568999338849
1568999338861
1568999338874
1568999338887
1568999338899
1568999338913
1568999338928
1568999338941
1568999338954
1568999338968
1568999338982
1568999338994
1568999339007
1568999339020
1568999339034
1568999339047
1568999339060
1568999339073
1568999339086
1568999339099
1568999339113
1568999339126
1568999339139
1568999339152
1568999339165
1568999339178
1568999339191
1568999339204
1568999339218
1568999339231
1568999339245
1568999339261
1568999339275
1568999339288
1568999339302
1568999339315
1568999339329
1568999339342
1568999339355
1568999339368
1568999339381
1568999339394
1568999339409
1568999339423
1568999339437
1568999339449
1568999339463
1568999339476
1568999339489
1568999339502
1568999339515
1568999339528
1568999339541
1568999339555
1568999339570
1568999339584
1568999339599
1568999339612
1568999339627
1568999339641
1568999339655
1568999339669
1568999339684
1568999339698
1568999339712
1568999339726
1568999339741
1568999339755
1568999339771
1568999339785
1568999339799
1568999339813
1568999339827
1568999339841
1568999339855
1568999339870
1568999339884
1568999339897
1568999339912
1568999339927
1568999339942
1568999339956
1568999339969
1568999339983
1568999339998
1568999340012
1568999340026
1568999340041
1568999340055
1568999340070
1568999340084
1568999340097
1568999340110
1568999340123
1568999340137
1568999340150
1568999340164
1568999340177
1568999340191
1568999340204
1568999340218
1568999340231
1568999340245
1568999340257
1568999340270
1568999340282
1568999340295
1568999340308
1568999340322
1568999340334
1568999340348
1568999340361
1568999340375
1568999340388
1568999340402
1568999340415
1568999340429
1568999340441
1568999340453
