1568999369105
1568999369120
1568999369135
1568999369149
1568999369162
1568999369177
1568999369193
1568999369209
1568999369224
1568999369238
1568999369252
1568999369266
1568999369279
1568999369295
1568999369309
1568999369323
1568999369337
1568999369350
1568999369363
1568999369378
1568999369392
1568999369405
1568999369419
1568999369433
1568999369447
1568999369462
1568999369476
1568999369489
1568999369502
1568999369516
1568999369529
1568999369542
1568999369555
1568999369569
1568999369583
1568999369598
1568999369611
1568999369625
1568999369639
1568999369652
1568999369665
1568999369679
1568999369692
1568999369705
1568999369720
1568999369733
1568999369746
1568999369759
1568999369771
1568999369786
1568999369799
1568999369813
1568999369825
1568999369838
1568999369850
1568999369863
1568999369876
1568999369890
1568999369904
1568999369917
1568999369930
1568999369946
1568999369962
1568999369979
1568999369993
1568999370007
1568999370021
1568999370036
1568999370050
1568999370065
1568999370083
1568999370156
1568999370203
1568999370243
1568999370274
1568999370295
1568999370314
1568999370330
1568999370346
1568999370361
1568999370376
1568999370391
1568999370405
1568999370421
1568999370435
1568999370450
1568999370465
1568999370480
1568999370494
1568999370509
1568999370524
1568999370539
1568999370553
1568999370568
1568999370583
1568999370598
1568999370612
1568999370627
1568999370642
1568999370657
1568999370672
1568999370687
1568999370701
1568999370716
1568999370731
1568999370747
1568999370763
1568999370778
1568999370792
1568999370807
1568999370822
1568999370836
1568999370850
1568999370865
1568999370880
1568999370895
1568999370909
1568999370923
1568999370937
1568999370952
1568999370966
1568999370980
1568999370995
1568999371012
1568999371026
1568999371039
1568999371053
1568999371066
1568999371079
1568999371093
1568999371106
1568999371121
1568999371134
1568999371149
1568999371164
1568999371179
1568999371192
1568999371207
1568999371221
1568999371235
1568999371248
1568999371262
1568999371275
1568999371290
1568999371304
1568999371321
1568999371335
1568999371350
1568999371362
1568999371378
