1568999372510
1568999372525
1568999372541
1568999372555
1568999372570
1568999372585
1568999372600
1568999372614
1568999372629
1568999372643
1568999372657
1568999372672
1568999372687
1568999372701
1568999372716
1568999372732
1568999372748
1568999372763
1568999372780
1568999372794
1568999372808
1568999372822
1568999372835
1568999372849
1568999372863
1568999372876
1568999372889
1568999372902
1568999372916
1568999372932
1568999372946
1568999372961
1568999372975
1568999372988
1568999373003
1568999373017
1568999373033
1568999373050
1568999373065
1568999373078
1568999373091
1568999373104
1568999373118
1568999373132
1568999373145
1568999373159
1568999373172
1568999373185
1568999373199
1568999373215
1568999373229
1568999373243
1568999373257
1568999373274
1568999373289
1568999373303
1568999373316
1568999373330
1568999373346
1568999373360
1568999373374
1568999373388
1568999373401
1568999373415
1568999373429
1568999373442
1568999373456
1568999373471
1568999373486
1568999373500
1568999373515
1568999373530
1568999373545
1568999373561
1568999373576
1568999373591
1568999373606
1568999373621
1568999373636
1568999373651
1568999373666
1568999373681
1568999373696
1568999373710
1568999373725
1568999373740
1568999373755
1568999373771
1568999373786
1568999373800
1568999373815
1568999373829
1568999373843
1568999373858
1568999373872
1568999373888
1568999373902
1568999373918
1568999373934
1568999373949
1568999373964
1568999373978
1568999373992
1568999374006
1568999374021
1568999374037
1568999374051
1568999374066
1568999374080
1568999374096
1568999374111
1568999374125
1568999374138
1568999374152
1568999374165
1568999374179
1568999374196
1568999374211
1568999374226
1568999374241
1568999374256
1568999374270
1568999374285
1568999374299
1568999374313
1568999374327
1568999374340
1568999374354
1568999374369
1568999374384
1568999374397
1568999374412
1568999374426
1568999374441
1568999374456
1568999374485
1568999374499
1568999374512
1568999374524
1568999374537
1568999374549
1568999374561
1568999374573
1568999374585
1568999374598
1568999374611
1568999374624
1568999374638
1568999374652
1568999374665
