1568910191194
1568910191208
1568910191223
1568910191235
1568910191248
1568910191263
1568910191277
1568910191292
1568910191305
1568910191319
1568910191333
1568910191347
1568910191360
1568910191376
1568910191391
1568910191405
1568910191419
1568910191434
1568910191448
1568910191463
1568910191477
1568910191490
1568910191504
1568910191519
1568910191533
1568910191549
1568910191563
1568910191579
1568910191594
1568910191608
1568910191623
1568910191637
1568910191651
1568910191664
1568910191679
1568910191694
1568910191708
1568910191722
1568910191735
1568910191748
1568910191764
1568910191779
1568910191795
1568910191810
1568910191826
1568910191841
1568910191859
1568910191874
1568910191887
1568910191901
1568910191919
1568910191936
1568910191954
1568910191970
1568910191985
1568910192001
1568910192018
1568910192035
1568910192051
1568910192070
1568910192085
1568910192104
1568910192121
1568910192138
1568910192156
1568910192173
1568910192188
1568910192203
1568910192220
1568910192235
1568910192250
1568910192264
1568910192281
1568910192297
1568910192313
1568910192329
1568910192346
1568910192361
1568910192377
1568910192393
1568910192409
1568910192426
1568910192441
1568910192457
1568910192472
1568910192490
1568910192506
1568910192523
1568910192537
1568910192554
1568910192570
1568910192586
1568910192600
1568910192615
1568910192632
1568910192648
1568910192664
1568910192680
1568910192695
1568910192710
1568910192727
1568910192744
1568910192764
1568910192785
1568910192806
1568910192823
1568910192838
1568910192854
1568910192868
1568910192881
1568910192894
1568910192911
1568910192926
1568910192941
1568910192956
1568910192972
1568910192986
1568910193001
1568910193016
1568910193031
1568910193045
1568910193062
1568910193076
1568910193090
1568910193105
1568910193119
1568910193134
1568910193149
1568910193164
1568910193178
1568910193192
1568910193207
1568910193222
1568910193238
1568910193253
1568910193266
1568910193281
1568910193295
1568910193310
1568910193326
1568910193340
1568910193354
1568910193367
1568910193381
1568910193394
1568910193410
1568910193425
1568910193440
1568910193454
1568910193468
