1568910144762
1568910144774
1568910144788
1568910144801
1568910144813
1568910144826
1568910144840
1568910144853
1568910144866
1568910144879
1568910144892
1568910144905
1568910144917
1568910144930
1568910144943
1568910144955
1568910144967
1568910144980
1568910144992
1568910145005
1568910145018
1568910145030
1568910145043
1568910145055
1568910145067
1568910145080
1568910145094
1568910145107
1568910145120
1568910145132
1568910145145
1568910145158
1568910145171
1568910145184
1568910145197
1568910145210
1568910145224
1568910145238
1568910145251
1568910145266
1568910145280
1568910145294
1568910145307
1568910145320
1568910145333
1568910145347
1568910145360
1568910145373
1568910145386
1568910145400
1568910145414
1568910145428
1568910145441
1568910145454
1568910145467
1568910145480
1568910145493
1568910145506
1568910145519
1568910145532
1568910145545
1568910145559
1568910145572
1568910145585
1568910145599
1568910145612
1568910145625
1568910145638
1568910145651
1568910145664
1568910145677
1568910145690
1568910145703
1568910145717
1568910145732
1568910145747
1568910145760
1568910145774
1568910145787
1568910145800
1568910145816
1568910145830
1568910145843
1568910145857
1568910145869
1568910145883
1568910145897
1568910145910
1568910145923
1568910145936
1568910145949
1568910145962
1568910145974
1568910145987
1568910146000
1568910146014
1568910146028
1568910146043
1568910146057
1568910146071
1568910146085
1568910146098
1568910146112
1568910146125
1568910146139
1568910146152
1568910146165
1568910146179
1568910146192
1568910146205
1568910146218
1568910146231
1568910146244
1568910146257
1568910146270
1568910146283
1568910146296
1568910146310
1568910146323
1568910146336
1568910146349
1568910146363
1568910146376
1568910146388
1568910146400
1568910146413
1568910146425
1568910146439
1568910146452
1568910146465
1568910146477
1568910146490
1568910146503
1568910146519
1568910146532
1568910146546
1568910146558
1568910146571
1568910146584
1568910146598
1568910146610
1568910146623
1568910146635
1568910146648
1568910146660
1568910146673
1568910146685
1568910146698
1568910146710
1568910146723
