1568910161248
1568910161263
1568910161279
1568910161292
1568910161307
1568910161322
1568910161336
1568910161349
1568910161362
1568910161374
1568910161386
1568910161399
1568910161414
1568910161430
1568910161445
1568910161458
1568910161472
1568910161487
1568910161501
1568910161514
1568910161526
1568910161538
1568910161550
1568910161562
1568910161577
1568910161592
1568910161606
1568910161620
1568910161633
1568910161647
1568910161661
1568910161674
1568910161689
1568910161703
1568910161717
1568910161731
1568910161747
1568910161763
1568910161781
1568910161796
1568910161811
1568910161824
1568910161838
1568910161854
1568910161871
1568910161887
1568910161901
1568910161918
1568910161934
1568910161949
1568910161964
1568910161978
1568910161993
1568910162012
1568910162028
1568910162044
1568910162058
1568910162071
1568910162085
1568910162100
1568910162116
1568910162131
1568910162147
1568910162164
1568910162178
1568910162193
1568910162207
1568910162220
1568910162233
1568910162247
1568910162260
1568910162273
1568910162288
1568910162305
1568910162320
1568910162336
1568910162353
1568910162369
1568910162383
1568910162397
1568910162411
1568910162426
1568910162441
1568910162458
1568910162473
1568910162489
1568910162503
1568910162518
1568910162532
1568910162547
1568910162563
1568910162578
1568910162592
1568910162608
1568910162623
1568910162637
1568910162651
1568910162669
1568910162684
1568910162699
1568910162714
1568910162729
1568910162744
1568910162758
1568910162772
1568910162788
1568910162804
1568910162819
1568910162833
1568910162849
1568910162864
1568910162878
1568910162893
1568910162908
1568910162923
1568910162937
1568910162951
1568910162967
1568910162983
1568910162997
1568910163011
1568910163025
1568910163039
1568910163053
1568910163069
1568910163084
1568910163097
1568910163114
1568910163129
1568910163144
1568910163158
1568910163174
1568910163188
1568910163202
1568910163217
1568910163231
1568910163246
1568910163259
1568910163271
1568910163284
1568910163300
1568910163315
1568910163328
1568910163343
1568910163356
1568910163370
1568910163386
1568910163400
1568910163412
1568910163427
