1567791043609
1567791043622
1567791043637
1567791043650
1567791043661
1567791043674
1567791043686
1567791043699
1567791043711
1567791043724
1567791043737
1567791043749
1567791043761
1567791043776
1567791043791
1567791043804
1567791043817
1567791043829
1567791043841
1567791043852
1567791043864
1567791043878
1567791043892
1567791043905
1567791043920
1567791043934
1567791043947
1567791043960
1567791043974
1567791043988
1567791044001
1567791044015
1567791044027
1567791044039
1567791044053
1567791044067
1567791044080
1567791044093
1567791044106
1567791044119
1567791044132
1567791044146
1567791044159
1567791044172
1567791044184
1567791044195
1567791044208
1567791044221
1567791044234
1567791044247
1567791044259
1567791044272
1567791044286
1567791044300
1567791044313
1567791044325
1567791044337
1567791044350
1567791044362
1567791044374
1567791044386
1567791044401
1567791044415
1567791044430
1567791044443
1567791044456
1567791044469
1567791044483
1567791044496
1567791044509
1567791044521
1567791044534
1567791044548
1567791044562
1567791044575
1567791044588
1567791044601
1567791044614
1567791044627
1567791044640
1567791044652
1567791044665
1567791044678
1567791044690
1567791044703
1567791044717
1567791044730
1567791044744
1567791044757
1567791044771
1567791044785
1567791044799
1567791044812
1567791044826
1567791044839
1567791044852
1567791044866
1567791044879
1567791044892
1567791044907
1567791044920
1567791044933
1567791044946
1567791044958
1567791044970
1567791044984
1567791044997
1567791045011
1567791045025
1567791045040
1567791045054
1567791045068
1567791045082
1567791045095
1567791045109
1567791045123
1567791045135
1567791045148
1567791045161
1567791045174
1567791045189
1567791045204
1567791045217
1567791045231
1567791045244
1567791045257
1567791045270
1567791045282
1567791045293
1567791045305
1567791045318
1567791045332
1567791045346
1567791045359
1567791045373
1567791045385
1567791045397
1567791045410
1567791045423
1567791045436
1567791045448
1567791045461
1567791045473
1567791045486
1567791045497
1567791045510
1567791045522
1567791045534
1567791045547
1567791045559
