1567791046911
1567791046924
1567791046937
1567791046950
1567791046963
1567791046976
1567791046988
1567791047001
1567791047013
1567791047026
1567791047037
1567791047050
1567791047063
1567791047076
1567791047089
1567791047102
1567791047114
1567791047126
1567791047138
1567791047151
1567791047164
1567791047177
1567791047190
1567791047202
1567791047217
1567791047231
1567791047244
1567791047257
1567791047268
1567791047283
1567791047294
1567791047306
1567791047319
1567791047332
1567791047345
1567791047357
1567791047369
1567791047382
1567791047395
1567791047406
1567791047419
1567791047431
1567791047443
1567791047455
1567791047468
1567791047481
1567791047494
1567791047507
1567791047520
1567791047534
1567791047547
1567791047560
1567791047573
1567791047586
1567791047596
1567791047609
1567791047622
1567791047635
1567791047647
1567791047659
1567791047673
1567791047687
1567791047701
1567791047714
1567791047726
1567791047738
1567791047750
1567791047762
1567791047773
1567791047786
1567791047797
1567791047811
1567791047824
1567791047838
1567791047850
1567791047863
1567791047876
1567791047888
1567791047901
1567791047915
1567791047928
1567791047941
1567791047953
1567791047964
1567791047977
1567791047990
1567791048002
1567791048014
1567791048027
1567791048040
1567791048053
1567791048066
1567791048079
1567791048092
1567791048105
1567791048118
1567791048131
1567791048144
1567791048157
1567791048170
1567791048181
1567791048194
1567791048206
1567791048220
1567791048232
1567791048244
1567791048257
1567791048270
1567791048284
1567791048297
1567791048310
1567791048323
1567791048336
1567791048349
1567791048361
1567791048373
1567791048386
1567791048398
1567791048411
1567791048424
1567791048438
1567791048451
1567791048463
1567791048476
1567791048489
1567791048502
1567791048515
1567791048527
1567791048539
1567791048551
1567791048564
1567791048576
1567791048589
1567791048602
1567791048614
1567791048627
1567791048640
1567791048653
1567791048666
1567791048678
1567791048690
1567791048702
1567791048714
1567791048726
1567791048740
1567791048753
1567791048765
1567791048778
1567791048791
1567791048804
