1567791040317
1567791040331
1567791040347
1567791040360
1567791040372
1567791040386
1567791040398
1567791040409
1567791040421
1567791040434
1567791040447
1567791040459
1567791040471
1567791040486
1567791040500
1567791040515
1567791040527
1567791040539
1567791040550
1567791040563
1567791040576
1567791040589
1567791040601
1567791040613
1567791040626
1567791040639
1567791040652
1567791040665
1567791040677
1567791040690
1567791040701
1567791040713
1567791040727
1567791040739
1567791040751
1567791040762
1567791040775
1567791040787
1567791040800
1567791040815
1567791040828
1567791040842
1567791040855
1567791040867
1567791040881
1567791040894
1567791040905
1567791040917
1567791040930
1567791040944
1567791040957
1567791040969
1567791040981
1567791040994
1567791041006
1567791041019
1567791041030
1567791041042
1567791041054
1567791041065
1567791041077
1567791041089
1567791041101
1567791041113
1567791041125
1567791041137
1567791041150
1567791041162
1567791041174
1567791041186
1567791041198
1567791041209
1567791041221
1567791041234
1567791041246
1567791041258
1567791041271
1567791041285
1567791041298
1567791041310
1567791041322
1567791041335
1567791041346
1567791041359
1567791041371
1567791041385
1567791041397
1567791041410
1567791041422
1567791041435
1567791041447
1567791041460
1567791041472
1567791041486
1567791041499
1567791041511
1567791041523
1567791041537
1567791041549
1567791041561
1567791041574
1567791041587
1567791041600
1567791041612
1567791041625
1567791041638
1567791041651
1567791041664
1567791041676
1567791041689
1567791041702
1567791041715
1567791041728
1567791041741
1567791041753
1567791041766
1567791041778
1567791041791
1567791041804
1567791041817
1567791041831
1567791041844
1567791041857
1567791041869
1567791041882
1567791041895
1567791041908
1567791041922
1567791041935
1567791041948
1567791041960
1567791041973
1567791041986
1567791041999
1567791042012
1567791042025
1567791042036
1567791042049
1567791042062
1567791042075
1567791042087
1567791042100
1567791042113
1567791042126
1567791042140
1567791042153
1567791042165
1567791042177
1567791042189
1567791042201
