1567791038663
1567791038677
1567791038693
1567791038705
1567791038717
1567791038729
1567791038741
1567791038753
1567791038765
1567791038776
1567791038788
1567791038800
1567791038812
1567791038825
1567791038837
1567791038850
1567791038862
1567791038875
1567791038886
1567791038898
1567791038910
1567791038922
1567791038934
1567791038949
1567791038963
1567791038976
1567791038989
1567791039002
1567791039014
1567791039027
1567791039038
1567791039050
1567791039061
1567791039075
1567791039089
1567791039104
1567791039118
1567791039132
1567791039144
1567791039157
1567791039172
1567791039186
1567791039200
1567791039213
1567791039225
1567791039237
1567791039248
1567791039260
1567791039273
1567791039285
1567791039297
1567791039310
1567791039323
1567791039335
1567791039347
1567791039361
1567791039373
1567791039385
1567791039396
1567791039408
1567791039419
1567791039432
1567791039444
1567791039456
1567791039469
1567791039482
1567791039494
1567791039507
1567791039517
1567791039530
1567791039542
1567791039554
1567791039566
1567791039581
1567791039594
1567791039608
1567791039620
1567791039634
1567791039646
1567791039658
1567791039671
1567791039683
1567791039695
1567791039707
1567791039720
1567791039734
1567791039747
1567791039760
1567791039773
1567791039786
1567791039799
1567791039812
1567791039825
1567791039839
1567791039852
1567791039865
1567791039879
1567791039895
1567791039908
1567791039922
1567791039936
1567791039949
1567791039963
1567791039975
1567791039988
1567791040001
1567791040015
1567791040027
1567791040041
1567791040055
1567791040068
1567791040081
1567791040095
1567791040108
1567791040121
1567791040135
1567791040148
1567791040162
1567791040175
1567791040187
1567791040200
1567791040213
1567791040226
1567791040238
1567791040251
1567791040264
1567791040278
1567791040291
1567791040304
1567791040317
1567791040328
1567791040341
1567791040353
1567791040366
1567791040380
1567791040392
1567791040403
1567791040415
1567791040428
1567791040441
1567791040453
1567791040464
1567791040476
1567791040489
1567791040504
1567791040519
1567791040532
1567791040544
1567791040555
1567791040568
