1567791037033
1567791037046
1567791037061
1567791037074
1567791037090
1567791037101
1567791037114
1567791037127
1567791037142
1567791037158
1567791037171
1567791037184
1567791037198
1567791037210
1567791037223
1567791037236
1567791037249
1567791037261
1567791037273
1567791037286
1567791037299
1567791037311
1567791037324
1567791037336
1567791037349
1567791037361
1567791037372
1567791037384
1567791037396
1567791037408
1567791037420
1567791037432
1567791037444
1567791037456
1567791037468
1567791037479
1567791037490
1567791037503
1567791037515
1567791037527
1567791037537
1567791037549
1567791037561
1567791037573
1567791037584
1567791037597
1567791037609
1567791037621
1567791037633
1567791037646
1567791037658
1567791037670
1567791037681
1567791037693
1567791037705
1567791037718
1567791037728
1567791037740
1567791037753
1567791037765
1567791037779
1567791037792
1567791037806
1567791037819
1567791037831
1567791037844
1567791037856
1567791037869
1567791037879
1567791037891
1567791037902
1567791037914
1567791037927
1567791037939
1567791037952
1567791037964
1567791037976
1567791037989
1567791038002
1567791038016
1567791038029
1567791038042
1567791038054
1567791038067
1567791038080
1567791038093
1567791038106
1567791038119
1567791038132
1567791038146
1567791038159
1567791038173
1567791038186
1567791038199
1567791038212
1567791038225
1567791038240
1567791038254
1567791038267
1567791038280
1567791038294
1567791038308
1567791038321
1567791038334
1567791038348
1567791038362
1567791038376
1567791038389
1567791038402
1567791038415
1567791038429
1567791038443
1567791038457
1567791038471
1567791038484
1567791038496
1567791038510
1567791038523
1567791038536
1567791038549
1567791038562
1567791038576
1567791038590
1567791038604
1567791038618
1567791038631
1567791038643
1567791038656
1567791038669
1567791038683
1567791038696
1567791038708
1567791038721
1567791038735
1567791038747
1567791038760
1567791038773
1567791038785
1567791038798
1567791038810
1567791038822
1567791038834
1567791038847
1567791038859
1567791038872
1567791038885
1567791038898
1567791038910
1567791038922
1567791038935
