1567791022151
1567791022164
1567791022178
1567791022189
1567791022201
1567791022213
1567791022224
1567791022236
1567791022247
1567791022259
1567791022270
1567791022282
1567791022294
1567791022306
1567791022318
1567791022331
1567791022343
1567791022355
1567791022367
1567791022379
1567791022392
1567791022404
1567791022416
1567791022428
1567791022441
1567791022454
1567791022466
1567791022478
1567791022490
1567791022502
1567791022514
1567791022526
1567791022538
1567791022550
1567791022561
1567791022573
1567791022585
1567791022598
1567791022610
1567791022622
1567791022634
1567791022646
1567791022658
1567791022670
1567791022682
1567791022693
1567791022705
1567791022717
1567791022730
1567791022743
1567791022754
1567791022766
1567791022778
1567791022790
1567791022802
1567791022815
1567791022827
1567791022839
1567791022852
1567791022864
1567791022877
1567791022890
1567791022902
1567791022915
1567791022928
1567791022941
1567791022952
1567791022964
1567791022977
1567791022989
1567791023002
1567791023015
1567791023027
1567791023041
1567791023054
1567791023066
1567791023078
1567791023089
1567791023101
1567791023114
1567791023126
1567791023139
1567791023152
1567791023164
1567791023178
1567791023190
1567791023203
1567791023215
1567791023227
1567791023239
1567791023252
1567791023264
1567791023276
1567791023288
1567791023301
1567791023313
1567791023325
1567791023338
1567791023351
1567791023363
1567791023375
1567791023388
1567791023401
1567791023414
1567791023427
1567791023440
1567791023452
1567791023464
1567791023476
1567791023490
1567791023503
1567791023516
1567791023528
1567791023541
1567791023554
1567791023567
1567791023579
1567791023592
1567791023605
1567791023618
1567791023631
1567791023644
1567791023657
1567791023670
1567791023683
1567791023696
1567791023708
1567791023720
1567791023733
1567791023745
1567791023758
1567791023770
1567791023783
1567791023797
1567791023809
1567791023821
1567791023832
1567791023844
1567791023856
1567791023869
1567791023881
1567791023894
1567791023906
1567791023918
1567791023931
1567791023943
1567791023956
1567791023968
1567791023981
1567791023993
