1567791048546
1567791048559
1567791048574
1567791048587
1567791048599
1567791048611
1567791048624
1567791048637
1567791048649
1567791048661
1567791048674
1567791048686
1567791048699
1567791048712
1567791048725
1567791048738
1567791048751
1567791048763
1567791048775
1567791048788
1567791048801
1567791048815
1567791048827
1567791048839
1567791048853
1567791048866
1567791048879
1567791048892
1567791048905
1567791048918
1567791048930
1567791048943
1567791048955
1567791048968
1567791048980
1567791048990
1567791049003
1567791049015
1567791049027
1567791049040
1567791049052
1567791049063
1567791049076
1567791049089
1567791049102
1567791049114
1567791049126
1567791049139
1567791049153
1567791049166
1567791049178
1567791049191
1567791049203
1567791049215
1567791049226
1567791049238
1567791049251
1567791049264
1567791049277
1567791049290
1567791049304
1567791049318
1567791049331
1567791049344
1567791049356
1567791049367
1567791049379
1567791049393
1567791049405
1567791049417
1567791049430
1567791049442
1567791049455
1567791049471
1567791049484
1567791049497
1567791049509
1567791049522
1567791049534
1567791049546
1567791049559
1567791049572
1567791049585
1567791049599
1567791049613
1567791049627
1567791049640
1567791049652
1567791049665
1567791049678
1567791049692
1567791049705
1567791049718
1567791049731
1567791049744
1567791049757
1567791049770
1567791049783
1567791049796
1567791049809
1567791049823
1567791049836
1567791049850
1567791049863
1567791049877
1567791049891
1567791049905
1567791049918
1567791049931
1567791049944
1567791049960
1567791049975
1567791049989
1567791050002
1567791050015
1567791050030
1567791050044
1567791050057
1567791050069
1567791050083
1567791050097
1567791050110
1567791050123
1567791050137
1567791050151
1567791050164
1567791050178
1567791050191
1567791050204
1567791050217
1567791050230
1567791050242
1567791050254
1567791050267
1567791050281
1567791050295
1567791050308
1567791050322
1567791050335
1567791050350
1567791050364
1567791050378
1567791050392
1567791050406
1567791050419
1567791050435
1567791050448
1567791050461
1567791050475
1567791050488
