1567791058615
1567791058628
1567791058644
1567791058657
1567791058670
1567791058683
1567791058695
1567791058709
1567791058722
1567791058736
1567791058749
1567791058762
1567791058774
1567791058788
1567791058802
1567791058816
1567791058829
1567791058842
1567791058856
1567791058869
1567791058880
1567791058893
1567791058905
1567791058917
1567791058929
1567791058942
1567791058954
1567791058965
1567791058977
1567791058989
1567791059001
1567791059014
1567791059027
1567791059041
1567791059054
1567791059068
1567791059082
1567791059097
1567791059112
1567791059126
1567791059138
1567791059150
1567791059166
1567791059180
1567791059193
1567791059207
1567791059220
1567791059233
1567791059245
1567791059258
1567791059273
1567791059289
1567791059302
1567791059314
1567791059325
1567791059411
1567791059451
1567791059477
1567791059502
1567791059520
1567791059536
1567791059553
1567791059567
1567791059580
1567791059593
1567791059606
1567791059616
1567791059628
1567791059641
1567791059654
1567791059666
1567791059679
1567791059692
1567791059706
1567791059719
1567791059731
1567791059744
1567791059757
1567791059769
1567791059782
1567791059793
1567791059805
1567791059817
1567791059830
1567791059843
1567791059856
1567791059870
1567791059883
1567791059896
1567791059908
1567791059922
1567791059936
1567791059949
1567791059962
1567791059974
1567791059987
1567791060034
1567791060066
1567791060090
1567791060111
1567791060127
1567791060143
1567791060159
1567791060172
1567791060185
1567791060198
1567791060210
1567791060223
1567791060234
1567791060247
1567791060260
1567791060272
1567791060284
1567791060296
1567791060309
1567791060321
1567791060333
1567791060345
1567791060358
1567791060370
1567791060384
1567791060398
1567791060410
1567791060423
1567791060436
1567791060448
1567791060460
1567791060472
1567791060484
1567791060498
1567791060511
1567791060523
1567791060537
1567791060550
1567791060563
1567791060577
1567791060589
1567791060602
1567791060614
1567791060628
1567791060641
1567791060654
1567791060668
1567791060681
1567791060694
1567791060708
1567791060723
1567791060737
1567791060750
1567791060763
