1568048020920
1568048020936
1568048020953
1568048020967
1568048020979
1568048020992
1568048021005
1568048021018
1568048021031
1568048021043
1568048021055
1568048021068
1568048021082
1568048021098
1568048021111
1568048021124
1568048021137
1568048021149
1568048021162
1568048021175
1568048021189
1568048021202
1568048021215
1568048021228
1568048021241
1568048021256
1568048021269
1568048021283
1568048021298
1568048021310
1568048021323
1568048021335
1568048021348
1568048021360
1568048021373
1568048021386
1568048021402
1568048021416
1568048021428
1568048021442
1568048021455
1568048021467
1568048021480
1568048021493
1568048021508
1568048021522
1568048021536
1568048021551
1568048021565
1568048021579
1568048021591
1568048021604
1568048021617
1568048021631
1568048021644
1568048021657
1568048021670
1568048021682
1568048021694
1568048021706
1568048021722
1568048021737
1568048021751
1568048021764
1568048021777
1568048021791
1568048021804
1568048021818
1568048021831
1568048021845
1568048021857
1568048021869
1568048021883
1568048021896
1568048021910
1568048021922
1568048021937
1568048021951
1568048021965
1568048021980
1568048021994
1568048022008
1568048022021
1568048022035
1568048022047
1568048022061
1568048022076
1568048022090
1568048022105
1568048022119
1568048022133
1568048022146
1568048022159
1568048022173
1568048022187
1568048022201
1568048022216
1568048022231
1568048022245
1568048022260
1568048022275
1568048022288
1568048022302
1568048022316
1568048022330
1568048022347
1568048022361
1568048022375
1568048022389
1568048022406
1568048022420
1568048022435
1568048022449
1568048022463
1568048022477
1568048022491
1568048022503
1568048022517
1568048022531
1568048022544
1568048022558
1568048022572
1568048022585
1568048022597
1568048022610
1568048022623
1568048022637
1568048022651
1568048022664
1568048022678
1568048022691
1568048022704
1568048022717
1568048022729
1568048022741
1568048022753
1568048022767
1568048022781
1568048022794
1568048022807
1568048022821
1568048022834
1568048022848
1568048022861
1568048022875
1568048022889
1568048022902
1568048022915
1568048022928
1568048022942
