1568047999936
1568047999950
1568047999964
1568047999978
1568047999991
1568048000003
1568048000017
1568048000029
1568048000042
1568048000054
1568048000066
1568048000078
1568048000090
1568048000103
1568048000115
1568048000128
1568048000140
1568048000152
1568048000164
1568048000176
1568048000188
1568048000200
1568048000212
1568048000224
1568048000237
1568048000251
1568048000264
1568048000277
1568048000290
1568048000302
1568048000315
1568048000327
1568048000340
1568048000353
1568048000365
1568048000378
1568048000390
1568048000403
1568048000415
1568048000428
1568048000440
1568048000453
1568048000466
1568048000478
1568048000491
1568048000504
1568048000518
1568048000531
1568048000544
1568048000558
1568048000571
1568048000585
1568048000597
1568048000611
1568048000624
1568048000637
1568048000651
1568048000664
1568048000676
1568048000689
1568048000703
1568048000717
1568048000730
1568048000743
1568048000756
1568048000769
1568048000782
1568048000795
1568048000808
1568048000821
1568048000834
1568048000847
1568048000860
1568048000875
1568048000888
1568048000901
1568048000916
1568048000930
1568048000943
1568048000956
1568048000969
1568048000983
1568048000996
1568048001010
1568048001024
1568048001038
1568048001052
1568048001065
1568048001078
1568048001092
1568048001106
1568048001119
1568048001132
1568048001145
1568048001159
1568048001172
1568048001186
1568048001200
1568048001213
1568048001226
1568048001239
1568048001253
1568048001266
1568048001280
1568048001293
1568048001307
1568048001320
1568048001334
1568048001347
1568048001361
1568048001374
1568048001388
1568048001401
1568048001414
1568048001427
1568048001440
1568048001453
1568048001467
1568048001479
1568048001492
1568048001506
1568048001520
1568048001534
1568048001547
1568048001559
1568048001573
1568048001586
1568048001599
1568048001611
1568048001624
1568048001636
1568048001648
1568048001662
1568048001675
1568048001687
1568048001699
1568048001711
1568048001723
1568048001735
1568048001747
1568048001759
1568048001770
1568048001782
1568048001794
1568048001806
1568048001818
1568048001830
1568048001843
1568048001855
1568048001867
