1568048050604
1568048050619
1568048050636
1568048050651
1568048050664
1568048050677
1568048050690
1568048050703
1568048050717
1568048050732
1568048050746
1568048050761
1568048050775
1568048050790
1568048050805
1568048050821
1568048050835
1568048050850
1568048050865
1568048050880
1568048050894
1568048050909
1568048050923
1568048050938
1568048050953
1568048050968
1568048050982
1568048050995
1568048051008
1568048051021
1568048051033
1568048051046
1568048051060
1568048051073
1568048051085
1568048051098
1568048051111
1568048051124
1568048051138
1568048051154
1568048051169
1568048051184
1568048051196
1568048051209
1568048051223
1568048051236
1568048051249
1568048051261
1568048051273
1568048051287
1568048051300
1568048051313
1568048051328
1568048051343
1568048051359
1568048051373
1568048051386
1568048051400
1568048051411
1568048051423
1568048051436
1568048051449
1568048051462
1568048051476
1568048051489
1568048051504
1568048051519
1568048051532
1568048051545
1568048051557
1568048051569
1568048051583
1568048051598
1568048051611
1568048051625
1568048051638
1568048051651
1568048051664
1568048051678
1568048051692
1568048051705
1568048051720
1568048051733
1568048051746
1568048051759
1568048051774
1568048051788
1568048051802
1568048051816
1568048051830
1568048051844
1568048051858
1568048051873
1568048051887
1568048051900
1568048051914
1568048051928
1568048051942
1568048051956
1568048051969
1568048051983
1568048051996
1568048052008
1568048052022
1568048052036
1568048052050
1568048052063
1568048052076
1568048052090
1568048052104
1568048052118
1568048052132
1568048052146
1568048052160
1568048052174
1568048052188
1568048052202
1568048052216
1568048052229
1568048052242
1568048052255
1568048052270
1568048052284
1568048052298
1568048052311
1568048052325
1568048052338
1568048052351
1568048052363
1568048052376
1568048052388
1568048052402
1568048052416
1568048052432
1568048052446
1568048052460
1568048052473
1568048052488
1568048052501
1568048052515
1568048052528
1568048052542
1568048052557
1568048052570
1568048052584
1568048052599
1568048052613
1568048052629
1568048052643
1568048052657
