1568048048957
1568048048972
1568048048989
1568048049003
1568048049016
1568048049028
1568048049041
1568048049054
1568048049067
1568048049081
1568048049094
1568048049107
1568048049120
1568048049135
1568048049148
1568048049161
1568048049176
1568048049191
1568048049205
1568048049220
1568048049234
1568048049247
1568048049260
1568048049275
1568048049290
1568048049305
1568048049321
1568048049336
1568048049349
1568048049362
1568048049375
1568048049389
1568048049402
1568048049416
1568048049429
1568048049442
1568048049456
1568048049472
1568048049486
1568048049500
1568048049514
1568048049527
1568048049540
1568048049554
1568048049567
1568048049580
1568048049593
1568048049606
1568048049619
1568048049632
1568048049647
1568048049663
1568048049677
1568048049690
1568048049703
1568048049717
1568048049730
1568048049745
1568048049758
1568048049772
1568048049785
1568048049799
1568048049812
1568048049827
1568048049842
1568048049856
1568048049868
1568048049881
1568048049894
1568048049907
1568048049919
1568048049931
1568048049945
1568048049959
1568048049973
1568048049986
1568048050000
1568048050013
1568048050027
1568048050042
1568048050057
1568048050071
1568048050084
1568048050097
1568048050111
1568048050125
1568048050139
1568048050152
1568048050166
1568048050179
1568048050193
1568048050208
1568048050221
1568048050235
1568048050249
1568048050262
1568048050276
1568048050290
1568048050304
1568048050318
1568048050332
1568048050346
1568048050360
1568048050375
1568048050389
1568048050404
1568048050420
1568048050435
1568048050449
1568048050463
1568048050478
1568048050494
1568048050508
1568048050522
1568048050536
1568048050550
1568048050563
1568048050577
1568048050592
1568048050607
1568048050622
1568048050638
1568048050653
1568048050668
1568048050681
1568048050694
1568048050707
1568048050722
1568048050737
1568048050752
1568048050767
1568048050781
1568048050796
1568048050813
1568048050829
1568048050844
1568048050860
1568048050875
1568048050889
1568048050905
1568048050920
1568048050935
1568048050949
1568048050965
1568048050980
1568048050994
1568048051008
1568048051021
1568048051032
1568048051045
