1568048043977
1568048043990
1568048044004
1568048044017
1568048044033
1568048044047
1568048044062
1568048044076
1568048044091
1568048044105
1568048044119
1568048044134
1568048044149
1568048044164
1568048044178
1568048044193
1568048044207
1568048044223
1568048044237
1568048044250
1568048044263
1568048044277
1568048044291
1568048044305
1568048044320
1568048044335
1568048044349
1568048044364
1568048044378
1568048044392
1568048044405
1568048044416
1568048044429
1568048044442
1568048044454
1568048044469
1568048044486
1568048044501
1568048044515
1568048044528
1568048044543
1568048044559
1568048044573
1568048044587
1568048044600
1568048044613
1568048044626
1568048044639
1568048044652
1568048044666
1568048044679
1568048044692
1568048044705
1568048044718
1568048044732
1568048044744
1568048044759
1568048044774
1568048044788
1568048044802
1568048044815
1568048044829
1568048044844
1568048044861
1568048044876
1568048044891
1568048044903
1568048044916
1568048044929
1568048044942
1568048044955
1568048044969
1568048044982
1568048044996
1568048045010
1568048045023
1568048045036
1568048045049
1568048045062
1568048045077
1568048045091
1568048045105
1568048045120
1568048045135
1568048045148
1568048045162
1568048045177
1568048045193
1568048045207
1568048045221
1568048045235
1568048045249
1568048045262
1568048045276
1568048045289
1568048045303
1568048045317
1568048045331
1568048045344
1568048045358
1568048045371
1568048045386
1568048045400
1568048045414
1568048045427
1568048045440
1568048045453
1568048045467
1568048045482
1568048045496
1568048045511
1568048045526
1568048045540
1568048045554
1568048045568
1568048045581
1568048045595
1568048045609
1568048045622
1568048045637
1568048045652
1568048045667
1568048045680
1568048045694
1568048045708
1568048045722
1568048045736
1568048045751
1568048045765
1568048045779
1568048045794
1568048045807
1568048045819
1568048045833
1568048045847
1568048045860
1568048045875
1568048045889
1568048045918
1568048045932
1568048045946
1568048045961
1568048045974
1568048045987
1568048046000
1568048046015
1568048046028
1568048046041
1568048046054
1568048046067
