1568048034255
1568048034269
1568048034285
1568048034298
1568048034313
1568048034327
1568048034341
1568048034354
1568048034367
1568048034380
1568048034393
1568048034406
1568048034421
1568048034438
1568048034453
1568048034468
1568048034481
1568048034496
1568048034511
1568048034526
1568048034540
1568048034553
1568048034566
1568048034580
1568048034593
1568048034606
1568048034619
1568048034631
1568048034646
1568048034660
1568048034674
1568048034686
1568048034698
1568048034713
1568048034727
1568048034740
1568048034753
1568048034765
1568048034779
1568048034794
1568048034808
1568048034824
1568048034840
1568048034855
1568048034868
1568048034881
1568048034894
1568048034907
1568048034922
1568048034935
1568048034948
1568048034962
1568048034975
1568048034989
1568048035001
1568048035015
1568048035028
1568048035042
1568048035054
1568048035068
1568048035081
1568048035096
1568048035111
1568048035125
1568048035138
1568048035152
1568048035165
1568048035178
1568048035191
1568048035204
1568048035216
1568048035231
1568048035245
1568048035260
1568048035274
1568048035289
1568048035303
1568048035317
1568048035330
1568048035345
1568048035361
1568048035375
1568048035389
1568048035402
1568048035416
1568048035431
1568048035444
1568048035459
1568048035473
1568048035488
1568048035503
1568048035517
1568048035530
1568048035545
1568048035559
1568048035573
1568048035588
1568048035604
1568048035618
1568048035633
1568048035649
1568048035664
1568048035678
1568048035692
1568048035706
1568048035720
1568048035734
1568048035748
1568048035763
1568048035778
1568048035792
1568048035806
1568048035820
1568048035836
1568048035852
1568048035866
1568048035880
1568048035894
1568048035906
1568048035920
1568048035934
1568048035951
1568048035966
1568048035980
1568048035994
1568048036008
1568048036021
1568048036036
1568048036050
1568048036064
1568048036077
1568048036091
1568048036104
1568048036119
1568048036134
1568048036149
1568048036163
1568048036178
1568048036192
1568048036206
1568048036221
1568048036235
1568048036250
1568048036264
1568048036278
1568048036294
1568048036309
1568048036322
1568048036337
1568048036351
