1568218964035
1568218964049
1568218964063
1568218964076
1568218964089
1568218964102
1568218964115
1568218964127
1568218964139
1568218964151
1568218964163
1568218964175
1568218964188
1568218964201
1568218964214
1568218964227
1568218964239
1568218964251
1568218964263
1568218964275
1568218964289
1568218964300
1568218964311
1568218964326
1568218964341
1568218964354
1568218964367
1568218964378
1568218964389
1568218964401
1568218964412
1568218964422
1568218964435
1568218964451
1568218964465
1568218964478
1568218964490
1568218964502
1568218964514
1568218964525
1568218964536
1568218964547
1568218964559
1568218964571
1568218964582
1568218964594
1568218964605
1568218964617
1568218964629
1568218964640
1568218964652
1568218964665
1568218964677
1568218964689
1568218964699
1568218964711
1568218964723
1568218964736
1568218964749
1568218964760
1568218964771
1568218964785
1568218964797
1568218964810
1568218964822
1568218964834
1568218964846
1568218964858
1568218964870
1568218964881
1568218964893
1568218964904
1568218964917
1568218964930
1568218964943
1568218964956
1568218964968
1568218964980
1568218964992
1568218965005
1568218965018
1568218965031
1568218965043
1568218965055
1568218965067
1568218965080
1568218965092
1568218965105
1568218965118
1568218965131
1568218965143
1568218965156
1568218965169
1568218965183
1568218965196
1568218965209
1568218965222
1568218965236
1568218965249
1568218965262
1568218965276
1568218965288
1568218965301
1568218965314
1568218965326
1568218965339
1568218965352
1568218965364
1568218965377
1568218965391
1568218965403
1568218965416
1568218965429
1568218965442
1568218965455
1568218965467
1568218965479
1568218965492
1568218965505
1568218965518
1568218965532
1568218965546
1568218965559
1568218965573
1568218965586
1568218965599
1568218965612
1568218965626
1568218965639
1568218965652
1568218965665
1568218965678
1568218965690
1568218965705
1568218965718
1568218965731
1568218965744
1568218965756
1568218965769
1568218965781
1568218965793
1568218965805
1568218965818
1568218965830
1568218965842
1568218965855
1568218965868
1568218965880
1568218965892
1568218965904
