1568218939868
1568218939880
1568218939894
1568218939905
1568218939916
1568218939927
1568218939938
1568218939949
1568218939960
1568218939971
1568218939982
1568218939993
1568218940005
1568218940017
1568218940028
1568218940039
1568218940051
1568218940062
1568218940075
1568218940087
1568218940098
1568218940108
1568218940119
1568218940131
1568218940143
1568218940154
1568218940166
1568218940177
1568218940189
1568218940199
1568218940211
1568218940223
1568218940234
1568218940245
1568218940257
1568218940268
1568218940279
1568218940291
1568218940303
1568218940315
1568218940326
1568218940337
1568218940348
1568218940361
1568218940371
1568218940383
1568218940395
1568218940406
1568218940417
1568218940429
1568218940440
1568218940452
1568218940463
1568218940474
1568218940486
1568218940497
1568218940508
1568218940520
1568218940531
1568218940541
1568218940553
1568218940565
1568218940577
1568218940588
1568218940600
1568218940611
1568218940622
1568218940633
1568218940644
1568218940655
1568218940666
1568218940677
1568218940689
1568218940702
1568218940712
1568218940724
1568218940735
1568218940746
1568218940757
1568218940769
1568218940779
1568218940791
1568218940803
1568218940815
1568218940827
1568218940840
1568218940853
1568218940865
1568218940877
1568218940889
1568218940901
1568218940914
1568218940926
1568218940938
1568218940949
1568218940961
1568218940973
1568218940986
1568218941000
1568218941013
1568218941026
1568218941039
1568218941051
1568218941064
1568218941076
1568218941088
1568218941100
1568218941112
1568218941125
1568218941138
1568218941151
1568218941164
1568218941176
1568218941189
1568218941202
1568218941214
1568218941225
1568218941238
1568218941250
1568218941263
1568218941275
1568218941289
1568218941302
1568218941315
1568218941327
1568218941340
1568218941353
1568218941365
1568218941377
1568218941390
1568218941402
1568218941415
1568218941427
1568218941440
1568218941452
1568218941463
1568218941475
1568218941486
1568218941498
1568218941509
1568218941520
1568218941531
1568218941542
1568218941554
1568218941565
1568218941577
1568218941588
1568218941600
1568218941611
1568218941622
