1568218959235
1568218959248
1568218959261
1568218959274
1568218959287
1568218959300
1568218959313
1568218959326
1568218959337
1568218959350
1568218959362
1568218959374
1568218959387
1568218959399
1568218959411
1568218959423
1568218959435
1568218959448
1568218959460
1568218959472
1568218959484
1568218959496
1568218959508
1568218959520
1568218959533
1568218959546
1568218959558
1568218959570
1568218959582
1568218959593
1568218959606
1568218959618
1568218959631
1568218959645
1568218959658
1568218959671
1568218959685
1568218959698
1568218959711
1568218959722
1568218959734
1568218959746
1568218959757
1568218959770
1568218959782
1568218959795
1568218959808
1568218959820
1568218959832
1568218959847
1568218959860
1568218959870
1568218959882
1568218959895
1568218959907
1568218959920
1568218959931
1568218959942
1568218959956
1568218959969
1568218959983
1568218959997
1568218960008
1568218960020
1568218960032
1568218960045
1568218960057
1568218960068
1568218960080
1568218960091
1568218960104
1568218960117
1568218960128
1568218960140
1568218960153
1568218960166
1568218960178
1568218960190
1568218960204
1568218960216
1568218960228
1568218960241
1568218960254
1568218960266
1568218960281
1568218960295
1568218960308
1568218960322
1568218960335
1568218960347
1568218960359
1568218960371
1568218960383
1568218960395
1568218960406
1568218960419
1568218960432
1568218960445
1568218960459
1568218960472
1568218960485
1568218960498
1568218960511
1568218960524
1568218960537
1568218960550
1568218960562
1568218960574
1568218960586
1568218960600
1568218960612
1568218960625
1568218960638
1568218960650
1568218960663
1568218960678
1568218960691
1568218960704
1568218960717
1568218960729
1568218960742
1568218960756
1568218960768
1568218960782
1568218960795
1568218960808
1568218960820
1568218960835
1568218960847
1568218960861
1568218960874
1568218960886
1568218960899
1568218960912
1568218960925
1568218960937
1568218960950
1568218960963
1568218960976
1568218960988
1568218961002
1568218961014
1568218961027
1568218961040
1568218961052
1568218961066
1568218961079
1568218961092
1568218961104
1568218961118
