1568218944636
1568218944647
1568218944660
1568218944671
1568218944681
1568218944692
1568218944705
1568218944717
1568218944728
1568218944739
1568218944750
1568218944761
1568218944772
1568218944784
1568218944795
1568218944807
1568218944818
1568218944829
1568218944840
1568218944852
1568218944863
1568218944876
1568218944887
1568218944899
1568218944910
1568218944924
1568218944935
1568218944947
1568218944959
1568218944969
1568218944981
1568218944993
1568218945003
1568218945014
1568218945026
1568218945038
1568218945051
1568218945062
1568218945074
1568218945086
1568218945097
1568218945109
1568218945120
1568218945132
1568218945143
1568218945154
1568218945166
1568218945178
1568218945190
1568218945203
1568218945214
1568218945225
1568218945236
1568218945247
1568218945258
1568218945270
1568218945281
1568218945292
1568218945304
1568218945315
1568218945327
1568218945338
1568218945350
1568218945362
1568218945374
1568218945384
1568218945396
1568218945407
1568218945419
1568218945430
1568218945441
1568218945453
1568218945464
1568218945475
1568218945487
1568218945499
1568218945509
1568218945520
1568218945532
1568218945543
1568218945554
1568218945566
1568218945577
1568218945587
1568218945599
1568218945613
1568218945626
1568218945638
1568218945650
1568218945662
1568218945674
1568218945686
1568218945698
1568218945710
1568218945722
1568218945734
1568218945746
1568218945759
1568218945771
1568218945784
1568218945796
1568218945808
1568218945821
1568218945833
1568218945845
1568218945857
1568218945869
1568218945881
1568218945894
1568218945907
1568218945920
1568218945932
1568218945945
1568218945957
1568218945969
1568218945981
1568218945993
1568218946006
1568218946018
1568218946030
1568218946043
1568218946055
1568218946068
1568218946080
1568218946092
1568218946105
1568218946117
1568218946129
1568218946142
1568218946153
1568218946165
1568218946178
1568218946191
1568218946204
1568218946217
1568218946230
1568218946242
1568218946254
1568218946265
1568218946276
1568218946287
1568218946298
1568218946309
1568218946321
1568218946333
1568218946344
1568218946356
1568218946368
1568218946379
1568218946390
