1568218975300
1568218975314
1568218975329
1568218975342
1568218975355
1568218975368
1568218975381
1568218975394
1568218975406
1568218975419
1568218975432
1568218975445
1568218975458
1568218975472
1568218975485
1568218975498
1568218975512
1568218975525
1568218975537
1568218975550
1568218975562
1568218975574
1568218975587
1568218975600
1568218975613
1568218975626
1568218975639
1568218975651
1568218975665
1568218975677
1568218975689
1568218975703
1568218975715
1568218975726
1568218975737
1568218975749
1568218975762
1568218975774
1568218975785
1568218975797
1568218975808
1568218975819
1568218975830
1568218975842
1568218975853
1568218975864
1568218975875
1568218975887
1568218975899
1568218975910
1568218975922
1568218975934
1568218975945
1568218975956
1568218975967
1568218975978
1568218975990
1568218976002
1568218976015
1568218976027
1568218976039
1568218976052
1568218976063
1568218976074
1568218976086
1568218976098
1568218976109
1568218976119
1568218976131
1568218976142
1568218976153
1568218976165
1568218976177
1568218976189
1568218976200
1568218976211
1568218976223
1568218976234
1568218976246
1568218976258
1568218976271
1568218976284
1568218976296
1568218976308
1568218976320
1568218976333
1568218976345
1568218976358
1568218976370
1568218976382
1568218976394
1568218976407
1568218976419
1568218976432
1568218976445
1568218976458
1568218976471
1568218976483
1568218976495
1568218976509
1568218976522
1568218976534
1568218976546
1568218976559
1568218976572
1568218976585
1568218976598
1568218976610
1568218976623
1568218976637
1568218976651
1568218976664
1568218976677
1568218976689
1568218976702
1568218976715
1568218976727
1568218976739
1568218976752
1568218976764
1568218976777
1568218976790
1568218976803
1568218976816
1568218976829
1568218976842
1568218976856
1568218976869
1568218976882
1568218976895
1568218976907
1568218976919
1568218976931
1568218976944
1568218976958
1568218976972
1568218976985
1568218976997
1568218977011
1568218977023
1568218977035
1568218977047
1568218977060
1568218977073
1568218977086
1568218977100
1568218977113
1568218977127
1568218977140
1568218977152
