1568218935118
1568218935130
1568218935144
1568218935155
1568218935166
1568218935176
1568218935187
1568218935198
1568218935209
1568218935221
1568218935232
1568218935243
1568218935254
1568218935267
1568218935278
1568218935290
1568218935302
1568218935313
1568218935324
1568218935336
1568218935349
1568218935361
1568218935374
1568218935387
1568218935398
1568218935410
1568218935422
1568218935435
1568218935447
1568218935459
1568218935470
1568218935481
1568218935493
1568218935505
1568218935516
1568218935527
1568218935540
1568218935553
1568218935565
1568218935578
1568218935591
1568218935602
1568218935614
1568218935625
1568218935637
1568218935650
1568218935663
1568218935675
1568218935688
1568218935700
1568218935712
1568218935724
1568218935737
1568218935749
1568218935761
1568218935772
1568218935784
1568218935796
1568218935808
1568218935821
1568218935831
1568218935844
1568218935856
1568218935869
1568218935880
1568218935893
1568218935906
1568218935918
1568218935929
1568218935942
1568218935954
1568218935966
1568218935978
1568218935990
1568218936003
1568218936014
1568218936027
1568218936039
1568218936052
1568218936062
1568218936074
1568218936088
1568218936101
1568218936113
1568218936126
1568218936140
1568218936155
1568218936168
1568218936181
1568218936193
1568218936205
1568218936218
1568218936230
1568218936242
1568218936255
1568218936268
1568218936280
1568218936295
1568218936308
1568218936321
1568218936334
1568218936346
1568218936359
1568218936371
1568218936383
1568218936396
1568218936408
1568218936421
1568218936434
1568218936447
1568218936459
1568218936472
1568218936485
1568218936498
1568218936513
1568218936526
1568218936538
1568218936551
1568218936563
1568218936576
1568218936589
1568218936602
1568218936614
1568218936626
1568218936640
1568218936652
1568218936665
1568218936678
1568218936691
1568218936703
1568218936715
1568218936727
1568218936738
1568218936751
1568218936763
1568218936775
1568218936787
1568218936800
1568218936811
1568218936823
1568218936835
1568218936845
1568218936857
1568218936869
1568218936881
1568218936893
1568218936905
1568218936918
1568218936930
1568218936941
