1568218962434
1568218962447
1568218962460
1568218962473
1568218962484
1568218962496
1568218962508
1568218962519
1568218962530
1568218962541
1568218962553
1568218962565
1568218962578
1568218962590
1568218962601
1568218962614
1568218962626
1568218962637
1568218962649
1568218962661
1568218962673
1568218962686
1568218962699
1568218962711
1568218962722
1568218962735
1568218962746
1568218962758
1568218962769
1568218962782
1568218962795
1568218962808
1568218962820
1568218962831
1568218962842
1568218962853
1568218962865
1568218962877
1568218962889
1568218962901
1568218962913
1568218962925
1568218962939
1568218962952
1568218962963
1568218962975
1568218962987
1568218962999
1568218963011
1568218963024
1568218963035
1568218963046
1568218963059
1568218963071
1568218963082
1568218963094
1568218963105
1568218963118
1568218963129
1568218963141
1568218963154
1568218963168
1568218963180
1568218963192
1568218963203
1568218963216
1568218963226
1568218963238
1568218963251
1568218963263
1568218963275
1568218963285
1568218963297
1568218963309
1568218963321
1568218963331
1568218963344
1568218963357
1568218963370
1568218963382
1568218963394
1568218963407
1568218963420
1568218963432
1568218963445
1568218963458
1568218963472
1568218963485
1568218963498
1568218963511
1568218963523
1568218963535
1568218963547
1568218963559
1568218963572
1568218963585
1568218963597
1568218963611
1568218963624
1568218963637
1568218963650
1568218963663
1568218963677
1568218963690
1568218963702
1568218963715
1568218963727
1568218963739
1568218963752
1568218963766
1568218963778
1568218963791
1568218963803
1568218963815
1568218963828
1568218963841
1568218963853
1568218963865
1568218963877
1568218963890
1568218963902
1568218963916
1568218963929
1568218963942
1568218963954
1568218963967
1568218963980
1568218963993
1568218964005
1568218964018
1568218964030
1568218964043
1568218964057
1568218964071
1568218964084
1568218964097
1568218964110
1568218964123
1568218964135
1568218964147
1568218964159
1568218964172
1568218964185
1568218964197
1568218964212
1568218964225
1568218964238
1568218964250
1568218964262
1568218964275
