1568218968824
1568218968837
1568218968852
1568218968864
1568218968877
1568218968890
1568218968902
1568218968914
1568218968927
1568218968940
1568218968953
1568218968965
1568218968978
1568218968991
1568218969004
1568218969017
1568218969030
1568218969043
1568218969055
1568218969068
1568218969081
1568218969094
1568218969106
1568218969118
1568218969131
1568218969145
1568218969158
1568218969171
1568218969185
1568218969199
1568218969212
1568218969224
1568218969236
1568218969248
1568218969259
1568218969271
1568218969283
1568218969296
1568218969309
1568218969321
1568218969334
1568218969347
1568218969358
1568218969369
1568218969382
1568218969395
1568218969408
1568218969421
1568218969436
1568218969450
1568218969464
1568218969476
1568218969487
1568218969499
1568218969512
1568218969525
1568218969538
1568218969551
1568218969564
1568218969578
1568218969591
1568218969604
1568218969617
1568218969628
1568218969640
1568218969652
1568218969664
1568218969676
1568218969688
1568218969699
1568218969712
1568218969724
1568218969736
1568218969749
1568218969761
1568218969773
1568218969784
1568218969797
1568218969809
1568218969823
1568218969835
1568218969847
1568218969859
1568218969871
1568218969884
1568218969896
1568218969908
1568218969921
1568218969933
1568218969946
1568218969959
1568218969973
1568218969985
1568218970039
1568218970082
1568218970117
1568218970142
1568218970162
1568218970179
1568218970196
1568218970210
1568218970224
1568218970237
1568218970250
1568218970262
1568218970275
1568218970287
1568218970299
1568218970311
1568218970324
1568218970336
1568218970349
1568218970361
1568218970374
1568218970387
1568218970399
1568218970412
1568218970425
1568218970437
1568218970449
1568218970462
1568218970475
1568218970488
1568218970500
1568218970512
1568218970525
1568218970537
1568218970548
1568218970560
1568218970573
1568218970585
1568218970598
1568218970611
1568218970625
1568218970639
1568218970653
1568218970665
1568218970678
1568218970691
1568218970704
1568218970716
1568218970729
1568218970742
1568218970754
1568218970766
1568218970778
1568218970791
1568218970804
1568218970817
1568218970830
