1568994266126
1568994266140
1568994266156
1568994266171
1568994266185
1568994266199
1568994266213
1568994266226
1568994266239
1568994266253
1568994266266
1568994266280
1568994266293
1568994266308
1568994266322
1568994266336
1568994266350
1568994266364
1568994266378
1568994266392
1568994266407
1568994266421
1568994266434
1568994266449
1568994266463
1568994266478
1568994266492
1568994266506
1568994266520
1568994266533
1568994266547
1568994266561
1568994266574
1568994266589
1568994266604
1568994266618
1568994266632
1568994266646
1568994266660
1568994266675
1568994266689
1568994266703
1568994266716
1568994266731
1568994266746
1568994266759
1568994266773
1568994266786
1568994266799
1568994266813
1568994266880
1568994266930
1568994266960
1568994266980
1568994266999
1568994267017
1568994267033
1568994267049
1568994267063
1568994267077
1568994267090
1568994267104
1568994267117
1568994267132
1568994267147
1568994267161
1568994267175
1568994267189
1568994267203
1568994267217
1568994267231
1568994267245
1568994267259
1568994267274
1568994267289
1568994267304
1568994267318
1568994267331
1568994267345
1568994267359
1568994267374
1568994267387
1568994267400
1568994267414
1568994267427
1568994267443
1568994267457
1568994267471
1568994267484
1568994267498
1568994267512
1568994267527
1568994267541
1568994267556
1568994267570
1568994267586
1568994267601
1568994267617
1568994267632
1568994267647
1568994267662
1568994267676
1568994267690
1568994267705
1568994267719
1568994267738
1568994267753
1568994267768
1568994267781
1568994267795
1568994267808
1568994267820
1568994267834
1568994267848
1568994267862
1568994267876
1568994267889
1568994267904
1568994267917
1568994267931
1568994267945
1568994267960
1568994267974
1568994267988
1568994268001
1568994268014
1568994268028
1568994268042
1568994268055
1568994268070
1568994268083
1568994268097
1568994268111
1568994268125
1568994268139
1568994268152
1568994268166
1568994268182
1568994268196
1568994268211
1568994268225
1568994268239
1568994268252
1568994268266
1568994268280
1568994268295
1568994268308
1568994268320
1568994268336
1568994268352
