1568994297296
1568994297309
1568994297323
1568994297336
1568994297349
1568994297363
1568994297378
1568994297393
1568994297407
1568994297422
1568994297436
1568994297450
1568994297463
1568994297478
1568994297492
1568994297507
1568994297522
1568994297536
1568994297550
1568994297564
1568994297579
1568994297593
1568994297607
1568994297621
1568994297635
1568994297650
1568994297665
1568994297678
1568994297690
1568994297705
1568994297719
1568994297733
1568994297746
1568994297760
1568994297774
1568994297789
1568994297803
1568994297819
1568994297833
1568994297847
1568994297860
1568994297874
1568994297887
1568994297900
1568994297915
1568994297930
1568994297945
1568994297959
1568994297972
1568994297985
1568994297997
1568994298010
1568994298025
1568994298042
1568994298058
1568994298072
1568994298084
1568994298098
1568994298110
1568994298127
1568994298140
1568994298154
1568994298167
1568994298180
1568994298194
1568994298209
1568994298224
1568994298237
1568994298249
1568994298261
1568994298273
1568994298286
1568994298299
1568994298314
1568994298329
1568994298341
1568994298352
1568994298364
1568994298376
1568994298389
1568994298402
1568994298414
1568994298427
1568994298440
1568994298452
1568994298465
1568994298477
1568994298490
1568994298502
1568994298515
1568994298528
1568994298542
1568994298555
1568994298567
1568994298580
1568994298594
1568994298607
1568994298620
1568994298633
1568994298647
1568994298659
1568994298672
1568994298684
1568994298696
1568994298708
1568994298720
1568994298731
1568994298744
1568994298759
1568994298773
1568994298786
1568994298799
1568994298811
1568994298823
1568994298835
1568994298847
1568994298858
1568994298870
1568994298882
1568994298894
1568994298905
1568994298918
1568994298930
1568994298961
1568994299015
1568994299047
1568994299073
1568994299095
1568994299114
1568994299130
1568994299145
1568994299160
1568994299174
1568994299187
1568994299200
1568994299213
1568994299226
1568994299238
1568994299251
1568994299265
1568994299278
1568994299291
1568994299304
1568994299317
1568994299330
1568994299344
1568994299357
1568994299370
1568994299383
1568994299396
