1568994288662
1568994288675
1568994288689
1568994288706
1568994288720
1568994288734
1568994288747
1568994288759
1568994288772
1568994288785
1568994288798
1568994288813
1568994288826
1568994288842
1568994288858
1568994288872
1568994288885
1568994288898
1568994288912
1568994288926
1568994288940
1568994288953
1568994288966
1568994288982
1568994288997
1568994289012
1568994289026
1568994289039
1568994289054
1568994289069
1568994289084
1568994289099
1568994289120
1568994289135
1568994289149
1568994289163
1568994289175
1568994289192
1568994289206
1568994289220
1568994289233
1568994289246
1568994289259
1568994289274
1568994289291
1568994289306
1568994289323
1568994289337
1568994289353
1568994289371
1568994289388
1568994289403
1568994289416
1568994289429
1568994289442
1568994289456
1568994289470
1568994289485
1568994289498
1568994289511
1568994289525
1568994289542
1568994289558
1568994289571
1568994289583
1568994289597
1568994289610
1568994289624
1568994289637
1568994289651
1568994289666
1568994289681
1568994289694
1568994289709
1568994289723
1568994289737
1568994289751
1568994289765
1568994289779
1568994289792
1568994289805
1568994289819
1568994289833
1568994289848
1568994289863
1568994289879
1568994289895
1568994289909
1568994289923
1568994289954
1568994290014
1568994290053
1568994290079
1568994290100
1568994290119
1568994290136
1568994290152
1568994290168
1568994290182
1568994290195
1568994290208
1568994290222
1568994290234
1568994290248
1568994290261
1568994290274
1568994290288
1568994290302
1568994290316
1568994290331
1568994290345
1568994290360
1568994290374
1568994290388
1568994290402
1568994290416
1568994290430
1568994290444
1568994290455
1568994290466
1568994290479
1568994290491
1568994290505
1568994290520
1568994290534
1568994290548
1568994290561
1568994290575
1568994290589
1568994290602
1568994290616
1568994290629
1568994290641
1568994290655
1568994290668
1568994290682
1568994290695
1568994290708
1568994290720
1568994290732
1568994290747
1568994290760
1568994290774
1568994290787
1568994290801
1568994290816
1568994290829
1568994290842
1568994290856
1568994290868
