1568735710234
1568735710246
1568735710260
1568735710273
1568735710286
1568735710298
1568735710311
1568735710324
1568735710336
1568735710349
1568735710362
1568735710375
1568735710388
1568735710401
1568735710413
1568735710427
1568735710439
1568735710452
1568735710465
1568735710478
1568735710490
1568735710502
1568735710514
1568735710528
1568735710541
1568735710553
1568735710566
1568735710578
1568735710589
1568735710602
1568735710614
1568735710626
1568735710638
1568735710649
1568735710661
1568735710674
1568735710687
1568735710700
1568735710713
1568735710725
1568735710738
1568735710751
1568735710764
1568735710776
1568735710787
1568735710799
1568735710811
1568735710824
1568735710837
1568735710850
1568735710863
1568735710875
1568735710887
1568735710898
1568735710911
1568735710923
1568735710936
1568735710949
1568735710961
1568735710975
1568735710987
1568735711001
1568735711016
1568735711030
1568735711042
1568735711055
1568735711067
1568735711079
1568735711090
1568735711102
1568735711114
1568735711127
1568735711140
1568735711153
1568735711166
1568735711179
1568735711191
1568735711205
1568735711218
1568735711231
1568735711243
1568735711255
1568735711267
1568735711280
1568735711293
1568735711308
1568735711320
1568735711332
1568735711345
1568735711357
1568735711370
1568735711383
1568735711396
1568735711409
1568735711422
1568735711437
1568735711450
1568735711464
1568735711477
1568735711491
1568735711503
1568735711515
1568735711528
1568735711541
1568735711554
1568735711566
1568735711579
1568735711592
1568735711605
1568735711618
1568735711631
1568735711643
1568735711655
1568735711668
1568735711681
1568735711693
1568735711706
1568735711720
1568735711732
1568735711745
1568735711758
1568735711772
1568735711785
1568735711798
1568735711811
1568735711823
1568735711835
1568735711847
1568735711859
1568735711870
1568735711882
1568735711894
1568735711907
1568735711920
1568735711932
1568735711943
1568735711955
1568735711966
1568735711978
1568735711990
1568735712001
1568735712013
1568735712024
1568735712036
1568735712049
1568735712062
1568735712075
1568735712088
1568735712100
1568735712111
