1568735695991
1568735696002
1568735696015
1568735696027
1568735696039
1568735696051
1568735696063
1568735696075
1568735696087
1568735696099
1568735696111
1568735696122
1568735696135
1568735696148
1568735696160
1568735696173
1568735696185
1568735696198
1568735696211
1568735696224
1568735696237
1568735696249
1568735696262
1568735696274
1568735696289
1568735696302
1568735696316
1568735696330
1568735696343
1568735696356
1568735696368
1568735696381
1568735696396
1568735696411
1568735696425
1568735696439
1568735696452
1568735696467
1568735696479
1568735696491
1568735696504
1568735696520
1568735696534
1568735696547
1568735696560
1568735696574
1568735696587
1568735696600
1568735696613
1568735696629
1568735696643
1568735696657
1568735696669
1568735696684
1568735696698
1568735696712
1568735696726
1568735696740
1568735696753
1568735696766
1568735696779
1568735696794
1568735696807
1568735696820
1568735696832
1568735696845
1568735696857
1568735696870
1568735696883
1568735696896
1568735696909
1568735696921
1568735696934
1568735696946
1568735696958
1568735696971
1568735696984
1568735696997
1568735697010
1568735697023
1568735697036
1568735697049
1568735697062
1568735697076
1568735697089
1568735697103
1568735697116
1568735697129
1568735697143
1568735697156
1568735697169
1568735697182
1568735697194
1568735697208
1568735697221
1568735697235
1568735697248
1568735697263
1568735697277
1568735697291
1568735697305
1568735697318
1568735697331
1568735697345
1568735697359
1568735697373
1568735697386
1568735697399
1568735697412
1568735697425
1568735697439
1568735697453
1568735697466
1568735697480
1568735697493
1568735697506
1568735697520
1568735697533
1568735697547
1568735697563
1568735697578
1568735697593
1568735697606
1568735697619
1568735697633
1568735697647
1568735697660
1568735697673
1568735697686
1568735697698
1568735697711
1568735697725
1568735697738
1568735697752
1568735697765
1568735697779
1568735697791
1568735697804
1568735697817
1568735697831
1568735697844
1568735697857
1568735697869
1568735697882
1568735697896
1568735697909
1568735697922
1568735697935
1568735697948
1568735697961
