1568735721162
1568735721175
1568735721193
1568735721206
1568735721218
1568735721230
1568735721243
1568735721257
1568735721271
1568735721284
1568735721296
1568735721308
1568735721322
1568735721336
1568735721351
1568735721364
1568735721376
1568735721388
1568735721399
1568735721411
1568735721423
1568735721435
1568735721446
1568735721458
1568735721470
1568735721482
1568735721494
1568735721506
1568735721518
1568735721530
1568735721542
1568735721554
1568735721568
1568735721581
1568735721593
1568735721606
1568735721619
1568735721632
1568735721646
1568735721659
1568735721671
1568735721684
1568735721695
1568735721707
1568735721719
1568735721731
1568735721743
1568735721754
1568735721766
1568735721779
1568735721791
1568735721805
1568735721817
1568735721829
1568735721840
1568735721854
1568735721868
1568735721880
1568735721892
1568735721903
1568735721915
1568735721929
1568735721942
1568735721955
1568735721967
1568735721980
1568735721992
1568735722005
1568735722017
1568735722030
1568735722042
1568735722054
1568735722067
1568735722081
1568735722093
1568735722106
1568735722119
1568735722131
1568735722143
1568735722157
1568735722169
1568735722182
1568735722194
1568735722208
1568735722221
1568735722234
1568735722247
1568735722259
1568735722272
1568735722285
1568735722299
1568735722313
1568735722325
1568735722338
1568735722351
1568735722364
1568735722377
1568735722391
1568735722406
1568735722436
1568735722449
1568735722463
1568735722478
1568735722495
1568735722513
1568735722526
1568735722541
1568735722555
1568735722711
1568735722724
1568735722735
1568735722748
1568735722759
1568735722771
1568735722783
1568735722795
1568735722807
1568735722819
1568735722831
1568735722844
1568735722856
1568735722870
1568735722883
1568735722897
1568735722909
1568735722922
1568735722935
1568735722947
1568735722960
1568735722973
1568735722987
1568735723000
1568735723013
1568735723027
1568735723040
1568735723053
1568735723065
1568735723077
1568735723090
1568735723104
1568735723117
1568735723129
1568735723141
1568735723154
1568735723167
1568735723181
1568735723194
1568735723207
1568735723220
1568735723233
