1568735691218
1568735691231
1568735691244
1568735691255
1568735691267
1568735691279
1568735691291
1568735691303
1568735691314
1568735691326
1568735691338
1568735691350
1568735691362
1568735691374
1568735691386
1568735691399
1568735691412
1568735691426
1568735691438
1568735691450
1568735691462
1568735691474
1568735691485
1568735691497
1568735691509
1568735691522
1568735691534
1568735691547
1568735691557
1568735691569
1568735691581
1568735691593
1568735691606
1568735691618
1568735691629
1568735691641
1568735691654
1568735691666
1568735691679
1568735691691
1568735691701
1568735691714
1568735691726
1568735691738
1568735691751
1568735691762
1568735691773
1568735691786
1568735691798
1568735691811
1568735691824
1568735691836
1568735691847
1568735691859
1568735691872
1568735691884
1568735691896
1568735691909
1568735691919
1568735691931
1568735691944
1568735691958
1568735691971
1568735691983
1568735691995
1568735692008
1568735692021
1568735692033
1568735692044
1568735692056
1568735692068
1568735692081
1568735692093
1568735692107
1568735692120
1568735692133
1568735692145
1568735692156
1568735692168
1568735692181
1568735692196
1568735692208
1568735692221
1568735692234
1568735692247
1568735692262
1568735692275
1568735692289
1568735692302
1568735692315
1568735692327
1568735692341
1568735692353
1568735692366
1568735692379
1568735692393
1568735692409
1568735692495
1568735692508
1568735692522
1568735692536
1568735692550
1568735692565
1568735692580
1568735692595
1568735692663
1568735692676
1568735692691
1568735692704
1568735692719
1568735692732
1568735692746
1568735692759
1568735692772
1568735692786
1568735692799
1568735692813
1568735692825
1568735692837
1568735692849
1568735692862
1568735692876
1568735692890
1568735692902
1568735692914
1568735692926
1568735692938
1568735692951
1568735692963
1568735692976
1568735692989
1568735693002
1568735693015
1568735693027
1568735693038
1568735693050
1568735693061
1568735693074
1568735693086
1568735693098
1568735693111
1568735693122
1568735693135
1568735693147
1568735693159
1568735693173
1568735693187
1568735693199
1568735693211
1568735693223
