1568735716507
1568735716521
1568735716535
1568735716547
1568735716560
1568735716573
1568735716586
1568735716598
1568735716610
1568735716622
1568735716634
1568735716647
1568735716660
1568735716672
1568735716683
1568735716695
1568735716707
1568735716719
1568735716731
1568735716743
1568735716756
1568735716769
1568735716783
1568735716796
1568735716809
1568735716823
1568735716837
1568735716850
1568735716862
1568735716874
1568735716886
1568735716898
1568735716910
1568735716922
1568735716934
1568735716946
1568735716959
1568735716971
1568735716985
1568735716997
1568735717009
1568735717022
1568735717035
1568735717047
1568735717060
1568735717073
1568735717087
1568735717100
1568735717114
1568735717128
1568735717142
1568735717154
1568735717167
1568735717179
1568735717192
1568735717205
1568735717217
1568735717228
1568735717240
1568735717253
1568735717266
1568735717280
1568735717294
1568735717308
1568735717323
1568735717336
1568735717350
1568735717364
1568735717378
1568735717391
1568735717405
1568735717422
1568735717437
1568735717454
1568735717467
1568735717481
1568735717495
1568735717509
1568735717522
1568735717536
1568735717549
1568735717564
1568735717580
1568735717594
1568735717608
1568735717622
1568735717636
1568735717652
1568735717666
1568735717680
1568735717693
1568735717709
1568735717724
1568735717738
1568735717752
1568735717766
1568735717781
1568735717797
1568735717811
1568735717825
1568735717840
1568735717854
1568735717869
1568735717883
1568735717897
1568735717912
1568735717926
1568735717941
1568735717955
1568735717970
1568735717986
1568735718000
1568735718015
1568735718029
1568735718044
1568735718059
1568735718073
1568735718087
1568735718102
1568735718116
1568735718129
1568735718142
1568735718155
1568735718168
1568735718182
1568735718194
1568735718207
1568735718220
1568735718233
1568735718246
1568735718258
1568735718270
1568735718283
1568735718296
1568735718310
1568735718322
1568735718334
1568735718346
1568735718359
1568735718371
1568735718384
1568735718396
1568735718408
1568735718420
1568735718433
1568735718447
1568735718460
1568735718473
1568735718486
1568735718499
