1568735697613
1568735697627
1568735697642
1568735697655
1568735697668
1568735697681
1568735697694
1568735697706
1568735697719
1568735697732
1568735697744
1568735697758
1568735697771
1568735697785
1568735697797
1568735697811
1568735697824
1568735697837
1568735697849
1568735697862
1568735697875
1568735697888
1568735697901
1568735697914
1568735697927
1568735697941
1568735697954
1568735697967
1568735697980
1568735697993
1568735698005
1568735698018
1568735698031
1568735698044
1568735698056
1568735698068
1568735698080
1568735698094
1568735698107
1568735698121
1568735698134
1568735698147
1568735698159
1568735698172
1568735698186
1568735698199
1568735698212
1568735698224
1568735698237
1568735698251
1568735698266
1568735698283
1568735698295
1568735698314
1568735698330
1568735698343
1568735698356
1568735698370
1568735698383
1568735698395
1568735698409
1568735698423
1568735698436
1568735698450
1568735698462
1568735698476
1568735698490
1568735698503
1568735698516
1568735698529
1568735698541
1568735698555
1568735698568
1568735698582
1568735698596
1568735698608
1568735698622
1568735698634
1568735698648
1568735698661
1568735698673
1568735698685
1568735698699
1568735698712
1568735698725
1568735698739
1568735698752
1568735698766
1568735698779
1568735698793
1568735698806
1568735698819
1568735698832
1568735698846
1568735698858
1568735698872
1568735698885
1568735698899
1568735698912
1568735698925
1568735698937
1568735698951
1568735698964
1568735698977
1568735698990
1568735699004
1568735699017
1568735699030
1568735699043
1568735699058
1568735699072
1568735699085
1568735699098
1568735699112
1568735699126
1568735699140
1568735699154
1568735699167
1568735699180
1568735699192
1568735699205
1568735699217
1568735699230
1568735699243
1568735699255
1568735699268
1568735699280
1568735699294
1568735699314
1568735699332
1568735699345
1568735699368
1568735699385
1568735699399
1568735699427
1568735699440
1568735699451
1568735699473
1568735699487
1568735699515
1568735699527
1568735699539
1568735699552
1568735699565
1568735699586
1568735699602
1568735699614
1568735699628
1568735699640
1568735699656
