1568735730288
1568735730303
1568735730318
1568735730331
1568735730343
1568735730355
1568735730368
1568735730381
1568735730393
1568735730406
1568735730418
1568735730431
1568735730445
1568735730460
1568735730473
1568735730487
1568735730500
1568735730513
1568735730525
1568735730537
1568735730548
1568735730560
1568735730572
1568735730584
1568735730596
1568735730609
1568735730621
1568735730634
1568735730647
1568735730659
1568735730673
1568735730687
1568735730700
1568735730713
1568735730727
1568735730741
1568735730753
1568735730766
1568735730780
1568735730794
1568735730807
1568735730819
1568735730833
1568735730847
1568735730861
1568735730874
1568735730885
1568735730898
1568735730911
1568735730924
1568735730937
1568735730950
1568735730964
1568735730976
1568735730989
1568735731002
1568735731014
1568735731027
1568735731039
1568735731053
1568735731065
1568735731079
1568735731092
1568735731105
1568735731118
1568735731130
1568735731142
1568735731154
1568735731167
1568735731180
1568735731192
1568735731205
1568735731218
1568735731231
1568735731244
1568735731257
1568735731270
1568735731283
1568735731296
1568735731309
1568735731323
1568735731336
1568735731348
1568735731362
1568735731375
1568735731388
1568735731401
1568735731414
1568735731427
1568735731441
1568735731454
1568735731468
1568735731481
1568735731493
1568735731506
1568735731520
1568735731534
1568735731548
1568735731561
1568735731574
1568735731587
1568735731601
1568735731614
1568735731627
1568735731640
1568735731654
1568735731668
1568735731681
1568735731695
1568735731710
1568735731723
1568735731737
1568735731750
1568735731763
1568735731776
1568735731789
1568735731803
1568735731815
1568735731827
1568735731840
1568735731854
1568735731868
1568735731882
1568735731896
1568735731910
1568735731924
1568735731937
1568735731951
1568735731964
1568735731977
1568735731992
1568735732006
1568735732020
1568735732033
1568735732045
1568735732058
1568735732072
1568735732086
1568735732099
1568735732113
1568735732126
1568735732138
1568735732152
1568735732166
1568735732179
1568735732194
1568735732207
1568735732220
1568735732232
1568735732245
