1568735740985
1568735740997
1568735741012
1568735741024
1568735741036
1568735741047
1568735741059
1568735741073
1568735741086
1568735741099
1568735741115
1568735741130
1568735741144
1568735741157
1568735741171
1568735741184
1568735741198
1568735741214
1568735741227
1568735741241
1568735741255
1568735741267
1568735741279
1568735741292
1568735741306
1568735741319
1568735741332
1568735741345
1568735741359
1568735741372
1568735741386
1568735741398
1568735741411
1568735741423
1568735741435
1568735741447
1568735741461
1568735741474
1568735741486
1568735741498
1568735741509
1568735741521
1568735741533
1568735741545
1568735741556
1568735741568
1568735741580
1568735741591
1568735741603
1568735741615
1568735741627
1568735741639
1568735741651
1568735741664
1568735741677
1568735741689
1568735741702
1568735741715
1568735741726
1568735741738
1568735741750
1568735741762
1568735741773
1568735741785
1568735741797
1568735741809
1568735741820
1568735741831
1568735741843
1568735741856
1568735741869
1568735741882
1568735741894
1568735741907
1568735741918
1568735741931
1568735741944
1568735741957
1568735741970
1568735741982
1568735741995
1568735742008
1568735742021
1568735742034
1568735742047
1568735742061
1568735742075
1568735742088
1568735742101
1568735742113
1568735742126
1568735742140
1568735742154
1568735742169
1568735742181
1568735742194
1568735742207
1568735742221
1568735742233
1568735742246
1568735742259
1568735742272
1568735742286
1568735742299
1568735742312
1568735742324
1568735742337
1568735742351
1568735742365
1568735742379
1568735742391
1568735742405
1568735742417
1568735742430
1568735742443
1568735742456
1568735742470
1568735742484
1568735742496
1568735742509
1568735742523
1568735742537
1568735742549
1568735742562
1568735742575
1568735742589
1568735742601
1568735742615
1568735742628
1568735742641
1568735742654
1568735742668
1568735742682
1568735742696
1568735742710
1568735742724
1568735742738
1568735742751
1568735742765
1568735742778
1568735742791
1568735742803
1568735742816
1568735742828
1568735742842
1568735742855
1568735742867
1568735742880
1568735742892
1568735742905
