1568735737892
1568735737906
1568735737921
1568735737934
1568735737947
1568735737959
1568735737970
1568735737983
1568735737995
1568735738007
1568735738020
1568735738032
1568735738045
1568735738058
1568735738070
1568735738084
1568735738096
1568735738108
1568735738120
1568735738132
1568735738146
1568735738159
1568735738172
1568735738185
1568735738199
1568735738214
1568735738228
1568735738242
1568735738254
1568735738267
1568735738280
1568735738293
1568735738305
1568735738317
1568735738329
1568735738342
1568735738353
1568735738365
1568735738379
1568735738391
1568735738404
1568735738417
1568735738430
1568735738442
1568735738454
1568735738465
1568735738476
1568735738488
1568735738501
1568735738515
1568735738527
1568735738539
1568735738550
1568735738563
1568735738575
1568735738588
1568735738600
1568735738612
1568735738624
1568735738635
1568735738647
1568735738661
1568735738673
1568735738685
1568735738697
1568735738708
1568735738720
1568735738733
1568735738746
1568735738758
1568735738771
1568735738783
1568735738797
1568735738810
1568735738823
1568735738836
1568735738848
1568735738861
1568735738873
1568735738886
1568735738898
1568735738910
1568735738922
1568735738934
1568735738948
1568735738962
1568735738974
1568735738987
1568735739000
1568735739013
1568735739025
1568735739038
1568735739051
1568735739065
1568735739078
1568735739091
1568735739104
1568735739118
1568735739131
1568735739145
1568735739158
1568735739171
1568735739184
1568735739197
1568735739211
1568735739224
1568735739238
1568735739252
1568735739266
1568735739279
1568735739292
1568735739306
1568735739318
1568735739331
1568735739344
1568735739358
1568735739371
1568735739384
1568735739397
1568735739411
1568735739424
1568735739437
1568735739450
1568735739463
1568735739477
1568735739490
1568735739503
1568735739515
1568735739529
1568735739542
1568735739555
1568735739568
1568735739581
1568735739595
1568735739607
1568735739620
1568735739633
1568735739646
1568735739658
1568735739671
1568735739683
1568735739696
1568735739708
1568735739719
1568735739733
1568735739748
1568735739760
1568735739773
1568735739787
1568735739801
