1568218148773
1568218148786
1568218148799
1568218148812
1568218148824
1568218148836
1568218148848
1568218148861
1568218148873
1568218148885
1568218148897
1568218148910
1568218148922
1568218148935
1568218148947
1568218148960
1568218148972
1568218148985
1568218148997
1568218149010
1568218149022
1568218149035
1568218149048
1568218149060
1568218149073
1568218149086
1568218149098
1568218149111
1568218149124
1568218149136
1568218149148
1568218149160
1568218149176
1568218149188
1568218149201
1568218149214
1568218149226
1568218149240
1568218149253
1568218149268
1568218149281
1568218149294
1568218149307
1568218149320
1568218149333
1568218149346
1568218149359
1568218149371
1568218149384
1568218149398
1568218149412
1568218149425
1568218149437
1568218149451
1568218149464
1568218149478
1568218149490
1568218149504
1568218149517
1568218149530
1568218149543
1568218149557
1568218149570
1568218149583
1568218149596
1568218149609
1568218149622
1568218149636
1568218149649
1568218149662
1568218149675
1568218149688
1568218149702
1568218149716
1568218149729
1568218149744
1568218149757
1568218149771
1568218149784
1568218149798
1568218149812
1568218149826
1568218149839
1568218149853
1568218149866
1568218149880
1568218149894
1568218149908
1568218149922
1568218149935
1568218149949
1568218149962
1568218149975
1568218149989
1568218150002
1568218150015
1568218150029
1568218150043
1568218150058
1568218150071
1568218150085
1568218150099
1568218150112
1568218150125
1568218150138
1568218150152
1568218150165
1568218150179
1568218150192
1568218150207
1568218150221
1568218150234
1568218150248
1568218150262
1568218150275
1568218150288
1568218150302
1568218150315
1568218150327
1568218150340
1568218150352
1568218150366
1568218150378
1568218150391
1568218150403
1568218150416
1568218150428
1568218150441
1568218150454
1568218150466
1568218150479
1568218150491
1568218150504
1568218150517
1568218150529
1568218150542
1568218150555
1568218150568
1568218150580
1568218150592
1568218150604
1568218150617
1568218150630
1568218150643
1568218150655
1568218150669
1568218150682
1568218150695
1568218150707
1568218150720
