1568218164595
1568218164608
1568218164622
1568218164634
1568218164647
1568218164660
1568218164673
1568218164686
1568218164698
1568218164711
1568218164723
1568218164735
1568218164747
1568218164760
1568218164772
1568218164784
1568218164797
1568218164809
1568218164822
1568218164834
1568218164845
1568218164857
1568218164869
1568218164881
1568218164893
1568218164907
1568218164919
1568218164932
1568218164945
1568218164958
1568218164970
1568218164983
1568218164996
1568218165010
1568218165022
1568218165036
1568218165049
1568218165063
1568218165076
1568218165089
1568218165102
1568218165116
1568218165129
1568218165142
1568218165156
1568218165169
1568218165182
1568218165195
1568218165208
1568218165222
1568218165236
1568218165249
1568218165262
1568218165275
1568218165288
1568218165301
1568218165314
1568218165327
1568218165340
1568218165354
1568218165367
1568218165381
1568218165394
1568218165408
1568218165420
1568218165433
1568218165446
1568218165460
1568218165472
1568218165486
1568218165499
1568218165513
1568218165526
1568218165540
1568218165553
1568218165569
1568218165582
1568218165596
1568218165609
1568218165623
1568218165637
1568218165650
1568218165666
1568218165679
1568218165693
1568218165707
1568218165721
1568218165735
1568218165749
1568218165763
1568218165776
1568218165790
1568218165803
1568218165817
1568218165830
1568218165844
1568218165857
1568218165871
1568218165885
1568218165899
1568218165913
1568218165927
1568218165939
1568218165953
1568218165967
1568218165981
1568218165994
1568218166006
1568218166020
1568218166034
1568218166047
1568218166061
1568218166075
1568218166089
1568218166103
1568218166117
1568218166130
1568218166144
1568218166157
1568218166171
1568218166184
1568218166198
1568218166211
1568218166225
1568218166237
1568218166249
1568218166261
1568218166273
1568218166285
1568218166298
1568218166310
1568218166322
1568218166334
1568218166347
1568218166360
1568218166372
1568218166385
1568218166398
1568218166410
1568218166423
1568218166435
1568218166447
1568218166460
1568218166473
1568218166485
1568218166499
1568218166511
1568218166524
1568218166536
1568218166549
