1568218162974
1568218162987
1568218163000
1568218163013
1568218163025
1568218163037
1568218163049
1568218163062
1568218163074
1568218163087
1568218163099
1568218163112
1568218163125
1568218163140
1568218163156
1568218163171
1568218163184
1568218163197
1568218163210
1568218163222
1568218163235
1568218163248
1568218163260
1568218163273
1568218163285
1568218163299
1568218163311
1568218163324
1568218163337
1568218163349
1568218163361
1568218163374
1568218163386
1568218163398
1568218163411
1568218163423
1568218163436
1568218163450
1568218163463
1568218163476
1568218163489
1568218163502
1568218163514
1568218163527
1568218163539
1568218163552
1568218163565
1568218163583
1568218163597
1568218163612
1568218163625
1568218163640
1568218163653
1568218163666
1568218163678
1568218163690
1568218163702
1568218163715
1568218163727
1568218163740
1568218163753
1568218163768
1568218163781
1568218163794
1568218163807
1568218163821
1568218163834
1568218163847
1568218163859
1568218163872
1568218163885
1568218163898
1568218163911
1568218163925
1568218163938
1568218163953
1568218163966
1568218163980
1568218163992
1568218164006
1568218164019
1568218164033
1568218164046
1568218164059
1568218164071
1568218164086
1568218164100
1568218164114
1568218164128
1568218164141
1568218164155
1568218164169
1568218164183
1568218164198
1568218164211
1568218164225
1568218164238
1568218164253
1568218164267
1568218164281
1568218164294
1568218164307
1568218164321
1568218164335
1568218164348
1568218164361
1568218164374
1568218164387
1568218164400
1568218164414
1568218164428
1568218164440
1568218164453
1568218164467
1568218164480
1568218164493
1568218164506
1568218164519
1568218164532
1568218164546
1568218164559
1568218164572
1568218164586
1568218164598
1568218164610
1568218164622
1568218164635
1568218164647
1568218164660
1568218164672
1568218164685
1568218164698
1568218164712
1568218164725
1568218164738
1568218164751
1568218164763
1568218164775
1568218164788
1568218164800
1568218164812
1568218164825
1568218164837
1568218164850
1568218164862
1568218164875
1568218164887
1568218164900
1568218164912
1568218164925
