1568218155003
1568218155016
1568218155030
1568218155042
1568218155054
1568218155066
1568218155078
1568218155090
1568218155102
1568218155115
1568218155127
1568218155139
1568218155151
1568218155165
1568218155178
1568218155191
1568218155203
1568218155216
1568218155228
1568218155240
1568218155253
1568218155266
1568218155279
1568218155291
1568218155304
1568218155317
1568218155330
1568218155343
1568218155355
1568218155368
1568218155380
1568218155393
1568218155406
1568218155420
1568218155433
1568218155447
1568218155460
1568218155475
1568218155487
1568218155500
1568218155513
1568218155526
1568218155539
1568218155553
1568218155566
1568218155578
1568218155594
1568218155607
1568218155619
1568218155634
1568218155647
1568218155661
1568218155674
1568218155688
1568218155701
1568218155715
1568218155728
1568218155743
1568218155756
1568218155769
1568218155782
1568218155796
1568218155809
1568218155822
1568218155835
1568218155848
1568218155861
1568218155874
1568218155888
1568218155901
1568218155914
1568218155926
1568218155940
1568218155954
1568218155966
1568218155981
1568218155994
1568218156008
1568218156021
1568218156035
1568218156048
1568218156063
1568218156076
1568218156089
1568218156103
1568218156117
1568218156131
1568218156145
1568218156158
1568218156172
1568218156186
1568218156199
1568218156213
1568218156227
1568218156241
1568218156255
1568218156269
1568218156284
1568218156298
1568218156312
1568218156326
1568218156340
1568218156354
1568218156368
1568218156382
1568218156395
1568218156408
1568218156422
1568218156436
1568218156451
1568218156465
1568218156479
1568218156493
1568218156507
1568218156521
1568218156534
1568218156548
1568218156561
1568218156574
1568218156588
1568218156602
1568218156615
1568218156627
1568218156640
1568218156653
1568218156666
1568218156678
1568218156690
1568218156703
1568218156715
1568218156728
1568218156740
1568218156752
1568218156766
1568218156778
1568218156791
1568218156804
1568218156817
1568218156829
1568218156842
1568218156854
1568218156868
1568218156881
1568218156893
1568218156906
1568218156919
1568218156932
1568218156945
1568218156958
1568218156970
