1568218139565
1568218139578
1568218139591
1568218139603
1568218139615
1568218139627
1568218139639
1568218139650
1568218139663
1568218139675
1568218139687
1568218139700
1568218139712
1568218139725
1568218139737
1568218139749
1568218139762
1568218139774
1568218139786
1568218139799
1568218139811
1568218139823
1568218139835
1568218139847
1568218139859
1568218139873
1568218139886
1568218139899
1568218139912
1568218139925
1568218139937
1568218139949
1568218139962
1568218139974
1568218139986
1568218140000
1568218140013
1568218140027
1568218140039
1568218140053
1568218140066
1568218140079
1568218140091
1568218140104
1568218140117
1568218140130
1568218140142
1568218140155
1568218140168
1568218140181
1568218140194
1568218140207
1568218140220
1568218140233
1568218140245
1568218140258
1568218140271
1568218140283
1568218140296
1568218140309
1568218140321
1568218140335
1568218140348
1568218140361
1568218140373
1568218140387
1568218140399
1568218140412
1568218140425
1568218140438
1568218140450
1568218140464
1568218140478
1568218140491
1568218140505
1568218140518
1568218140531
1568218140545
1568218140558
1568218140572
1568218140585
1568218140599
1568218140613
1568218140626
1568218140639
1568218140654
1568218140669
1568218140682
1568218140696
1568218140709
1568218140723
1568218140737
1568218140751
1568218140764
1568218140777
1568218140791
1568218140804
1568218140819
1568218140833
1568218140847
1568218140861
1568218140875
1568218140888
1568218140902
1568218140916
1568218140929
1568218140943
1568218140957
1568218140971
1568218140985
1568218140999
1568218141013
1568218141027
1568218141040
1568218141053
1568218141066
1568218141078
1568218141090
1568218141102
1568218141114
1568218141126
1568218141139
1568218141151
1568218141163
1568218141176
1568218141188
1568218141200
1568218141213
1568218141225
1568218141237
1568218141249
1568218141262
1568218141274
1568218141287
1568218141300
1568218141313
1568218141325
1568218141338
1568218141350
1568218141363
1568218141375
1568218141389
1568218141402
1568218141415
1568218141428
1568218141441
1568218141454
1568218141467
1568218141480
1568218141493
