1568218174264
1568218174277
1568218174290
1568218174302
1568218174314
1568218174326
1568218174338
1568218174350
1568218174361
1568218174373
1568218174385
1568218174397
1568218174409
1568218174421
1568218174433
1568218174445
1568218174458
1568218174470
1568218174482
1568218174494
1568218174506
1568218174518
1568218174530
1568218174541
1568218174553
1568218174566
1568218174578
1568218174591
1568218174604
1568218174616
1568218174628
1568218174642
1568218174655
1568218174668
1568218174681
1568218174694
1568218174707
1568218174721
1568218174734
1568218174746
1568218174759
1568218174771
1568218174783
1568218174795
1568218174807
1568218174819
1568218174832
1568218174845
1568218174857
1568218174870
1568218174882
1568218174894
1568218174907
1568218174920
1568218174933
1568218174946
1568218174959
1568218174972
1568218174985
1568218174998
1568218175011
1568218175025
1568218175038
1568218175051
1568218175064
1568218175076
1568218175089
1568218175102
1568218175114
1568218175127
1568218175140
1568218175153
1568218175165
1568218175179
1568218175191
1568218175204
1568218175216
1568218175229
1568218175241
1568218175255
1568218175269
1568218175282
1568218175294
1568218175306
1568218175318
1568218175331
1568218175343
1568218175354
1568218175365
1568218175378
1568218175390
1568218175403
1568218175414
1568218175426
1568218175438
1568218175450
1568218175462
1568218175475
1568218175486
1568218175498
1568218175510
1568218175522
1568218175534
1568218175546
1568218175558
1568218175570
1568218175582
1568218175594
1568218175606
1568218175618
1568218175630
1568218175642
1568218175654
1568218175666
1568218175677
1568218175689
1568218175701
1568218175713
1568218175725
1568218175736
1568218175748
1568218175762
1568218175774
1568218175787
1568218175798
1568218175812
1568218175824
1568218175836
1568218175847
1568218175859
1568218175871
1568218175883
1568218175894
1568218175907
1568218175918
1568218175930
1568218175942
1568218175953
1568218175965
1568218175977
1568218175988
1568218176000
1568218176012
1568218176024
1568218176036
1568218176049
1568218176061
1568218176073
1568218176085
1568218176097
