1568218166218
1568218166231
1568218166245
1568218166258
1568218166269
1568218166282
1568218166294
1568218166306
1568218166318
1568218166331
1568218166343
1568218166355
1568218166367
1568218166380
1568218166393
1568218166405
1568218166418
1568218166431
1568218166442
1568218166454
1568218166466
1568218166479
1568218166491
1568218166504
1568218166516
1568218166529
1568218166541
1568218166554
1568218166567
1568218166579
1568218166591
1568218166604
1568218166617
1568218166630
1568218166643
1568218166656
1568218166670
1568218166684
1568218166697
1568218166710
1568218166723
1568218166737
1568218166749
1568218166762
1568218166775
1568218166789
1568218166801
1568218166814
1568218166828
1568218166841
1568218166855
1568218166869
1568218166881
1568218166894
1568218166907
1568218166921
1568218166934
1568218166947
1568218166960
1568218166973
1568218166986
1568218166999
1568218167013
1568218167026
1568218167039
1568218167051
1568218167064
1568218167077
1568218167090
1568218167103
1568218167115
1568218167129
1568218167142
1568218167157
1568218167170
1568218167183
1568218167198
1568218167212
1568218167225
1568218167238
1568218167252
1568218167266
1568218167279
1568218167293
1568218167306
1568218167320
1568218167334
1568218167348
1568218167361
1568218167374
1568218167387
1568218167401
1568218167414
1568218167427
1568218167440
1568218167453
1568218167467
1568218167481
1568218167495
1568218167509
1568218167522
1568218167536
1568218167550
1568218167564
1568218167577
1568218167590
1568218167603
1568218167617
1568218167630
1568218167645
1568218167658
1568218167672
1568218167685
1568218167699
1568218167712
1568218167726
1568218167739
1568218167753
1568218167766
1568218167780
1568218167794
1568218167807
1568218167821
1568218167834
1568218167847
1568218167860
1568218167873
1568218167886
1568218167898
1568218167911
1568218167923
1568218167936
1568218167949
1568218167962
1568218167975
1568218167989
1568218168001
1568218168014
1568218168026
1568218168039
1568218168051
1568218168063
1568218168076
1568218168089
1568218168102
1568218168115
1568218168128
1568218168140
1568218168153
1568218168165
