1568993628002
1568993628016
1568993628031
1568993628044
1568993628057
1568993628071
1568993628084
1568993628097
1568993628110
1568993628123
1568993628135
1568993628147
1568993628163
1568993628177
1568993628190
1568993628202
1568993628214
1568993628226
1568993628239
1568993628252
1568993628264
1568993628278
1568993628291
1568993628304
1568993628317
1568993628333
1568993628347
1568993628360
1568993628372
1568993628384
1568993628396
1568993628409
1568993628421
1568993628433
1568993628445
1568993628456
1568993628469
1568993628482
1568993628494
1568993628507
1568993628521
1568993628535
1568993628548
1568993628562
1568993628575
1568993628590
1568993628604
1568993628618
1568993628631
1568993628644
1568993628656
1568993628668
1568993628680
1568993628693
1568993628707
1568993628723
1568993628736
1568993628750
1568993628762
1568993628776
1568993628789
1568993628802
1568993628815
1568993628828
1568993628839
1568993628851
1568993628864
1568993628876
1568993628888
1568993628901
1568993628913
1568993628924
1568993628937
1568993628950
1568993628962
1568993628974
1568993628987
1568993629000
1568993629013
1568993629027
1568993629040
1568993629053
1568993629067
1568993629080
1568993629093
1568993629107
1568993629120
1568993629133
1568993629147
1568993629160
1568993629173
1568993629186
1568993629200
1568993629214
1568993629228
1568993629242
1568993629256
1568993629269
1568993629318
1568993629371
1568993629404
1568993629430
1568993629450
1568993629468
1568993629485
1568993629500
1568993629515
1568993629529
1568993629541
1568993629555
1568993629567
1568993629581
1568993629594
1568993629607
1568993629619
1568993629633
1568993629646
1568993629659
1568993629671
1568993629683
1568993629696
1568993629711
1568993629724
1568993629737
1568993629750
1568993629762
1568993629774
1568993629786
1568993629797
1568993629809
1568993629821
1568993629833
1568993629848
1568993629862
1568993629875
1568993629889
1568993629901
1568993629913
1568993629925
1568993629938
1568993629951
1568993629964
1568993629976
1568993629988
1568993630002
1568993630017
1568993630029
1568993630041
1568993630054
1568993630067
