1568993589214
1568993589228
1568993589242
1568993589254
1568993589266
1568993589278
1568993589291
1568993589303
1568993589314
1568993589327
1568993589338
1568993589350
1568993589362
1568993589375
1568993589387
1568993589400
1568993589412
1568993589424
1568993589435
1568993589447
1568993589459
1568993589470
1568993589482
1568993589493
1568993589505
1568993589518
1568993589533
1568993589546
1568993589558
1568993589571
1568993589582
1568993589595
1568993589608
1568993589621
1568993589634
1568993589647
1568993589660
1568993589674
1568993589687
1568993589700
1568993589712
1568993589725
1568993589738
1568993589751
1568993589764
1568993589778
1568993589791
1568993589805
1568993589818
1568993589832
1568993589845
1568993589858
1568993589872
1568993589885
1568993589897
1568993589910
1568993589922
1568993589935
1568993589947
1568993589959
1568993589970
1568993589984
1568993589996
1568993590009
1568993590022
1568993590034
1568993590047
1568993590059
1568993590071
1568993590082
1568993590094
1568993590107
1568993590119
1568993590132
1568993590145
1568993590157
1568993590170
1568993590183
1568993590195
1568993590208
1568993590221
1568993590233
1568993590245
1568993590258
1568993590271
1568993590284
1568993590298
1568993590311
1568993590323
1568993590336
1568993590348
1568993590362
1568993590374
1568993590388
1568993590401
1568993590414
1568993590428
1568993590441
1568993590455
1568993590468
1568993590481
1568993590494
1568993590507
1568993590520
1568993590533
1568993590545
1568993590558
1568993590571
1568993590584
1568993590597
1568993590610
1568993590623
1568993590636
1568993590648
1568993590661
1568993590674
1568993590686
1568993590699
1568993590712
1568993590725
1568993590738
1568993590751
1568993590764
1568993590778
1568993590790
1568993590803
1568993590815
1568993590828
1568993590840
1568993590853
1568993590865
1568993590877
1568993590889
1568993590901
1568993590913
1568993590925
1568993590936
1568993590949
1568993590960
1568993590973
1568993590985
1568993590996
1568993591007
1568993591019
1568993591030
1568993591042
1568993591054
1568993591066
1568993591078
1568993591089
