1568993597074
1568993597086
1568993597099
1568993597111
1568993597123
1568993597134
1568993597146
1568993597157
1568993597168
1568993597179
1568993597191
1568993597202
1568993597214
1568993597226
1568993597238
1568993597250
1568993597261
1568993597274
1568993597286
1568993597298
1568993597310
1568993597323
1568993597334
1568993597346
1568993597358
1568993597371
1568993597384
1568993597397
1568993597410
1568993597423
1568993597435
1568993597448
1568993597460
1568993597473
1568993597485
1568993597497
1568993597510
1568993597523
1568993597536
1568993597549
1568993597562
1568993597574
1568993597587
1568993597599
1568993597612
1568993597624
1568993597637
1568993597648
1568993597660
1568993597674
1568993597686
1568993597699
1568993597711
1568993597724
1568993597736
1568993597749
1568993597761
1568993597773
1568993597785
1568993597797
1568993597810
1568993597823
1568993597836
1568993597848
1568993597862
1568993597875
1568993597887
1568993597899
1568993597911
1568993597923
1568993597936
1568993597949
1568993597961
1568993597974
1568993597987
1568993597999
1568993598011
1568993598023
1568993598035
1568993598047
1568993598060
1568993598072
1568993598084
1568993598096
1568993598109
1568993598123
1568993598134
1568993598146
1568993598158
1568993598171
1568993598183
1568993598196
1568993598208
1568993598221
1568993598233
1568993598246
1568993598258
1568993598273
1568993598286
1568993598298
1568993598311
1568993598323
1568993598335
1568993598348
1568993598360
1568993598374
1568993598387
1568993598401
1568993598414
1568993598428
1568993598441
1568993598454
1568993598467
1568993598480
1568993598493
1568993598505
1568993598518
1568993598530
1568993598542
1568993598555
1568993598568
1568993598581
1568993598595
1568993598607
1568993598621
1568993598634
1568993598646
1568993598658
1568993598670
1568993598681
1568993598693
1568993598706
1568993598718
1568993598731
1568993598743
1568993598755
1568993598766
1568993598780
1568993598791
1568993598804
1568993598816
1568993598828
1568993598840
1568993598853
1568993598865
1568993598877
1568993598890
1568993598903
1568993598916
1568993598929
