1568993611038
1568993611050
1568993611064
1568993611077
1568993611091
1568993611104
1568993611117
1568993611129
1568993611140
1568993611152
1568993611164
1568993611176
1568993611187
1568993611199
1568993611211
1568993611225
1568993611238
1568993611251
1568993611264
1568993611277
1568993611289
1568993611301
1568993611314
1568993611327
1568993611341
1568993611355
1568993611367
1568993611381
1568993611394
1568993611407
1568993611420
1568993611433
1568993611444
1568993611457
1568993611471
1568993611483
1568993611496
1568993611509
1568993611522
1568993611535
1568993611548
1568993611560
1568993611572
1568993611585
1568993611599
1568993611611
1568993611623
1568993611635
1568993611648
1568993611661
1568993611674
1568993611687
1568993611701
1568993611715
1568993611726
1568993611739
1568993611752
1568993611764
1568993611776
1568993611788
1568993611800
1568993611813
1568993611826
1568993611838
1568993611850
1568993611863
1568993611876
1568993611889
1568993611902
1568993611915
1568993611928
1568993611941
1568993611954
1568993611968
1568993611981
1568993611994
1568993612007
1568993612020
1568993612032
1568993612045
1568993612058
1568993612072
1568993612084
1568993612097
1568993612111
1568993612125
1568993612138
1568993612150
1568993612163
1568993612177
1568993612190
1568993612204
1568993612216
1568993612230
1568993612243
1568993612257
1568993612270
1568993612284
1568993612297
1568993612311
1568993612324
1568993612337
1568993612350
1568993612363
1568993612376
1568993612390
1568993612403
1568993612416
1568993612429
1568993612443
1568993612455
1568993612468
1568993612481
1568993612494
1568993612508
1568993612521
1568993612533
1568993612546
1568993612558
1568993612572
1568993612586
1568993612600
1568993612614
1568993612627
1568993612639
1568993612651
1568993612664
1568993612677
1568993612690
1568993612703
1568993612715
1568993612728
1568993612741
1568993612755
1568993612767
1568993612779
1568993612792
1568993612807
1568993612820
1568993612834
1568993612846
1568993612859
1568993612871
1568993612883
1568993612895
1568993612907
1568993612921
1568993612935
1568993612948
1568993612961
