1568993623243
1568993623255
1568993623268
1568993623282
1568993623295
1568993623307
1568993623320
1568993623333
1568993623345
1568993623358
1568993623373
1568993623385
1568993623397
1568993623410
1568993623421
1568993623433
1568993623444
1568993623456
1568993623468
1568993623499
1568993623511
1568993623523
1568993623536
1568993623548
1568993623561
1568993623576
1568993623590
1568993623602
1568993623622
1568993623632
1568993623645
1568993623659
1568993623672
1568993623684
1568993623696
1568993623710
1568993623723
1568993623736
1568993623749
1568993623762
1568993623776
1568993623789
1568993623801
1568993623814
1568993623825
1568993623837
1568993623849
1568993623862
1568993623874
1568993623887
1568993623899
1568993623910
1568993623924
1568993623938
1568993623954
1568993623966
1568993623978
1568993623994
1568993624006
1568993624019
1568993624034
1568993624047
1568993624060
1568993624073
1568993624087
1568993624102
1568993624116
1568993624130
1568993624144
1568993624159
1568993624175
1568993624189
1568993624202
1568993624215
1568993624228
1568993624240
1568993624253
1568993624265
1568993624278
1568993624291
1568993624303
1568993624317
1568993624330
1568993624342
1568993624355
1568993624368
1568993624382
1568993624396
1568993624409
1568993624423
1568993624435
1568993624448
1568993624461
1568993624474
1568993624487
1568993624500
1568993624514
1568993624528
1568993624541
1568993624554
1568993624605
1568993624651
1568993624686
1568993624712
1568993624732
1568993624749
1568993624766
1568993624781
1568993624795
1568993624811
1568993624824
1568993624838
1568993624850
1568993624863
1568993624877
1568993624890
1568993624903
1568993624915
1568993624929
1568993624942
1568993624955
1568993624968
1568993624980
1568993624993
1568993625007
1568993625020
1568993625032
1568993625045
1568993625058
1568993625071
1568993625083
1568993625095
1568993625108
1568993625121
1568993625135
1568993625149
1568993625162
1568993625175
1568993625188
1568993625201
1568993625212
1568993625224
1568993625236
1568993625250
1568993625263
1568993625277
1568993625291
1568993625304
1568993625319
1568993625333
