1568993635973
1568993635987
1568993636003
1568993636017
1568993636030
1568993636043
1568993636057
1568993636070
1568993636082
1568993636095
1568993636109
1568993636122
1568993636135
1568993636148
1568993636161
1568993636175
1568993636187
1568993636200
1568993636214
1568993636228
1568993636241
1568993636254
1568993636267
1568993636281
1568993636295
1568993636308
1568993636322
1568993636335
1568993636348
1568993636362
1568993636375
1568993636388
1568993636403
1568993636416
1568993636428
1568993636441
1568993636454
1568993636467
1568993636480
1568993636492
1568993636505
1568993636516
1568993636528
1568993636541
1568993636554
1568993636566
1568993636578
1568993636590
1568993636601
1568993636614
1568993636627
1568993636641
1568993636654
1568993636667
1568993636681
1568993636693
1568993636705
1568993636717
1568993636730
1568993636743
1568993636756
1568993636769
1568993636782
1568993636795
1568993636808
1568993636820
1568993636831
1568993636843
1568993636856
1568993636868
1568993636881
1568993636894
1568993636907
1568993636920
1568993636933
1568993636947
1568993636959
1568993636972
1568993636984
1568993636998
1568993637012
1568993637028
1568993637042
1568993637056
1568993637072
1568993637088
1568993637106
1568993637124
1568993637140
1568993637156
1568993637171
1568993637186
1568993637201
1568993637216
1568993637231
1568993637247
1568993637262
1568993637279
1568993637294
1568993637311
1568993637331
1568993637348
1568993637363
1568993637378
1568993637391
1568993637406
1568993637419
1568993637433
1568993637447
1568993637461
1568993637476
1568993637489
1568993637502
1568993637515
1568993637532
1568993637548
1568993637562
1568993637598
1568993637663
1568993637697
1568993637724
1568993637747
1568993637765
1568993637781
1568993637795
1568993637808
1568993637821
1568993637833
1568993637844
1568993637856
1568993637867
1568993637879
1568993637892
1568993637906
1568993637920
1568993637935
1568993637949
1568993637964
1568993637976
1568993637988
1568993637999
1568993638011
1568993638025
1568993638039
1568993638053
1568993638066
1568993638078
1568993638091
1568993638105
1568993638118
