1568134510382
1568134510395
1568134510409
1568134510422
1568134510435
1568134510450
1568134510463
1568134510475
1568134510487
1568134510499
1568134510511
1568134510524
1568134510537
1568134510550
1568134510562
1568134510574
1568134510587
1568134510599
1568134510611
1568134510624
1568134510636
1568134510649
1568134510661
1568134510674
1568134510689
1568134510703
1568134510717
1568134510729
1568134510740
1568134510753
1568134510765
1568134510777
1568134510789
1568134510802
1568134510814
1568134510827
1568134510840
1568134510854
1568134510868
1568134510882
1568134510895
1568134510909
1568134510922
1568134510934
1568134510946
1568134510958
1568134510969
1568134510982
1568134510995
1568134511008
1568134511021
1568134511033
1568134511045
1568134511057
1568134511070
1568134511081
1568134511093
1568134511106
1568134511118
1568134511130
1568134511143
1568134511157
1568134511170
1568134511183
1568134511196
1568134511209
1568134511219
1568134511231
1568134511243
1568134511254
1568134511265
1568134511276
1568134511288
1568134511300
1568134511311
1568134511323
1568134511335
1568134511348
1568134511361
1568134511373
1568134511386
1568134511399
1568134511412
1568134511425
1568134511438
1568134511451
1568134511463
1568134511476
1568134511488
1568134511501
1568134511514
1568134511527
1568134511540
1568134511553
1568134511566
1568134511579
1568134511592
1568134511606
1568134511620
1568134511633
1568134511646
1568134511659
1568134511672
1568134511685
1568134511698
1568134511712
1568134511725
1568134511738
1568134511751
1568134511766
1568134511780
1568134511794
1568134511808
1568134511821
1568134511835
1568134511849
1568134511863
1568134511877
1568134511889
1568134511902
1568134511915
1568134511929
1568134511942
1568134511955
1568134511968
1568134511981
1568134511994
1568134512007
1568134512020
1568134512033
1568134512046
1568134512059
1568134512074
1568134512088
1568134512104
1568134512117
1568134512129
1568134512142
1568134512154
1568134512168
1568134512180
1568134512194
1568134512208
1568134512221
1568134512235
1568134512249
1568134512262
1568134512276
1568134512290
1568134512303
