1568134490195
1568134490206
1568134490220
1568134490233
1568134490245
1568134490256
1568134490270
1568134490282
1568134490293
1568134490305
1568134490317
1568134490330
1568134490343
1568134490356
1568134490369
1568134490381
1568134490393
1568134490405
1568134490416
1568134490429
1568134490441
1568134490453
1568134490465
1568134490478
1568134490491
1568134490505
1568134490518
1568134490529
1568134490541
1568134490554
1568134490566
1568134490578
1568134490591
1568134490603
1568134490615
1568134490627
1568134490641
1568134490653
1568134490666
1568134490679
1568134490691
1568134490704
1568134490716
1568134490729
1568134490741
1568134490752
1568134490764
1568134490776
1568134490789
1568134490803
1568134490815
1568134490828
1568134490840
1568134490853
1568134490864
1568134490877
1568134490890
1568134490903
1568134490915
1568134490928
1568134490941
1568134490954
1568134490967
1568134490980
1568134490992
1568134491005
1568134491018
1568134491032
1568134491044
1568134491055
1568134491067
1568134491080
1568134491093
1568134491106
1568134491119
1568134491133
1568134491145
1568134491158
1568134491171
1568134491183
1568134491196
1568134491208
1568134491221
1568134491232
1568134491245
1568134491258
1568134491270
1568134491283
1568134491295
1568134491308
1568134491320
1568134491332
1568134491344
1568134491356
1568134491369
1568134491381
1568134491393
1568134491407
1568134491420
1568134491433
1568134491446
1568134491458
1568134491471
1568134491482
1568134491494
1568134491507
1568134491519
1568134491531
1568134491544
1568134491558
1568134491570
1568134491584
1568134491597
1568134491610
1568134491623
1568134491636
1568134491649
1568134491662
1568134491675
1568134491688
1568134491701
1568134491713
1568134491726
1568134491739
1568134491751
1568134491764
1568134491777
1568134491790
1568134491803
1568134491816
1568134491829
1568134491842
1568134491855
1568134491869
1568134491881
1568134491893
1568134491906
1568134491918
1568134491930
1568134491942
1568134491955
1568134491968
1568134491981
1568134491993
1568134492007
1568134492021
1568134492034
1568134492046
1568134492058
1568134492071
