1568134483394
1568134483406
1568134483419
1568134483429
1568134483441
1568134483452
1568134483463
1568134483474
1568134483485
1568134483498
1568134483509
1568134483520
1568134483532
1568134483545
1568134483557
1568134483569
1568134483580
1568134483592
1568134483604
1568134483616
1568134483627
1568134483639
1568134483652
1568134483665
1568134483677
1568134483691
1568134483703
1568134483716
1568134483728
1568134483740
1568134483751
1568134483764
1568134483776
1568134483789
1568134483800
1568134483812
1568134483825
1568134483838
1568134483851
1568134483863
1568134483875
1568134483888
1568134483901
1568134483913
1568134483925
1568134483938
1568134483951
1568134483963
1568134483976
1568134483989
1568134484001
1568134484013
1568134484026
1568134484038
1568134484051
1568134484063
1568134484074
1568134484087
1568134484099
1568134484112
1568134484126
1568134484140
1568134484153
1568134484176
1568134484197
1568134484210
1568134484222
1568134484234
1568134484247
1568134484260
1568134484272
1568134484285
1568134484299
1568134484312
1568134484325
1568134484338
1568134484350
1568134484363
1568134484375
1568134484388
1568134484401
1568134484413
1568134484425
1568134484438
1568134484450
1568134484463
1568134484475
1568134484488
1568134484500
1568134484513
1568134484525
1568134484538
1568134484550
1568134484563
1568134484575
1568134484587
1568134484600
1568134484613
1568134484625
1568134484642
1568134484656
1568134484676
1568134484690
1568134484710
1568134484729
1568134484776
1568134484790
1568134484813
1568134484828
1568134484875
1568134484890
1568134484905
1568134484952
1568134484971
1568134484995
1568134485011
1568134485056
1568134485073
1568134485088
1568134485137
1568134485151
1568134485184
1568134485196
1568134485209
1568134485222
1568134485234
1568134485246
1568134485258
1568134485270
1568134485283
1568134485295
1568134485307
1568134485319
1568134485332
1568134485343
1568134485355
1568134485367
1568134485380
1568134485391
1568134485403
1568134485414
1568134485426
1568134485438
1568134485451
1568134485463
1568134485475
1568134485487
1568134485499
1568134485511
1568134485523
