1568134517093
1568134517105
1568134517120
1568134517133
1568134517146
1568134517159
1568134517170
1568134517182
1568134517195
1568134517208
1568134517221
1568134517234
1568134517247
1568134517261
1568134517272
1568134517284
1568134517297
1568134517310
1568134517323
1568134517336
1568134517349
1568134517365
1568134517377
1568134517391
1568134517404
1568134517417
1568134517429
1568134517442
1568134517454
1568134517467
1568134517478
1568134517492
1568134517505
1568134517517
1568134517530
1568134517543
1568134517555
1568134517567
1568134517579
1568134517591
1568134517604
1568134517617
1568134517628
1568134517639
1568134517651
1568134517664
1568134517676
1568134517689
1568134517703
1568134517717
1568134517729
1568134517740
1568134517753
1568134517766
1568134517778
1568134517790
1568134517804
1568134517818
1568134517830
1568134517842
1568134517854
1568134517868
1568134517879
1568134517890
1568134517903
1568134517917
1568134517929
1568134517941
1568134517953
1568134517966
1568134517978
1568134517989
1568134518001
1568134518014
1568134518027
1568134518039
1568134518052
1568134518067
1568134518082
1568134518096
1568134518109
1568134518124
1568134518139
1568134518152
1568134518168
1568134518184
1568134518198
1568134518212
1568134518225
1568134518237
1568134518251
1568134518265
1568134518278
1568134518291
1568134518303
1568134518316
1568134518329
1568134518343
1568134518357
1568134518371
1568134518384
1568134518399
1568134518412
1568134518426
1568134518438
1568134518451
1568134518464
1568134518478
1568134518491
1568134518505
1568134518519
1568134518533
1568134518546
1568134518560
1568134518574
1568134518586
1568134518600
1568134518613
1568134518626
1568134518640
1568134518653
1568134518666
1568134518681
1568134518695
1568134518710
1568134518724
1568134518738
1568134518751
1568134518763
1568134518777
1568134518789
1568134518802
1568134518815
1568134518828
1568134518840
1568134518853
1568134518866
1568134518879
1568134518892
1568134518906
1568134518919
1568134518933
1568134518946
1568134518959
1568134518972
1568134518985
1568134518998
1568134519012
1568134519024
1568134519038
