1568134513745
1568134513759
1568134513774
1568134513787
1568134513800
1568134513812
1568134513825
1568134513838
1568134513851
1568134513865
1568134513879
1568134513892
1568134513906
1568134513920
1568134513934
1568134513947
1568134513960
1568134513977
1568134513989
1568134514002
1568134514016
1568134514029
1568134514041
1568134514054
1568134514068
1568134514081
1568134514094
1568134514106
1568134514118
1568134514130
1568134514144
1568134514157
1568134514169
1568134514182
1568134514193
1568134514205
1568134514217
1568134514230
1568134514243
1568134514255
1568134514268
1568134514280
1568134514291
1568134514303
1568134514316
1568134514329
1568134514341
1568134514354
1568134514366
1568134514379
1568134514390
1568134514403
1568134514416
1568134514429
1568134514441
1568134514454
1568134514466
1568134514476
1568134514488
1568134514502
1568134514515
1568134514528
1568134514541
1568134514554
1568134514566
1568134514578
1568134514592
1568134514604
1568134514616
1568134514629
1568134514641
1568134514655
1568134514668
1568134514680
1568134514693
1568134514706
1568134514719
1568134514731
1568134514744
1568134514756
1568134514768
1568134514781
1568134514794
1568134514806
1568134514820
1568134514834
1568134514848
1568134514861
1568134514874
1568134514887
1568134514899
1568134514912
1568134514926
1568134514939
1568134514952
1568134514966
1568134514980
1568134514995
1568134515007
1568134515020
1568134515033
1568134515047
1568134515060
1568134515073
1568134515086
1568134515100
1568134515113
1568134515126
1568134515139
1568134515153
1568134515166
1568134515179
1568134515192
1568134515205
1568134515219
1568134515232
1568134515246
1568134515260
1568134515273
1568134515285
1568134515298
1568134515312
1568134515327
1568134515341
1568134515354
1568134515367
1568134515380
1568134515395
1568134515408
1568134515421
1568134515433
1568134515447
1568134515461
1568134515474
1568134515487
1568134515501
1568134515514
1568134515527
1568134515540
1568134515554
1568134515566
1568134515579
1568134515591
1568134515604
1568134515618
1568134515633
1568134515646
1568134515659
1568134515673
1568134515687
