1568134498737
1568134498750
1568134498767
1568134498779
1568134498790
1568134498803
1568134498815
1568134498827
1568134498838
1568134498850
1568134498863
1568134498874
1568134498886
1568134498899
1568134498911
1568134498923
1568134498935
1568134498948
1568134498961
1568134498974
1568134498987
1568134499000
1568134499014
1568134499027
1568134499040
1568134499052
1568134499066
1568134499079
1568134499091
1568134499103
1568134499113
1568134499127
1568134499140
1568134499152
1568134499164
1568134499176
1568134499188
1568134499200
1568134499213
1568134499225
1568134499237
1568134499250
1568134499263
1568134499275
1568134499287
1568134499298
1568134499310
1568134499322
1568134499335
1568134499349
1568134499362
1568134499374
1568134499387
1568134499399
1568134499410
1568134499423
1568134499436
1568134499448
1568134499461
1568134499474
1568134499486
1568134499499
1568134499511
1568134499522
1568134499534
1568134499546
1568134499559
1568134499573
1568134499585
1568134499597
1568134499608
1568134499620
1568134499633
1568134499646
1568134499659
1568134499673
1568134499685
1568134499697
1568134499710
1568134499723
1568134499735
1568134499747
1568134499758
1568134499771
1568134499784
1568134499797
1568134499809
1568134499821
1568134499833
1568134499846
1568134499858
1568134499871
1568134499883
1568134499897
1568134499909
1568134499922
1568134499934
1568134499947
1568134499961
1568134499974
1568134499987
1568134499999
1568134500012
1568134500025
1568134500037
1568134500050
1568134500063
1568134500075
1568134500088
1568134500100
1568134500113
1568134500126
1568134500138
1568134500150
1568134500163
1568134500176
1568134500189
1568134500203
1568134500215
1568134500229
1568134500242
1568134500256
1568134500268
1568134500282
1568134500295
1568134500307
1568134500321
1568134500333
1568134500346
1568134500360
1568134500373
1568134500387
1568134500400
1568134500413
1568134500425
1568134500438
1568134500452
1568134500465
1568134500477
1568134500489
1568134500502
1568134500515
1568134500528
1568134500540
1568134500554
1568134500567
1568134500580
1568134500593
1568134500606
1568134500619
