1568134525634
1568134525645
1568134525661
1568134525672
1568134525684
1568134525697
1568134525709
1568134525721
1568134525733
1568134525745
1568134525758
1568134525770
1568134525782
1568134525794
1568134525807
1568134525819
1568134525832
1568134525844
1568134525857
1568134525869
1568134525882
1568134525894
1568134525907
1568134525919
1568134525931
1568134525943
1568134525956
1568134525969
1568134525980
1568134525992
1568134526004
1568134526015
1568134526027
1568134526040
1568134526054
1568134526066
1568134526079
1568134526091
1568134526104
1568134526115
1568134526127
1568134526139
1568134526152
1568134526164
1568134526175
1568134526187
1568134526199
1568134526211
1568134526223
1568134526236
1568134526249
1568134526261
1568134526271
1568134526284
1568134526296
1568134526308
1568134526320
1568134526332
1568134526344
1568134526357
1568134526369
1568134526382
1568134526394
1568134526406
1568134526417
1568134526429
1568134526443
1568134526455
1568134526467
1568134526480
1568134526492
1568134526504
1568134526516
1568134526529
1568134526542
1568134526554
1568134526567
1568134526579
1568134526591
1568134526604
1568134526616
1568134526629
1568134526642
1568134526654
1568134526665
1568134526679
1568134526691
1568134526704
1568134526716
1568134526729
1568134526743
1568134526757
1568134526770
1568134526784
1568134526797
1568134526810
1568134526823
1568134526837
1568134526850
1568134526863
1568134526876
1568134526890
1568134526903
1568134526916
1568134526928
1568134526941
1568134526954
1568134526966
1568134526979
1568134526993
1568134527006
1568134527020
1568134527033
1568134527046
1568134527058
1568134527071
1568134527083
1568134527098
1568134527111
1568134527125
1568134527139
1568134527152
1568134527166
1568134527180
1568134527193
1568134527206
1568134527219
1568134527231
1568134527245
1568134527258
1568134527271
1568134527283
1568134527297
1568134527311
1568134527324
1568134527337
1568134527350
1568134527363
1568134527376
1568134527389
1568134527403
1568134527416
1568134527429
1568134527441
1568134527455
1568134527470
1568134527482
1568134527495
1568134527507
1568134527520
