1568134523924
1568134523936
1568134523952
1568134523965
1568134523978
1568134523991
1568134524004
1568134524017
1568134524029
1568134524042
1568134524055
1568134524068
1568134524082
1568134524096
1568134524109
1568134524123
1568134524137
1568134524152
1568134524168
1568134524183
1568134524197
1568134524211
1568134524224
1568134524238
1568134524251
1568134524265
1568134524278
1568134524291
1568134524303
1568134524316
1568134524330
1568134524342
1568134524356
1568134524370
1568134524383
1568134524396
1568134524408
1568134524420
1568134524433
1568134524447
1568134524460
1568134524473
1568134524485
1568134524498
1568134524511
1568134524523
1568134524534
1568134524547
1568134524560
1568134524574
1568134524586
1568134524598
1568134524610
1568134524622
1568134524635
1568134524646
1568134524658
1568134524671
1568134524682
1568134524694
1568134524707
1568134524720
1568134524731
1568134524744
1568134524757
1568134524770
1568134524782
1568134524795
1568134524808
1568134524821
1568134524834
1568134524846
1568134524858
1568134524870
1568134524883
1568134524896
1568134524909
1568134524921
1568134524933
1568134524946
1568134524958
1568134524971
1568134524984
1568134524998
1568134525012
1568134525025
1568134525038
1568134525051
1568134525064
1568134525077
1568134525090
1568134525104
1568134525117
1568134525130
1568134525143
1568134525156
1568134525170
1568134525184
1568134525197
1568134525211
1568134525224
1568134525238
1568134525250
1568134525263
1568134525276
1568134525289
1568134525302
1568134525315
1568134525329
1568134525343
1568134525357
1568134525370
1568134525382
1568134525396
1568134525408
1568134525421
1568134525434
1568134525449
1568134525462
1568134525475
1568134525487
1568134525500
1568134525514
1568134525528
1568134525542
1568134525556
1568134525566
1568134525580
1568134525593
1568134525605
1568134525619
1568134525630
1568134525642
1568134525655
1568134525668
1568134525681
1568134525694
1568134525708
1568134525721
1568134525734
1568134525747
1568134525760
1568134525773
1568134525785
1568134525798
1568134525811
1568134525824
1568134525837
1568134525850
1568134525862
