1568134508740
1568134508753
1568134508768
1568134508781
1568134508795
1568134508808
1568134508821
1568134508833
1568134508845
1568134508857
1568134508869
1568134508881
1568134508895
1568134508908
1568134508921
1568134508933
1568134508946
1568134508958
1568134508971
1568134508985
1568134508997
1568134509009
1568134509021
1568134509033
1568134509047
1568134509060
1568134509071
1568134509085
1568134509098
1568134509110
1568134509123
1568134509134
1568134509146
1568134509158
1568134509170
1568134509180
1568134509193
1568134509206
1568134509219
1568134509232
1568134509245
1568134509257
1568134509269
1568134509280
1568134509291
1568134509303
1568134509316
1568134509328
1568134509340
1568134509354
1568134509367
1568134509379
1568134509390
1568134509404
1568134509417
1568134509430
1568134509444
1568134509458
1568134509470
1568134509482
1568134509494
1568134509507
1568134509519
1568134509531
1568134509542
1568134509554
1568134509566
1568134509578
1568134509590
1568134509601
1568134509614
1568134509626
1568134509640
1568134509653
1568134509665
1568134509679
1568134509691
1568134509704
1568134509718
1568134509732
1568134509745
1568134509757
1568134509769
1568134509782
1568134509796
1568134509810
1568134509825
1568134509838
1568134509850
1568134509862
1568134509874
1568134509887
1568134509900
1568134509913
1568134509926
1568134509939
1568134509952
1568134509967
1568134509980
1568134509994
1568134510007
1568134510021
1568134510035
1568134510048
1568134510061
1568134510075
1568134510089
1568134510103
1568134510117
1568134510131
1568134510145
1568134510158
1568134510171
1568134510184
1568134510198
1568134510211
1568134510223
1568134510237
1568134510251
1568134510265
1568134510278
1568134510291
1568134510303
1568134510315
1568134510328
1568134510341
1568134510356
1568134510369
1568134510382
1568134510396
1568134510408
1568134510421
1568134510435
1568134510450
1568134510464
1568134510478
1568134510490
1568134510502
1568134510515
1568134510530
1568134510543
1568134510555
1568134510567
1568134510580
1568134510593
1568134510606
1568134510619
1568134510632
1568134510646
1568134510658
