1567791231355
1567791231369
1567791231384
1567791231398
1567791231411
1567791231425
1567791231438
1567791231451
1567791231464
1567791231478
1567791231491
1567791231504
1567791231519
1567791231533
1567791231547
1567791231561
1567791231574
1567791231588
1567791231602
1567791231616
1567791231629
1567791231643
1567791231656
1567791231669
1567791231683
1567791231697
1567791231711
1567791231724
1567791231738
1567791231753
1567791231767
1567791231782
1567791231796
1567791231810
1567791231824
1567791231838
1567791231853
1567791231867
1567791231881
1567791231895
1567791231909
1567791231924
1567791231938
1567791231952
1567791231966
1567791231981
1567791231994
1567791232009
1567791232025
1567791232040
1567791232054
1567791232069
1567791232083
1567791232097
1567791232111
1567791232125
1567791232138
1567791232152
1567791232166
1567791232180
1567791232195
1567791232210
1567791232224
1567791232239
1567791232253
1567791232267
1567791232281
1567791232295
1567791232310
1567791232325
1567791232339
1567791232353
1567791232368
1567791232383
1567791232397
1567791232411
1567791232426
1567791232440
1567791232454
1567791232469
1567791232483
1567791232497
1567791232512
1567791232527
1567791232542
1567791232557
1567791232572
1567791232588
1567791232602
1567791232617
1567791232632
1567791232647
1567791232661
1567791232676
1567791232691
1567791232706
1567791232720
1567791232735
1567791232750
1567791232765
1567791232780
1567791232795
1567791232810
1567791232825
1567791232839
1567791232855
1567791232869
1567791232883
1567791232897
1567791232913
1567791232928
1567791232943
1567791232957
1567791232972
1567791232986
1567791233001
1567791233016
1567791233031
1567791233045
1567791233060
1567791233075
1567791233091
1567791233104
1567791233118
1567791233131
1567791233144
1567791233158
1567791233171
1567791233184
1567791233197
1567791233210
1567791233224
1567791233237
1567791233251
1567791233265
1567791233278
1567791233292
1567791233305
1567791233318
1567791233332
1567791233345
1567791233358
1567791233372
1567791233385
1567791233399
1567791233413
1567791233426
1567791233440
1567791233453
1567791233467
