1567791199136
1567791199152
1567791199172
1567791199187
1567791199201
1567791199215
1567791199228
1567791199242
1567791199256
1567791199272
1567791199285
1567791199299
1567791199312
1567791199327
1567791199340
1567791199353
1567791199367
1567791199380
1567791199394
1567791199408
1567791199421
1567791199435
1567791199448
1567791199461
1567791199474
1567791199488
1567791199502
1567791199515
1567791199529
1567791199543
1567791199556
1567791199570
1567791199583
1567791199596
1567791199609
1567791199622
1567791199636
1567791199650
1567791199664
1567791199678
1567791199691
1567791199704
1567791199717
1567791199734
1567791199748
1567791199762
1567791199776
1567791199791
1567791199806
1567791199822
1567791199836
1567791199851
1567791199866
1567791199881
1567791199895
1567791199910
1567791199925
1567791199940
1567791199954
1567791199969
1567791199984
1567791199999
1567791200013
1567791200027
1567791200042
1567791200057
1567791200072
1567791200088
1567791200104
1567791200119
1567791200134
1567791200148
1567791200163
1567791200180
1567791200197
1567791200213
1567791200228
1567791200243
1567791200258
1567791200272
1567791200287
1567791200303
1567791200319
1567791200334
1567791200350
1567791200366
1567791200382
1567791200397
1567791200413
1567791200428
1567791200445
1567791200461
1567791200476
1567791200491
1567791200507
1567791200522
1567791200537
1567791200553
1567791200569
1567791200587
1567791200602
1567791200617
1567791200633
1567791200648
1567791200663
1567791200678
1567791200693
1567791200709
1567791200723
1567791200739
1567791200753
1567791200767
1567791200780
1567791200794
1567791200808
1567791200822
1567791200835
1567791200851
1567791200865
1567791200879
1567791200892
1567791200906
1567791200919
1567791200933
1567791200946
1567791200959
1567791200972
1567791200985
1567791200998
1567791201011
1567791201024
1567791201038
1567791201051
1567791201065
1567791201079
1567791201093
1567791201106
1567791201119
1567791201132
1567791201145
1567791201158
1567791201171
1567791201184
1567791201198
1567791201211
1567791201225
1567791201238
1567791201252
1567791201265
1567791201278
