1567791194368
1567791194383
1567791194398
1567791194411
1567791194424
1567791194437
1567791194451
1567791194464
1567791194477
1567791194491
1567791194503
1567791194517
1567791194530
1567791194544
1567791194558
1567791194572
1567791194585
1567791194599
1567791194612
1567791194625
1567791194638
1567791194652
1567791194665
1567791194678
1567791194691
1567791194706
1567791194719
1567791194732
1567791194746
1567791194759
1567791194773
1567791194786
1567791194800
1567791194813
1567791194826
1567791194840
1567791194854
1567791194868
1567791194881
1567791194895
1567791194908
1567791194922
1567791194935
1567791194950
1567791194963
1567791194977
1567791194991
1567791195005
1567791195019
1567791195033
1567791195048
1567791195062
1567791195076
1567791195091
1567791195105
1567791195121
1567791195135
1567791195150
1567791195165
1567791195180
1567791195194
1567791195210
1567791195224
1567791195240
1567791195254
1567791195270
1567791195284
1567791195299
1567791195314
1567791195329
1567791195344
1567791195359
1567791195374
1567791195389
1567791195404
1567791195420
1567791195434
1567791195451
1567791195472
1567791195487
1567791195502
1567791195519
1567791195534
1567791195550
1567791195565
1567791195588
1567791195604
1567791195620
1567791195634
1567791195649
1567791195664
1567791195679
1567791195694
1567791195709
1567791195723
1567791195740
1567791195755
1567791195770
1567791195786
1567791195802
1567791195816
1567791195832
1567791195846
1567791195861
1567791195876
1567791195891
1567791195905
1567791195920
1567791195934
1567791195949
1567791195962
1567791195977
1567791195991
1567791196004
1567791196017
1567791196031
1567791196048
1567791196063
1567791196077
1567791196091
1567791196105
1567791196120
1567791196134
1567791196149
1567791196163
1567791196176
1567791196190
1567791196205
1567791196218
1567791196232
1567791196246
1567791196259
1567791196274
1567791196288
1567791196302
1567791196316
1567791196331
1567791196344
1567791196358
1567791196372
1567791196385
1567791196399
1567791196413
1567791196426
1567791196441
1567791196456
1567791196470
1567791196485
1567791196498
1567791196512
