1567791191268
1567791191281
1567791191295
1567791191307
1567791191319
1567791191332
1567791191345
1567791191357
1567791191370
1567791191384
1567791191396
1567791191409
1567791191422
1567791191435
1567791191449
1567791191461
1567791191474
1567791191487
1567791191499
1567791191512
1567791191524
1567791191537
1567791191549
1567791191562
1567791191575
1567791191588
1567791191601
1567791191614
1567791191627
1567791191640
1567791191653
1567791191666
1567791191678
1567791191691
1567791191703
1567791191717
1567791191730
1567791191744
1567791191757
1567791191770
1567791191783
1567791191797
1567791191811
1567791191826
1567791191840
1567791191855
1567791191869
1567791191884
1567791191899
1567791191914
1567791191928
1567791191942
1567791191956
1567791191970
1567791191983
1567791191999
1567791192013
1567791192027
1567791192042
1567791192056
1567791192070
1567791192085
1567791192098
1567791192112
1567791192127
1567791192141
1567791192155
1567791192170
1567791192183
1567791192197
1567791192211
1567791192226
1567791192240
1567791192254
1567791192269
1567791192283
1567791192298
1567791192312
1567791192327
1567791192341
1567791192355
1567791192370
1567791192384
1567791192398
1567791192413
1567791192429
1567791192443
1567791192458
1567791192472
1567791192487
1567791192500
1567791192515
1567791192529
1567791192544
1567791192557
1567791192572
1567791192586
1567791192601
1567791192616
1567791192631
1567791192646
1567791192660
1567791192675
1567791192689
1567791192704
1567791192719
1567791192733
1567791192747
1567791192762
1567791192777
1567791192791
1567791192806
1567791192819
1567791192833
1567791192846
1567791192860
1567791192873
1567791192886
1567791192900
1567791192913
1567791192926
1567791192940
1567791192953
1567791192967
1567791192980
1567791192995
1567791193008
1567791193021
1567791193034
1567791193047
1567791193061
1567791193074
1567791193088
1567791193102
1567791193116
1567791193130
1567791193143
1567791193157
1567791193170
1567791193183
1567791193196
1567791193210
1567791193223
1567791193237
1567791193250
1567791193264
1567791193278
1567791193291
1567791193305
1567791193319
