1567791226128
1567791226142
1567791226158
1567791226171
1567791226184
1567791226197
1567791226210
1567791226223
1567791226236
1567791226249
1567791226262
1567791226276
1567791226289
1567791226303
1567791226316
1567791226329
1567791226344
1567791226358
1567791226371
1567791226384
1567791226397
1567791226410
1567791226423
1567791226437
1567791226450
1567791226465
1567791226481
1567791226497
1567791226512
1567791226529
1567791226543
1567791226558
1567791226572
1567791226586
1567791226602
1567791226617
1567791226632
1567791226648
1567791226663
1567791226677
1567791226691
1567791226707
1567791226722
1567791226737
1567791226751
1567791226767
1567791226781
1567791226796
1567791226810
1567791226827
1567791226842
1567791226858
1567791226873
1567791226888
1567791226902
1567791226916
1567791226931
1567791226946
1567791226961
1567791226975
1567791226990
1567791227005
1567791227019
1567791227034
1567791227048
1567791227062
1567791227076
1567791227091
1567791227105
1567791227120
1567791227134
1567791227149
1567791227163
1567791227178
1567791227193
1567791227207
1567791227221
1567791227235
1567791227249
1567791227264
1567791227278
1567791227293
1567791227307
1567791227322
1567791227337
1567791227354
1567791227369
1567791227384
1567791227398
1567791227413
1567791227428
1567791227443
1567791227457
1567791227472
1567791227487
1567791227502
1567791227516
1567791227532
1567791227547
1567791227562
1567791227577
1567791227592
1567791227606
1567791227621
1567791227634
1567791227649
1567791227663
1567791227678
1567791227693
1567791227708
1567791227723
1567791227739
1567791227753
1567791227769
1567791227783
1567791227798
1567791227813
1567791227828
1567791227842
1567791227857
1567791227871
1567791227885
1567791227899
1567791227912
1567791227926
1567791227939
1567791227953
1567791227967
1567791227980
1567791227993
1567791228006
1567791228020
1567791228033
1567791228048
1567791228061
1567791228074
1567791228087
1567791228101
1567791228114
1567791228127
1567791228140
1567791228154
1567791228167
1567791228180
1567791228193
1567791228206
1567791228220
1567791228233
1567791228246
1567791228259
