1567791197508
1567791197521
1567791197537
1567791197550
1567791197564
1567791197577
1567791197590
1567791197604
1567791197617
1567791197633
1567791197647
1567791197661
1567791197674
1567791197688
1567791197701
1567791197715
1567791197729
1567791197743
1567791197757
1567791197773
1567791197786
1567791197800
1567791197813
1567791197826
1567791197840
1567791197854
1567791197868
1567791197882
1567791197897
1567791197911
1567791197925
1567791197939
1567791197952
1567791197965
1567791197978
1567791197992
1567791198005
1567791198019
1567791198034
1567791198048
1567791198061
1567791198076
1567791198091
1567791198105
1567791198119
1567791198135
1567791198150
1567791198164
1567791198179
1567791198195
1567791198210
1567791198226
1567791198241
1567791198256
1567791198271
1567791198286
1567791198300
1567791198315
1567791198332
1567791198347
1567791198362
1567791198379
1567791198396
1567791198415
1567791198432
1567791198447
1567791198465
1567791198480
1567791198495
1567791198510
1567791198526
1567791198541
1567791198556
1567791198572
1567791198588
1567791198603
1567791198618
1567791198633
1567791198648
1567791198664
1567791198679
1567791198693
1567791198709
1567791198728
1567791198745
1567791198760
1567791198775
1567791198791
1567791198805
1567791198820
1567791198835
1567791198852
1567791198867
1567791198882
1567791198898
1567791198914
1567791198929
1567791198947
1567791198963
1567791198978
1567791198996
1567791199012
1567791199028
1567791199043
1567791199059
1567791199076
1567791199093
1567791199109
1567791199128
1567791199145
1567791199164
1567791199184
1567791199199
1567791199213
1567791199227
1567791199241
1567791199258
1567791199274
1567791199287
1567791199301
1567791199315
1567791199331
1567791199345
1567791199359
1567791199374
1567791199388
1567791199402
1567791199416
1567791199430
1567791199444
1567791199457
1567791199471
1567791199484
1567791199499
1567791199513
1567791199528
1567791199542
1567791199556
1567791199570
1567791199583
1567791199596
1567791199610
1567791199623
1567791199637
1567791199650
1567791199665
1567791199679
1567791199693
1567791199706
1567791199719
