1567791217333
1567791217346
1567791217362
1567791217375
1567791217388
1567791217401
1567791217414
1567791217427
1567791217441
1567791217454
1567791217466
1567791217479
1567791217492
1567791217505
1567791217518
1567791217532
1567791217545
1567791217558
1567791217571
1567791217584
1567791217597
1567791217611
1567791217624
1567791217637
1567791217650
1567791217665
1567791217679
1567791217692
1567791217706
1567791217722
1567791217736
1567791217750
1567791217765
1567791217780
1567791217794
1567791217808
1567791217823
1567791217838
1567791217853
1567791217868
1567791217882
1567791217896
1567791217911
1567791217925
1567791217939
1567791217953
1567791217967
1567791217981
1567791217996
1567791218011
1567791218025
1567791218039
1567791218054
1567791218069
1567791218083
1567791218098
1567791218112
1567791218127
1567791218141
1567791218156
1567791218169
1567791218185
1567791218199
1567791218214
1567791218229
1567791218243
1567791218259
1567791218274
1567791218289
1567791218305
1567791218320
1567791218334
1567791218349
1567791218365
1567791218379
1567791218393
1567791218407
1567791218423
1567791218437
1567791218451
1567791218465
1567791218480
1567791218494
1567791218509
1567791218524
1567791218540
1567791218555
1567791218570
1567791218584
1567791218599
1567791218614
1567791218628
1567791218643
1567791218658
1567791218672
1567791218686
1567791218701
1567791218716
1567791218730
1567791218745
1567791218758
1567791218773
1567791218786
1567791218801
1567791218815
1567791218831
1567791218845
1567791218859
1567791218873
1567791218889
1567791218904
1567791218918
1567791218933
1567791218949
1567791218963
1567791218978
1567791218993
1567791219008
1567791219023
1567791219038
1567791219052
1567791219070
1567791219087
1567791219102
1567791219118
1567791219134
1567791219149
1567791219168
1567791219181
1567791219195
1567791219209
1567791219222
1567791219236
1567791219250
1567791219264
1567791219278
1567791219291
1567791219304
1567791219318
1567791219332
1567791219346
1567791219359
1567791219372
1567791219386
1567791219399
1567791219413
1567791219426
1567791219439
1567791219452
1567791219465
