1567791227881
1567791227895
1567791227910
1567791227923
1567791227937
1567791227950
1567791227963
1567791227977
1567791227990
1567791228003
1567791228016
1567791228029
1567791228043
1567791228057
1567791228070
1567791228083
1567791228096
1567791228109
1567791228123
1567791228136
1567791228149
1567791228162
1567791228175
1567791228188
1567791228201
1567791228216
1567791228229
1567791228242
1567791228255
1567791228269
1567791228283
1567791228298
1567791228313
1567791228327
1567791228341
1567791228355
1567791228369
1567791228385
1567791228400
1567791228415
1567791228430
1567791228445
1567791228459
1567791228473
1567791228488
1567791228502
1567791228516
1567791228530
1567791228545
1567791228561
1567791228576
1567791228591
1567791228607
1567791228623
1567791228638
1567791228653
1567791228668
1567791228684
1567791228700
1567791228715
1567791228730
1567791228746
1567791228761
1567791228775
1567791228789
1567791228805
1567791228820
1567791228835
1567791228850
1567791228865
1567791228879
1567791228893
1567791228908
1567791228924
1567791228939
1567791228953
1567791228967
1567791228982
1567791228997
1567791229011
1567791229025
1567791229040
1567791229055
1567791229068
1567791229083
1567791229098
1567791229114
1567791229128
1567791229143
1567791229158
1567791229172
1567791229187
1567791229201
1567791229216
1567791229231
1567791229246
1567791229261
1567791229277
1567791229291
1567791229306
1567791229321
1567791229336
1567791229350
1567791229364
1567791229378
1567791229392
1567791229407
1567791229421
1567791229435
1567791229450
1567791229465
1567791229480
1567791229494
1567791229509
1567791229523
1567791229537
1567791229552
1567791229566
1567791229579
1567791229593
1567791229607
1567791229621
1567791229635
1567791229649
1567791229662
1567791229675
1567791229689
1567791229703
1567791229716
1567791229730
1567791229744
1567791229758
1567791229772
1567791229786
1567791229800
1567791229813
1567791229827
1567791229840
1567791229854
1567791229868
1567791229882
1567791229897
1567791229910
1567791229925
1567791229939
1567791229953
1567791229967
1567791229981
1567791229995
1567791230010
