1568997500476
1568997500489
1568997500503
1568997500515
1568997500527
1568997500540
1568997500552
1568997500565
1568997500577
1568997500591
1568997500603
1568997500616
1568997500630
1568997500643
1568997500656
1568997500670
1568997500683
1568997500696
1568997500708
1568997500721
1568997500734
1568997500748
1568997500761
1568997500774
1568997500787
1568997500801
1568997500814
1568997500827
1568997500840
1568997500853
1568997500865
1568997500879
1568997500891
1568997500904
1568997500917
1568997500930
1568997500943
1568997500958
1568997500971
1568997500984
1568997500997
1568997501010
1568997501028
1568997501042
1568997501055
1568997501069
1568997501082
1568997501096
1568997501109
1568997501124
1568997501138
1568997501153
1568997501167
1568997501180
1568997501194
1568997501207
1568997501220
1568997501235
1568997501249
1568997501263
1568997501277
1568997501292
1568997501306
1568997501320
1568997501334
1568997501347
1568997501361
1568997501375
1568997501388
1568997501402
1568997501415
1568997501429
1568997501443
1568997501458
1568997501473
1568997501487
1568997501501
1568997501515
1568997501529
1568997501544
1568997501558
1568997501573
1568997501587
1568997501600
1568997501614
1568997501630
1568997501644
1568997501659
1568997501674
1568997501689
1568997501703
1568997501717
1568997501731
1568997501746
1568997501760
1568997501776
1568997501790
1568997501806
1568997501821
1568997501836
1568997501850
1568997501865
1568997501880
1568997501894
1568997501909
1568997501923
1568997501938
1568997501952
1568997501966
1568997501982
1568997501997
1568997502011
1568997502026
1568997502041
1568997502056
1568997502071
1568997502086
1568997502100
1568997502113
1568997502126
1568997502140
1568997502154
1568997502167
1568997502181
1568997502195
1568997502209
1568997502222
1568997502236
1568997502249
1568997502263
1568997502276
1568997502289
1568997502303
1568997502317
1568997502330
1568997502344
1568997502357
1568997502371
1568997502384
1568997502398
1568997502410
1568997502424
1568997502437
1568997502450
1568997502464
1568997502479
1568997502493
1568997502507
1568997502520
1568997502534
