1568997497236
1568997497250
1568997497266
1568997497279
1568997497293
1568997497307
1568997497321
1568997497334
1568997497347
1568997497361
1568997497375
1568997497388
1568997497402
1568997497417
1568997497430
1568997497444
1568997497458
1568997497472
1568997497486
1568997497499
1568997497513
1568997497528
1568997497542
1568997497555
1568997497570
1568997497585
1568997497599
1568997497612
1568997497626
1568997497640
1568997497653
1568997497667
1568997497680
1568997497694
1568997497710
1568997497725
1568997497740
1568997497756
1568997497770
1568997497785
1568997497800
1568997497814
1568997497829
1568997497843
1568997497858
1568997497873
1568997497888
1568997497902
1568997497917
1568997497934
1568997497948
1568997497964
1568997497980
1568997497995
1568997498009
1568997498026
1568997498041
1568997498056
1568997498072
1568997498087
1568997498103
1568997498120
1568997498135
1568997498152
1568997498167
1568997498181
1568997498197
1568997498212
1568997498227
1568997498242
1568997498256
1568997498271
1568997498286
1568997498302
1568997498317
1568997498332
1568997498347
1568997498362
1568997498376
1568997498391
1568997498406
1568997498421
1568997498436
1568997498450
1568997498466
1568997498482
1568997498498
1568997498512
1568997498527
1568997498543
1568997498557
1568997498572
1568997498587
1568997498602
1568997498617
1568997498631
1568997498647
1568997498663
1568997498679
1568997498694
1568997498708
1568997498723
1568997498737
1568997498752
1568997498766
1568997498781
1568997498795
1568997498810
1568997498825
1568997498841
1568997498856
1568997498871
1568997498885
1568997498899
1568997498913
1568997498926
1568997498941
1568997498954
1568997498967
1568997498981
1568997498994
1568997499008
1568997499021
1568997499035
1568997499047
1568997499060
1568997499074
1568997499087
1568997499100
1568997499113
1568997499127
1568997499140
1568997499153
1568997499168
1568997499181
1568997499195
1568997499208
1568997499221
1568997499235
1568997499248
1568997499261
1568997499274
1568997499288
1568997499301
1568997499315
1568997499330
1568997499343
1568997499356
1568997499369
1568997499383
