1568997483793
1568997483807
1568997483821
1568997483834
1568997483847
1568997483861
1568997483874
1568997483887
1568997483900
1568997483913
1568997483926
1568997483939
1568997483952
1568997483967
1568997483980
1568997483994
1568997484007
1568997484020
1568997484033
1568997484047
1568997484060
1568997484073
1568997484086
1568997484099
1568997484112
1568997484126
1568997484140
1568997484153
1568997484166
1568997484180
1568997484193
1568997484206
1568997484219
1568997484233
1568997484246
1568997484260
1568997484273
1568997484288
1568997484302
1568997484316
1568997484330
1568997484344
1568997484358
1568997484371
1568997484385
1568997484401
1568997484415
1568997484430
1568997484444
1568997484460
1568997484474
1568997484489
1568997484503
1568997484517
1568997484532
1568997484547
1568997484561
1568997484575
1568997484589
1568997484602
1568997484617
1568997484632
1568997484647
1568997484661
1568997484676
1568997484691
1568997484705
1568997484719
1568997484733
1568997484747
1568997484763
1568997484777
1568997484791
1568997484806
1568997484821
1568997484835
1568997484851
1568997484866
1568997484879
1568997484893
1568997484907
1568997484921
1568997484935
1568997484949
1568997484964
1568997484979
1568997484994
1568997485009
1568997485024
1568997485039
1568997485054
1568997485068
1568997485082
1568997485096
1568997485110
1568997485124
1568997485138
1568997485153
1568997485167
1568997485182
1568997485197
1568997485211
1568997485226
1568997485240
1568997485254
1568997485268
1568997485281
1568997485295
1568997485309
1568997485324
1568997485338
1568997485352
1568997485368
1568997485382
1568997485397
1568997485411
1568997485425
1568997485439
1568997485453
1568997485466
1568997485479
1568997485493
1568997485506
1568997485520
1568997485532
1568997485546
1568997485559
1568997485572
1568997485585
1568997485598
1568997485611
1568997485624
1568997485637
1568997485651
1568997485664
1568997485677
1568997485691
1568997485703
1568997485716
1568997485730
1568997485743
1568997485757
1568997485770
1568997485783
1568997485797
1568997485811
1568997485825
1568997485838
1568997485851
1568997485864
