1568997505259
1568997505272
1568997505287
1568997505300
1568997505312
1568997505326
1568997505338
1568997505351
1568997505364
1568997505377
1568997505390
1568997505403
1568997505416
1568997505430
1568997505443
1568997505457
1568997505470
1568997505483
1568997505496
1568997505511
1568997505523
1568997505536
1568997505549
1568997505562
1568997505576
1568997505589
1568997505602
1568997505615
1568997505628
1568997505641
1568997505653
1568997505666
1568997505679
1568997505691
1568997505704
1568997505716
1568997505731
1568997505746
1568997505760
1568997505777
1568997505791
1568997505805
1568997505820
1568997505834
1568997505848
1568997505863
1568997505877
1568997505891
1568997505906
1568997505921
1568997505935
1568997505949
1568997505963
1568997505979
1568997505994
1568997506009
1568997506023
1568997506039
1568997506054
1568997506068
1568997506083
1568997506100
1568997506115
1568997506132
1568997506147
1568997506161
1568997506177
1568997506192
1568997506206
1568997506220
1568997506233
1568997506248
1568997506262
1568997506277
1568997506291
1568997506306
1568997506320
1568997506334
1568997506347
1568997506362
1568997506375
1568997506390
1568997506404
1568997506419
1568997506434
1568997506449
1568997506465
1568997506480
1568997506494
1568997506509
1568997506523
1568997506538
1568997506552
1568997506567
1568997506582
1568997506596
1568997506611
1568997506626
1568997506641
1568997506656
1568997506670
1568997506684
1568997506698
1568997506713
1568997506728
1568997506742
1568997506756
1568997506770
1568997506785
1568997506801
1568997506815
1568997506830
1568997506844
1568997506857
1568997506871
1568997506884
1568997506897
1568997506911
1568997506924
1568997506938
1568997506952
1568997506967
1568997506981
1568997506995
1568997507009
1568997507024
1568997507037
1568997507050
1568997507062
1568997507077
1568997507090
1568997507105
1568997507118
1568997507133
1568997507146
1568997507161
1568997507175
1568997507188
1568997507201
1568997507214
1568997507227
1568997507240
1568997507252
1568997507265
1568997507279
1568997507292
1568997507305
1568997507318
1568997507331
1568997507344
