1568994359734
1568994359747
1568994359762
1568994359775
1568994359788
1568994359802
1568994359815
1568994359828
1568994359841
1568994359854
1568994359867
1568994359882
1568994359896
1568994359910
1568994359922
1568994359935
1568994359947
1568994359959
1568994359972
1568994359985
1568994359999
1568994360012
1568994360025
1568994360039
1568994360052
1568994360067
1568994360080
1568994360095
1568994360108
1568994360121
1568994360135
1568994360149
1568994360162
1568994360175
1568994360188
1568994360201
1568994360214
1568994360227
1568994360241
1568994360254
1568994360266
1568994360279
1568994360291
1568994360304
1568994360317
1568994360330
1568994360343
1568994360357
1568994360370
1568994360384
1568994360396
1568994360411
1568994360424
1568994360437
1568994360450
1568994360464
1568994360478
1568994360491
1568994360504
1568994360517
1568994360530
1568994360545
1568994360558
1568994360571
1568994360583
1568994360596
1568994360609
1568994360622
1568994360636
1568994360652
1568994360666
1568994360679
1568994360693
1568994360709
1568994360723
1568994360736
1568994360750
1568994360764
1568994360778
1568994360792
1568994360805
1568994360818
1568994360831
1568994360846
1568994360859
1568994360874
1568994360887
1568994360900
1568994360914
1568994360928
1568994360941
1568994360955
1568994360968
1568994360982
1568994360996
1568994361009
1568994361023
1568994361037
1568994361050
1568994361064
1568994361078
1568994361091
1568994361104
1568994361117
1568994361130
1568994361144
1568994361157
1568994361170
1568994361184
1568994361198
1568994361212
1568994361226
1568994361240
1568994361253
1568994361267
1568994361280
1568994361293
1568994361307
1568994361320
1568994361334
1568994361349
1568994361364
1568994361378
1568994361392
1568994361406
1568994361419
1568994361433
1568994361448
1568994361461
1568994361474
1568994361487
1568994361502
1568994361515
1568994361529
1568994361543
1568994361558
1568994361572
1568994361586
1568994361599
1568994361611
1568994361623
1568994361635
1568994361648
1568994361661
1568994361674
1568994361688
1568994361703
1568994361719
1568994361732
1568994361746
