1568994385255
1568994385269
1568994385284
1568994385297
1568994385311
1568994385325
1568994385338
1568994385351
1568994385365
1568994385378
1568994385391
1568994385404
1568994385417
1568994385431
1568994385444
1568994385458
1568994385471
1568994385485
1568994385497
1568994385510
1568994385522
1568994385535
1568994385547
1568994385560
1568994385572
1568994385585
1568994385598
1568994385614
1568994385628
1568994385640
1568994385653
1568994385667
1568994385680
1568994385694
1568994385706
1568994385718
1568994385730
1568994385743
1568994385755
1568994385768
1568994385779
1568994385793
1568994385872
1568994385925
1568994385953
1568994385976
1568994385995
1568994386013
1568994386028
1568994386043
1568994386056
1568994386069
1568994386082
1568994386095
1568994386108
1568994386121
1568994386133
1568994386146
1568994386159
1568994386173
1568994386187
1568994386201
1568994386214
1568994386227
1568994386240
1568994386253
1568994386265
1568994386278
1568994386293
1568994386308
1568994386322
1568994386336
1568994386349
1568994386365
1568994386379
1568994386392
1568994386404
1568994386418
1568994386431
1568994386444
1568994386457
1568994386471
1568994386484
1568994386498
1568994386513
1568994386528
1568994386542
1568994386555
1568994386569
1568994386583
1568994386597
1568994386611
1568994386625
1568994386640
1568994386656
1568994386670
1568994386685
1568994386700
1568994386714
1568994386728
1568994386742
1568994386757
1568994386772
1568994386786
1568994386799
1568994386813
1568994386826
1568994386840
1568994386854
1568994386869
1568994386883
1568994386897
1568994386910
1568994386923
1568994386936
1568994386950
1568994386963
1568994386977
1568994386990
1568994387003
1568994387016
1568994387032
1568994387046
1568994387060
1568994387074
1568994387091
1568994387106
1568994387120
1568994387134
1568994387149
1568994387164
1568994387179
1568994387193
1568994387208
1568994387222
1568994387235
1568994387248
1568994387260
1568994387274
1568994387289
1568994387303
1568994387317
1568994387332
1568994387347
1568994387362
1568994387377
1568994387392
1568994387407
1568994387421
1568994387435
