1568994348370
1568994348384
1568994348399
1568994348412
1568994348425
1568994348439
1568994348453
1568994348465
1568994348477
1568994348490
1568994348502
1568994348515
1568994348527
1568994348540
1568994348553
1568994348566
1568994348577
1568994348590
1568994348602
1568994348614
1568994348626
1568994348639
1568994348652
1568994348665
1568994348677
1568994348690
1568994348704
1568994348716
1568994348730
1568994348744
1568994348757
1568994348770
1568994348784
1568994348798
1568994348810
1568994348823
1568994348835
1568994348849
1568994348863
1568994348875
1568994348888
1568994348902
1568994348913
1568994348925
1568994348938
1568994348951
1568994348963
1568994348977
1568994348990
1568994349003
1568994349017
1568994349030
1568994349044
1568994349058
1568994349073
1568994349086
1568994349099
1568994349113
1568994349127
1568994349140
1568994349153
1568994349167
1568994349180
1568994349193
1568994349206
1568994349219
1568994349232
1568994349245
1568994349258
1568994349272
1568994349285
1568994349299
1568994349312
1568994349325
1568994349340
1568994349353
1568994349367
1568994349381
1568994349395
1568994349408
1568994349422
1568994349436
1568994349449
1568994349462
1568994349476
1568994349490
1568994349504
1568994349518
1568994349532
1568994349546
1568994349560
1568994349574
1568994349588
1568994349602
1568994349616
1568994349629
1568994349643
1568994349658
1568994349671
1568994349685
1568994349700
1568994349714
1568994349727
1568994349741
1568994349754
1568994349767
1568994349781
1568994349795
1568994349808
1568994349823
1568994349836
1568994349850
1568994349864
1568994349878
1568994349892
1568994349906
1568994349918
1568994349932
1568994349945
1568994349960
1568994349973
1568994349988
1568994350001
1568994350014
1568994350026
1568994350039
1568994350051
1568994350064
1568994350077
1568994350090
1568994350104
1568994350118
1568994350131
1568994350145
1568994350158
1568994350172
1568994350186
1568994350199
1568994350213
1568994350226
1568994350238
1568994350252
1568994350265
1568994350278
1568994350291
1568994350306
1568994350320
1568994350334
1568994350346
1568994350359
