1568994367835
1568994367849
1568994367863
1568994367875
1568994367887
1568994367900
1568994367912
1568994367925
1568994367937
1568994367949
1568994367963
1568994367976
1568994367990
1568994368003
1568994368016
1568994368032
1568994368046
1568994368063
1568994368077
1568994368091
1568994368104
1568994368119
1568994368134
1568994368151
1568994368166
1568994368181
1568994368195
1568994368207
1568994368220
1568994368234
1568994368247
1568994368260
1568994368273
1568994368286
1568994368299
1568994368313
1568994368326
1568994368340
1568994368354
1568994368368
1568994368382
1568994368395
1568994368408
1568994368422
1568994368435
1568994368449
1568994368463
1568994368476
1568994368489
1568994368503
1568994368516
1568994368530
1568994368543
1568994368556
1568994368570
1568994368583
1568994368596
1568994368609
1568994368622
1568994368636
1568994368649
1568994368664
1568994368678
1568994368693
1568994368706
1568994368720
1568994368733
1568994368747
1568994368759
1568994368773
1568994368786
1568994368799
1568994368815
1568994368830
1568994368844
1568994368857
1568994368870
1568994368884
1568994368897
1568994368911
1568994368924
1568994368937
1568994368951
1568994368965
1568994368977
1568994368991
1568994369005
1568994369018
1568994369032
1568994369045
1568994369059
1568994369072
1568994369085
1568994369100
1568994369115
1568994369129
1568994369142
1568994369157
1568994369170
1568994369184
1568994369197
1568994369212
1568994369225
1568994369239
1568994369253
1568994369267
1568994369281
1568994369296
1568994369310
1568994369326
1568994369342
1568994369356
1568994369370
1568994369384
1568994369399
1568994369413
1568994369426
1568994369440
1568994369455
1568994369469
1568994369483
1568994369497
1568994369510
1568994369523
1568994369536
1568994369549
1568994369561
1568994369574
1568994369586
1568994369599
1568994369612
1568994369627
1568994369642
1568994369658
1568994369673
1568994369689
1568994369704
1568994369719
1568994369732
1568994369746
1568994369760
1568994369776
1568994369790
1568994369804
1568994369818
1568994369832
1568994369848
1568994369863
1568994369877
1568994369892
