1568994375888
1568994375905
1568994375922
1568994375942
1568994375956
1568994375970
1568994375982
1568994375994
1568994376006
1568994376019
1568994376032
1568994376045
1568994376059
1568994376073
1568994376086
1568994376099
1568994376112
1568994376126
1568994376140
1568994376154
1568994376167
1568994376179
1568994376192
1568994376205
1568994376217
1568994376230
1568994376243
1568994376258
1568994376271
1568994376284
1568994376298
1568994376312
1568994376325
1568994376339
1568994376353
1568994376369
1568994376383
1568994376398
1568994376413
1568994376425
1568994376438
1568994376451
1568994376464
1568994376477
1568994376491
1568994376505
1568994376517
1568994376530
1568994376545
1568994376560
1568994376573
1568994376587
1568994376601
1568994376615
1568994376628
1568994376642
1568994376656
1568994376668
1568994376684
1568994376699
1568994376714
1568994376728
1568994376741
1568994376754
1568994376767
1568994376780
1568994376793
1568994376807
1568994376819
1568994376833
1568994376846
1568994376860
1568994376873
1568994376887
1568994376900
1568994376914
1568994376927
1568994376941
1568994376955
1568994376969
1568994376982
1568994376996
1568994377008
1568994377022
1568994377036
1568994377050
1568994377064
1568994377077
1568994377090
1568994377103
1568994377115
1568994377129
1568994377142
1568994377155
1568994377168
1568994377182
1568994377196
1568994377209
1568994377223
1568994377237
1568994377250
1568994377264
1568994377278
1568994377293
1568994377308
1568994377322
1568994377336
1568994377350
1568994377364
1568994377379
1568994377393
1568994377406
1568994377420
1568994377433
1568994377447
1568994377462
1568994377475
1568994377489
1568994377504
1568994377519
1568994377532
1568994377547
1568994377561
1568994377575
1568994377588
1568994377601
1568994377614
1568994377628
1568994377644
1568994377659
1568994377674
1568994377690
1568994377704
1568994377720
1568994377737
1568994377751
1568994377765
1568994377780
1568994377793
1568994377806
1568994377819
1568994377832
1568994377845
1568994377857
1568994377869
1568994377882
1568994377897
1568994377910
1568994377924
1568994377937
