1568994336935
1568994336949
1568994336964
1568994336976
1568994336988
1568994337001
1568994337013
1568994337026
1568994337038
1568994337051
1568994337063
1568994337076
1568994337088
1568994337101
1568994337114
1568994337126
1568994337139
1568994337152
1568994337165
1568994337177
1568994337190
1568994337203
1568994337216
1568994337229
1568994337241
1568994337255
1568994337267
1568994337280
1568994337293
1568994337307
1568994337319
1568994337332
1568994337344
1568994337357
1568994337370
1568994337383
1568994337395
1568994337409
1568994337422
1568994337436
1568994337449
1568994337462
1568994337475
1568994337488
1568994337501
1568994337514
1568994337526
1568994337538
1568994337550
1568994337564
1568994337577
1568994337591
1568994337603
1568994337616
1568994337629
1568994337642
1568994337654
1568994337667
1568994337680
1568994337693
1568994337706
1568994337719
1568994337732
1568994337745
1568994337758
1568994337771
1568994337784
1568994337797
1568994337810
1568994337823
1568994337836
1568994337848
1568994337860
1568994337873
1568994337886
1568994337900
1568994337913
1568994337926
1568994337939
1568994337952
1568994337965
1568994337979
1568994337992
1568994338006
1568994338019
1568994338034
1568994338049
1568994338062
1568994338075
1568994338089
1568994338101
1568994338115
1568994338128
1568994338141
1568994338155
1568994338168
1568994338181
1568994338196
1568994338209
1568994338222
1568994338235
1568994338248
1568994338261
1568994338274
1568994338287
1568994338300
1568994338313
1568994338326
1568994338339
1568994338354
1568994338367
1568994338381
1568994338394
1568994338407
1568994338419
1568994338433
1568994338446
1568994338459
1568994338471
1568994338484
1568994338498
1568994338512
1568994338525
1568994338539
1568994338552
1568994338565
1568994338578
1568994338590
1568994338603
1568994338616
1568994338629
1568994338641
1568994338654
1568994338667
1568994338680
1568994338693
1568994338705
1568994338717
1568994338731
1568994338743
1568994338756
1568994338768
1568994338781
1568994338794
1568994338807
1568994338820
1568994338833
1568994338846
1568994338859
1568994338871
