1568994364592
1568994364606
1568994364621
1568994364636
1568994364649
1568994364662
1568994364674
1568994364687
1568994364700
1568994364714
1568994364728
1568994364741
1568994364755
1568994364770
1568994364784
1568994364797
1568994364810
1568994364824
1568994364837
1568994364851
1568994364864
1568994364877
1568994364890
1568994364903
1568994364918
1568994364934
1568994364948
1568994364963
1568994364977
1568994364992
1568994365006
1568994365018
1568994365030
1568994365043
1568994365056
1568994365069
1568994365083
1568994365096
1568994365109
1568994365122
1568994365135
1568994365148
1568994365161
1568994365174
1568994365188
1568994365201
1568994365214
1568994365227
1568994365241
1568994365257
1568994365272
1568994365286
1568994365299
1568994365314
1568994365326
1568994365340
1568994365353
1568994365366
1568994365378
1568994365392
1568994365406
1568994365419
1568994365432
1568994365445
1568994365457
1568994365470
1568994365484
1568994365500
1568994365512
1568994365525
1568994365537
1568994365551
1568994365565
1568994365581
1568994365595
1568994365608
1568994365622
1568994365636
1568994365651
1568994365665
1568994365678
1568994365691
1568994365705
1568994365719
1568994365733
1568994365747
1568994365761
1568994365775
1568994365787
1568994365802
1568994365816
1568994365830
1568994365843
1568994365857
1568994365870
1568994365885
1568994365898
1568994365914
1568994365929
1568994365943
1568994365957
1568994365972
1568994365985
1568994365999
1568994366014
1568994366028
1568994366042
1568994366056
1568994366069
1568994366084
1568994366098
1568994366112
1568994366126
1568994366139
1568994366153
1568994366167
1568994366181
1568994366195
1568994366208
1568994366224
1568994366238
1568994366253
1568994366266
1568994366279
1568994366292
1568994366305
1568994366319
1568994366332
1568994366346
1568994366358
1568994366371
1568994366384
1568994366397
1568994366411
1568994366426
1568994366442
1568994366456
1568994366470
1568994366483
1568994366498
1568994366512
1568994366525
1568994366538
1568994366553
1568994366568
1568994366582
1568994366595
1568994366608
1568994366622
1568994366634
