1568999485283
1568999485295
1568999485308
1568999485319
1568999485330
1568999485341
1568999485353
1568999485365
1568999485376
1568999485387
1568999485398
1568999485410
1568999485422
1568999485434
1568999485445
1568999485456
1568999485467
1568999485478
1568999485489
1568999485501
1568999485512
1568999485524
1568999485535
1568999485547
1568999485559
1568999485572
1568999485584
1568999485596
1568999485609
1568999485621
1568999485633
1568999485643
1568999485656
1568999485668
1568999485680
1568999485693
1568999485704
1568999485716
1568999485729
1568999485742
1568999485755
1568999485767
1568999485779
1568999485790
1568999485801
1568999485813
1568999485825
1568999485836
1568999485848
1568999485861
1568999485873
1568999485885
1568999485897
1568999485909
1568999485920
1568999485932
1568999485943
1568999485953
1568999485965
1568999485977
1568999485990
1568999486003
1568999486013
1568999486025
1568999486037
1568999486049
1568999486061
1568999486073
1568999486084
1568999486096
1568999486109
1568999486121
1568999486134
1568999486144
1568999486157
1568999486169
1568999486181
1568999486193
1568999486204
1568999486215
1568999486228
1568999486240
1568999486252
1568999486265
1568999486277
1568999486290
1568999486302
1568999486313
1568999486325
1568999486337
1568999486349
1568999486360
1568999486372
1568999486385
1568999486397
1568999486411
1568999486425
1568999486438
1568999486451
1568999486464
1568999486477
1568999486489
1568999486502
1568999486514
1568999486526
1568999486538
1568999486551
1568999486563
1568999486576
1568999486589
1568999486602
1568999486615
1568999486628
1568999486640
1568999486653
1568999486666
1568999486677
1568999486689
1568999486701
1568999486713
1568999486726
1568999486740
1568999486754
1568999486767
1568999486780
1568999486792
1568999486805
1568999486818
1568999486830
1568999486841
1568999486853
1568999486864
1568999486877
1568999486889
1568999486901
1568999486912
1568999486926
1568999486938
1568999486951
1568999486963
1568999486975
1568999486986
1568999486998
1568999487009
1568999487021
1568999487034
1568999487045
1568999487058
1568999487069
1568999487081
