1568999466980
1568999466992
1568999467005
1568999467016
1568999467027
1568999467038
1568999467049
1568999467059
1568999467071
1568999467082
1568999467092
1568999467103
1568999467113
1568999467124
1568999467135
1568999467146
1568999467157
1568999467168
1568999467181
1568999467194
1568999467205
1568999467216
1568999467228
1568999467240
1568999467251
1568999467262
1568999467275
1568999467287
1568999467299
1568999467311
1568999467322
1568999467334
1568999467346
1568999467358
1568999467369
1568999467380
1568999467392
1568999467404
1568999467416
1568999467427
1568999467439
1568999467451
1568999467463
1568999467474
1568999467486
1568999467498
1568999467510
1568999467521
1568999467532
1568999467546
1568999467558
1568999467570
1568999467582
1568999467593
1568999467604
1568999467616
1568999467628
1568999467640
1568999467651
1568999467663
1568999467675
1568999467688
1568999467701
1568999467713
1568999467724
1568999467735
1568999467747
1568999467759
1568999467770
1568999467782
1568999467794
1568999467806
1568999467818
1568999467829
1568999467841
1568999467853
1568999467865
1568999467877
1568999467888
1568999467900
1568999467912
1568999467924
1568999467935
1568999467947
1568999467959
1568999467971
1568999467983
1568999467996
1568999468009
1568999468021
1568999468033
1568999468045
1568999468057
1568999468069
1568999468081
1568999468094
1568999468106
1568999468120
1568999468132
1568999468145
1568999468157
1568999468170
1568999468182
1568999468195
1568999468207
1568999468220
1568999468233
1568999468245
1568999468258
1568999468272
1568999468284
1568999468296
1568999468309
1568999468321
1568999468334
1568999468346
1568999468358
1568999468370
1568999468382
1568999468394
1568999468407
1568999468420
1568999468433
1568999468445
1568999468458
1568999468471
1568999468483
1568999468496
1568999468509
1568999468520
1568999468531
1568999468543
1568999468555
1568999468567
1568999468578
1568999468590
1568999468601
1568999468613
1568999468624
1568999468635
1568999468647
1568999468657
1568999468669
1568999468681
1568999468692
1568999468703
1568999468715
1568999468726
1568999468737
1568999468749
