1568737855446
1568737855460
1568737855474
1568737855486
1568737855498
1568737855510
1568737855521
1568737855534
1568737855546
1568737855558
1568737855570
1568737855582
1568737855595
1568737855608
1568737855620
1568737855632
1568737855645
1568737855657
1568737855669
1568737855682
1568737855694
1568737855706
1568737855718
1568737855731
1568737855744
1568737855758
1568737855770
1568737855783
1568737855796
1568737855809
1568737855821
1568737855833
1568737855846
1568737855859
1568737855872
1568737855885
1568737855898
1568737855912
1568737855925
1568737855938
1568737855951
1568737855964
1568737855977
1568737855990
1568737856003
1568737856016
1568737856028
1568737856041
1568737856055
1568737856068
1568737856082
1568737856095
1568737856109
1568737856122
1568737856136
1568737856150
1568737856163
1568737856176
1568737856188
1568737856201
1568737856214
1568737856227
1568737856241
1568737856254
1568737856268
1568737856281
1568737856294
1568737856307
1568737856320
1568737856333
1568737856346
1568737856360
1568737856374
1568737856388
1568737856400
1568737856413
1568737856429
1568737856442
1568737856455
1568737856468
1568737856482
1568737856495
1568737856509
1568737856522
1568737856536
1568737856551
1568737856564
1568737856578
1568737856592
1568737856607
1568737856621
1568737856635
1568737856649
1568737856662
1568737856675
1568737856689
1568737856702
1568737856717
1568737856730
1568737856744
1568737856758
1568737856772
1568737856785
1568737856799
1568737856812
1568737856826
1568737856839
1568737856852
1568737856866
1568737856880
1568737856894
1568737856907
1568737856919
1568737856932
1568737856946
1568737856959
1568737856971
1568737856985
1568737856998
1568737857011
1568737857025
1568737857038
1568737857051
1568737857063
1568737857076
1568737857089
1568737857102
1568737857114
1568737857126
1568737857139
1568737857151
1568737857164
1568737857177
1568737857191
1568737857205
1568737857217
1568737857230
1568737857242
1568737857255
1568737857267
1568737857280
1568737857292
1568737857305
1568737857318
1568737857330
1568737857344
1568737857356
1568737857369
1568737857381
1568737857395
