1568737852280
1568737852305
1568737852320
1568737852333
1568737852346
1568737852359
1568737852371
1568737852384
1568737852415
1568737852427
1568737852438
1568737852451
1568737852463
1568737852475
1568737852487
1568737852499
1568737852511
1568737852523
1568737852535
1568737852548
1568737852560
1568737852573
1568737852585
1568737852597
1568737852610
1568737852623
1568737852636
1568737852648
1568737852660
1568737852674
1568737852687
1568737852699
1568737852712
1568737852725
1568737852738
1568737852751
1568737852763
1568737852776
1568737852788
1568737852800
1568737852813
1568737852825
1568737852837
1568737852850
1568737852862
1568737852874
1568737852885
1568737852898
1568737852910
1568737852924
1568737852936
1568737852950
1568737852963
1568737852976
1568737852988
1568737853002
1568737853015
1568737853028
1568737853041
1568737853052
1568737853064
1568737853077
1568737853090
1568737853103
1568737853116
1568737853129
1568737853141
1568737853155
1568737853167
1568737853180
1568737853194
1568737853206
1568737853220
1568737853234
1568737853248
1568737853261
1568737853274
1568737853288
1568737853301
1568737853315
1568737853329
1568737853343
1568737853356
1568737853369
1568737853383
1568737853397
1568737853411
1568737853425
1568737853438
1568737853451
1568737853465
1568737853479
1568737853493
1568737853506
1568737853519
1568737853533
1568737853548
1568737853562
1568737853575
1568737853590
1568737853603
1568737853616
1568737853630
1568737853644
1568737853656
1568737853669
1568737853682
1568737853696
1568737853710
1568737853724
1568737853739
1568737853753
1568737853767
1568737853780
1568737853794
1568737853808
1568737853821
1568737853834
1568737853848
1568737853861
1568737853875
1568737853889
1568737853903
1568737853916
1568737853928
1568737853941
1568737853953
1568737853966
1568737853978
1568737853991
1568737854003
1568737854015
1568737854028
1568737854042
1568737854055
1568737854068
1568737854080
1568737854093
1568737854106
1568737854119
1568737854132
1568737854144
1568737854158
1568737854171
1568737854183
1568737854197
1568737854208
1568737854221
1568737854233
1568737854246
