1568737864792
1568737864805
1568737864819
1568737864831
1568737864843
1568737864856
1568737864868
1568737864880
1568737864892
1568737864906
1568737864918
1568737864930
1568737864943
1568737864956
1568737864968
1568737864981
1568737864993
1568737865006
1568737865017
1568737865030
1568737865042
1568737865055
1568737865067
1568737865080
1568737865093
1568737865106
1568737865118
1568737865131
1568737865144
1568737865156
1568737865169
1568737865182
1568737865195
1568737865209
1568737865222
1568737865235
1568737865248
1568737865263
1568737865277
1568737865290
1568737865304
1568737865317
1568737865330
1568737865343
1568737865357
1568737865370
1568737865383
1568737865396
1568737865410
1568737865425
1568737865439
1568737865453
1568737865465
1568737865478
1568737865491
1568737865504
1568737865517
1568737865531
1568737865544
1568737865558
1568737865571
1568737865584
1568737865597
1568737865609
1568737865622
1568737865635
1568737865648
1568737865661
1568737865673
1568737865686
1568737865699
1568737865712
1568737865726
1568737865741
1568737865754
1568737865767
1568737865780
1568737865794
1568737865807
1568737865820
1568737865832
1568737865846
1568737865859
1568737865872
1568737865885
1568737865900
1568737865914
1568737865927
1568737865940
1568737865953
1568737865966
1568737865980
1568737865993
1568737866006
1568737866020
1568737866033
1568737866046
1568737866061
1568737866075
1568737866088
1568737866102
1568737866116
1568737866129
1568737866142
1568737866155
1568737866168
1568737866182
1568737866195
1568737866208
1568737866222
1568737866236
1568737866250
1568737866264
1568737866277
1568737866291
1568737866305
1568737866318
1568737866330
1568737866342
1568737866355
1568737866368
1568737866381
1568737866394
1568737866407
1568737866419
1568737866432
1568737866445
1568737866459
1568737866470
1568737866483
1568737866494
1568737866506
1568737866519
1568737866531
1568737866543
1568737866556
1568737866568
1568737866580
1568737866592
1568737866604
1568737866616
1568737866628
1568737866640
1568737866652
1568737866665
1568737866678
1568737866691
1568737866703
1568737866715
1568737866727
