1568737890746
1568737890759
1568737890774
1568737890787
1568737890800
1568737890813
1568737890826
1568737890839
1568737890851
1568737890862
1568737890874
1568737890887
1568737890899
1568737890913
1568737890925
1568737890938
1568737890952
1568737890965
1568737890977
1568737890990
1568737891002
1568737891013
1568737891025
1568737891036
1568737891048
1568737891062
1568737891075
1568737891088
1568737891100
1568737891113
1568737891127
1568737891140
1568737891153
1568737891166
1568737891178
1568737891191
1568737891204
1568737891218
1568737891230
1568737891242
1568737891254
1568737891266
1568737891279
1568737891291
1568737891304
1568737891317
1568737891330
1568737891343
1568737891356
1568737891370
1568737891383
1568737891396
1568737891408
1568737891421
1568737891433
1568737891445
1568737891458
1568737891470
1568737891482
1568737891495
1568737891508
1568737891521
1568737891534
1568737891546
1568737891558
1568737891570
1568737891582
1568737891595
1568737891608
1568737891621
1568737891633
1568737891647
1568737891659
1568737891673
1568737891686
1568737891699
1568737891712
1568737891725
1568737891738
1568737891752
1568737891765
1568737891777
1568737891790
1568737891803
1568737891816
1568737891831
1568737891844
1568737891857
1568737891870
1568737891885
1568737891899
1568737891911
1568737891924
1568737891937
1568737891950
1568737891963
1568737891976
1568737891990
1568737892003
1568737892016
1568737892030
1568737892043
1568737892056
1568737892069
1568737892082
1568737892095
1568737892108
1568737892121
1568737892135
1568737892149
1568737892162
1568737892175
1568737892188
1568737892201
1568737892214
1568737892227
1568737892240
1568737892253
1568737892265
1568737892278
1568737892292
1568737892305
1568737892319
1568737892332
1568737892345
1568737892359
1568737892372
1568737892386
1568737892400
1568737892414
1568737892427
1568737892439
1568737892452
1568737892464
1568737892477
1568737892489
1568737892502
1568737892514
1568737892526
1568737892538
1568737892552
1568737892565
1568737892578
1568737892591
1568737892604
1568737892619
1568737892632
1568737892644
1568737892657
1568737892670
