1568737893836
1568737893848
1568737893862
1568737893876
1568737893889
1568737893902
1568737893915
1568737893927
1568737893940
1568737893952
1568737893963
1568737893975
1568737893988
1568737894001
1568737894013
1568737894024
1568737894036
1568737894049
1568737894061
1568737894073
1568737894085
1568737894097
1568737894109
1568737894122
1568737894135
1568737894148
1568737894160
1568737894172
1568737894184
1568737894196
1568737894208
1568737894221
1568737894233
1568737894246
1568737894260
1568737894274
1568737894287
1568737894302
1568737894316
1568737894329
1568737894342
1568737894354
1568737894366
1568737894378
1568737894391
1568737894404
1568737894417
1568737894430
1568737894444
1568737894457
1568737894470
1568737894483
1568737894496
1568737894509
1568737894521
1568737894534
1568737894547
1568737894560
1568737894573
1568737894586
1568737894600
1568737894613
1568737894627
1568737894640
1568737894653
1568737894666
1568737894680
1568737894693
1568737894706
1568737894720
1568737894734
1568737894748
1568737894761
1568737894774
1568737894787
1568737894800
1568737894813
1568737894827
1568737894839
1568737894852
1568737894865
1568737894879
1568737894892
1568737894905
1568737894918
1568737894932
1568737894946
1568737894960
1568737894972
1568737894985
1568737894999
1568737895011
1568737895024
1568737895037
1568737895050
1568737895063
1568737895077
1568737895091
1568737895105
1568737895118
1568737895132
1568737895146
1568737895159
1568737895173
1568737895186
1568737895199
1568737895213
1568737895226
1568737895240
1568737895254
1568737895267
1568737895280
1568737895292
1568737895306
1568737895319
1568737895335
1568737895348
1568737895362
1568737895375
1568737895388
1568737895401
1568737895414
1568737895425
1568737895439
1568737895453
1568737895466
1568737895477
1568737895489
1568737895502
1568737895515
1568737895527
1568737895540
1568737895554
1568737895567
1568737895581
1568737895595
1568737895607
1568737895620
1568737895634
1568737895648
1568737895661
1568737895674
1568737895686
1568737895699
1568737895713
1568737895727
1568737895740
1568737895753
1568737895766
1568737895780
