1568737858587
1568737858599
1568737858612
1568737858624
1568737858635
1568737858647
1568737858659
1568737858670
1568737858681
1568737858693
1568737858705
1568737858717
1568737858730
1568737858742
1568737858754
1568737858766
1568737858777
1568737858789
1568737858800
1568737858812
1568737858824
1568737858836
1568737858848
1568737858860
1568737858873
1568737858885
1568737858898
1568737858910
1568737858922
1568737858934
1568737858946
1568737858958
1568737858970
1568737858982
1568737858996
1568737859009
1568737859022
1568737859036
1568737859049
1568737859062
1568737859076
1568737859089
1568737859103
1568737859116
1568737859129
1568737859143
1568737859156
1568737859169
1568737859183
1568737859196
1568737859208
1568737859221
1568737859234
1568737859247
1568737859260
1568737859273
1568737859287
1568737859299
1568737859312
1568737859326
1568737859339
1568737859353
1568737859366
1568737859379
1568737859393
1568737859406
1568737859419
1568737859432
1568737859445
1568737859458
1568737859472
1568737859485
1568737859498
1568737859512
1568737859525
1568737859538
1568737859550
1568737859564
1568737859578
1568737859592
1568737859605
1568737859618
1568737859631
1568737859645
1568737859660
1568737859674
1568737859688
1568737859701
1568737859714
1568737859728
1568737859742
1568737859755
1568737859768
1568737859782
1568737859795
1568737859809
1568737859822
1568737859836
1568737859849
1568737859863
1568737859877
1568737859891
1568737859904
1568737859918
1568737859932
1568737859945
1568737859958
1568737859972
1568737859986
1568737860001
1568737860015
1568737860029
1568737860043
1568737860057
1568737860070
1568737860084
1568737860098
1568737860112
1568737860125
1568737860136
1568737860149
1568737860162
1568737860175
1568737860188
1568737860201
1568737860214
1568737860226
1568737860238
1568737860250
1568737860261
1568737860274
1568737860286
1568737860298
1568737860310
1568737860323
1568737860336
1568737860348
1568737860360
1568737860373
1568737860384
1568737860398
1568737860410
1568737860422
1568737860435
1568737860447
1568737860460
1568737860473
1568737860485
1568737860497
1568737860509
