1568737892297
1568737892312
1568737892326
1568737892339
1568737892352
1568737892367
1568737892380
1568737892394
1568737892407
1568737892420
1568737892433
1568737892446
1568737892458
1568737892470
1568737892482
1568737892494
1568737892506
1568737892518
1568737892530
1568737892542
1568737892556
1568737892569
1568737892582
1568737892593
1568737892608
1568737892622
1568737892637
1568737892649
1568737892661
1568737892676
1568737892691
1568737892704
1568737892715
1568737892728
1568737892741
1568737892753
1568737892766
1568737892781
1568737892793
1568737892806
1568737892819
1568737892832
1568737892846
1568737892859
1568737892872
1568737892885
1568737892897
1568737892910
1568737892923
1568737892937
1568737892950
1568737892963
1568737892977
1568737892990
1568737893003
1568737893015
1568737893028
1568737893041
1568737893054
1568737893067
1568737893081
1568737893094
1568737893107
1568737893119
1568737893132
1568737893145
1568737893157
1568737893169
1568737893181
1568737893193
1568737893205
1568737893218
1568737893232
1568737893245
1568737893258
1568737893271
1568737893284
1568737893297
1568737893310
1568737893325
1568737893338
1568737893351
1568737893364
1568737893377
1568737893390
1568737893403
1568737893416
1568737893429
1568737893442
1568737893455
1568737893469
1568737893482
1568737893496
1568737893509
1568737893522
1568737893536
1568737893551
1568737893566
1568737893579
1568737893593
1568737893606
1568737893620
1568737893633
1568737893647
1568737893660
1568737893673
1568737893686
1568737893699
1568737893713
1568737893728
1568737893742
1568737893755
1568737893769
1568737893781
1568737893795
1568737893808
1568737893820
1568737893833
1568737893845
1568737893857
1568737893870
1568737893884
1568737893897
1568737893911
1568737893923
1568737893936
1568737893949
1568737893962
1568737893973
1568737893986
1568737893997
1568737894010
1568737894022
1568737894035
1568737894048
1568737894060
1568737894072
1568737894085
1568737894098
1568737894111
1568737894124
1568737894137
1568737894151
1568737894163
1568737894176
1568737894190
1568737894203
1568737894216
1568737894230
1568737894243
