1568995624728
1568995624742
1568995624757
1568995624769
1568995624781
1568995624792
1568995624804
1568995624816
1568995624827
1568995624838
1568995624850
1568995624861
1568995624873
1568995624886
1568995624897
1568995624909
1568995624920
1568995624932
1568995624944
1568995624956
1568995624969
1568995624981
1568995624992
1568995625005
1568995625017
1568995625030
1568995625042
1568995625055
1568995625067
1568995625079
1568995625090
1568995625103
1568995625115
1568995625128
1568995625140
1568995625153
1568995625164
1568995625176
1568995625189
1568995625201
1568995625213
1568995625226
1568995625238
1568995625250
1568995625261
1568995625273
1568995625286
1568995625299
1568995625312
1568995625325
1568995625338
1568995625352
1568995625364
1568995625377
1568995625390
1568995625403
1568995625413
1568995625426
1568995625438
1568995625451
1568995625463
1568995625476
1568995625489
1568995625500
1568995625512
1568995625524
1568995625537
1568995625551
1568995625563
1568995625576
1568995625588
1568995625602
1568995625614
1568995625628
1568995625642
1568995625654
1568995625667
1568995625680
1568995625693
1568995625706
1568995625719
1568995625731
1568995625744
1568995625756
1568995625769
1568995625781
1568995625793
1568995625806
1568995625819
1568995625832
1568995625844
1568995625857
1568995625870
1568995625883
1568995625896
1568995625909
1568995625923
1568995625936
1568995625949
1568995625961
1568995625974
1568995625986
1568995625999
1568995626011
1568995626023
1568995626036
1568995626049
1568995626061
1568995626074
1568995626087
1568995626100
1568995626113
1568995626126
1568995626138
1568995626152
1568995626165
1568995626176
1568995626189
1568995626201
1568995626215
1568995626228
1568995626241
1568995626255
1568995626267
1568995626280
1568995626292
1568995626305
1568995626318
1568995626330
1568995626341
1568995626353
1568995626365
1568995626377
1568995626390
1568995626401
1568995626412
1568995626424
1568995626436
1568995626447
1568995626458
1568995626470
1568995626482
1568995626494
1568995626507
1568995626518
1568995626531
1568995626543
1568995626555
1568995626566
1568995626578
