1568995668390
1568995668405
1568995668423
1568995668437
1568995668451
1568995668463
1568995668477
1568995668490
1568995668505
1568995668520
1568995668534
1568995668547
1568995668563
1568995668577
1568995668591
1568995668604
1568995668616
1568995668628
1568995668640
1568995668653
1568995668665
1568995668678
1568995668693
1568995668707
1568995668721
1568995668735
1568995668747
1568995668762
1568995668777
1568995668791
1568995668803
1568995668817
1568995668831
1568995668844
1568995668857
1568995668869
1568995668884
1568995668899
1568995668913
1568995668926
1568995668938
1568995668951
1568995669022
1568995669073
1568995669102
1568995669127
1568995669147
1568995669167
1568995669183
1568995669199
1568995669212
1568995669227
1568995669241
1568995669254
1568995669266
1568995669279
1568995669292
1568995669307
1568995669320
1568995669334
1568995669353
1568995669371
1568995669387
1568995669402
1568995669416
1568995669431
1568995669446
1568995669462
1568995669477
1568995669492
1568995669508
1568995669523
1568995669538
1568995669555
1568995669570
1568995669586
1568995669600
1568995669614
1568995669631
1568995669645
1568995669660
1568995669676
1568995669693
1568995669708
1568995669724
1568995669740
1568995669755
1568995669770
1568995669786
1568995669802
1568995669816
1568995669831
1568995669846
1568995669862
1568995669879
1568995669895
1568995669911
1568995669929
1568995669944
1568995669961
1568995669980
1568995670001
1568995670018
1568995670037
1568995670053
1568995670075
1568995670097
1568995670114
1568995670130
1568995670148
1568995670166
1568995670186
1568995670202
1568995670218
1568995670232
1568995670246
1568995670273
1568995670293
1568995670316
1568995670340
1568995670372
1568995670388
1568995670402
1568995670424
1568995670441
1568995670471
1568995670486
1568995670504
1568995670518
1568995670553
1568995670570
1568995670586
1568995670606
1568995670622
1568995670636
1568995670653
1568995670667
1568995670681
1568995670695
1568995670709
1568995670723
1568995670738
1568995670752
1568995670764
1568995670777
1568995670790
1568995670804
1568995670818
1568995670834
1568995670850
