1568995666599
1568995666614
1568995666629
1568995666641
1568995666654
1568995666667
1568995666680
1568995666694
1568995666708
1568995666724
1568995666737
1568995666750
1568995666763
1568995666778
1568995666792
1568995666805
1568995666817
1568995666829
1568995666840
1568995666856
1568995666869
1568995666882
1568995666894
1568995666906
1568995666919
1568995666933
1568995666945
1568995666960
1568995666972
1568995666990
1568995667003
1568995667016
1568995667028
1568995667041
1568995667054
1568995667067
1568995667079
1568995667092
1568995667104
1568995667116
1568995667129
1568995667141
1568995667153
1568995667164
1568995667176
1568995667191
1568995667206
1568995667221
1568995667234
1568995667247
1568995667259
1568995667271
1568995667284
1568995667295
1568995667306
1568995667319
1568995667332
1568995667345
1568995667358
1568995667377
1568995667393
1568995667408
1568995667422
1568995667435
1568995667490
1568995667545
1568995667580
1568995667602
1568995667625
1568995667645
1568995667662
1568995667677
1568995667692
1568995667708
1568995667724
1568995667740
1568995667760
1568995667777
1568995667796
1568995667813
1568995667827
1568995667842
1568995667858
1568995667875
1568995667891
1568995667909
1568995667928
1568995667946
1568995667967
1568995667986
1568995668002
1568995668018
1568995668035
1568995668053
1568995668069
1568995668088
1568995668104
1568995668124
1568995668140
1568995668155
1568995668169
1568995668183
1568995668197
1568995668212
1568995668226
1568995668241
1568995668255
1568995668271
1568995668286
1568995668303
1568995668318
1568995668332
1568995668346
1568995668358
1568995668372
1568995668386
1568995668402
1568995668417
1568995668431
1568995668446
1568995668459
1568995668474
1568995668489
1568995668505
1568995668521
1568995668535
1568995668549
1568995668564
1568995668579
1568995668593
1568995668606
1568995668618
1568995668630
1568995668644
1568995668656
1568995668669
1568995668684
1568995668698
1568995668713
1568995668727
1568995668740
1568995668754
1568995668768
1568995668784
1568995668797
1568995668811
1568995668826
1568995668840
1568995668853
1568995668866
