1568995647648
1568995647660
1568995647673
1568995647684
1568995647697
1568995647708
1568995647719
1568995647731
1568995647742
1568995647756
1568995647770
1568995647783
1568995647797
1568995647811
1568995647825
1568995647839
1568995647852
1568995647864
1568995647876
1568995647889
1568995647901
1568995647914
1568995647929
1568995647943
1568995647956
1568995647970
1568995647982
1568995647996
1568995648012
1568995648028
1568995648041
1568995648055
1568995648067
1568995648080
1568995648094
1568995648111
1568995648127
1568995648142
1568995648157
1568995648173
1568995648188
1568995648204
1568995648219
1568995648233
1568995648247
1568995648260
1568995648271
1568995648283
1568995648294
1568995648307
1568995648319
1568995648331
1568995648344
1568995648355
1568995648367
1568995648379
1568995648391
1568995648403
1568995648415
1568995648427
1568995648439
1568995648452
1568995648464
1568995648477
1568995648491
1568995648503
1568995648516
1568995648528
1568995648540
1568995648555
1568995648568
1568995648582
1568995648594
1568995648608
1568995648624
1568995648637
1568995648649
1568995648661
1568995648673
1568995648686
1568995648699
1568995648712
1568995648725
1568995648738
1568995648751
1568995648764
1568995648777
1568995648790
1568995648806
1568995648821
1568995648835
1568995648849
1568995648862
1568995648875
1568995648887
1568995648899
1568995648912
1568995648925
1568995648939
1568995648953
1568995648966
1568995648978
1568995648991
1568995649004
1568995649017
1568995649030
1568995649042
1568995649056
1568995649069
1568995649083
1568995649096
1568995649111
1568995649126
1568995649141
1568995649155
1568995649171
1568995649186
1568995649201
1568995649214
1568995649228
1568995649241
1568995649258
1568995649272
1568995649285
1568995649299
1568995649313
1568995649325
1568995649338
1568995649350
1568995649362
1568995649373
1568995649385
1568995649397
1568995649410
1568995649423
1568995649435
1568995649447
1568995649458
1568995649470
1568995649482
1568995649497
1568995649510
1568995649523
1568995649536
1568995649549
1568995649564
1568995649579
1568995649592
1568995649604
1568995649617
