1568390479964
1568390479977
1568390479991
1568390480004
1568390480017
1568390480031
1568390480045
1568390480058
1568390480072
1568390480086
1568390480100
1568390480113
1568390480127
1568390480141
1568390480154
1568390480167
1568390480180
1568390480194
1568390480206
1568390480219
1568390480233
1568390480246
1568390480259
1568390480272
1568390480286
1568390480299
1568390480312
1568390480325
1568390480337
1568390480350
1568390480363
1568390480377
1568390480390
1568390480403
1568390480416
1568390480429
1568390480443
1568390480457
1568390480470
1568390480482
1568390480495
1568390480508
1568390480521
1568390480534
1568390480547
1568390480560
1568390480573
1568390480586
1568390480599
1568390480613
1568390480627
1568390480640
1568390480653
1568390480666
1568390480679
1568390480692
1568390480705
1568390480718
1568390480731
1568390480745
1568390480758
1568390480772
1568390480785
1568390480798
1568390480811
1568390480824
1568390480837
1568390480850
1568390480864
1568390480877
1568390480890
1568390480902
1568390480916
1568390480929
1568390480943
1568390480956
1568390480968
1568390480982
1568390480994
1568390481006
1568390481019
1568390481030
1568390481041
1568390481053
1568390481065
1568390481077
1568390481089
1568390481101
1568390481112
1568390481124
1568390481136
1568390481147
1568390481159
1568390481171
1568390481183
1568390481196
1568390481208
1568390481220
1568390481232
1568390481244
1568390481256
1568390481268
1568390481281
1568390481292
1568390481304
1568390481316
1568390481328
1568390481340
1568390481352
1568390481365
1568390481377
1568390481389
1568390481401
1568390481413
1568390481424
1568390481435
1568390481447
1568390481459
1568390481471
1568390481483
1568390481495
1568390481508
1568390481520
1568390481533
1568390481545
1568390481557
1568390481570
1568390481581
1568390481592
1568390481604
1568390481616
1568390481628
1568390481639
1568390481651
1568390481663
1568390481676
1568390481688
1568390481699
1568390481710
1568390481723
1568390481735
1568390481746
1568390481758
1568390481787
1568390481799
1568390481816
1568390481833
1568390481850
1568390481864
1568390481878
