1568390465598
1568390465612
1568390465626
1568390465639
1568390465652
1568390465664
1568390465676
1568390465689
1568390465702
1568390465715
1568390465727
1568390465740
1568390465754
1568390465767
1568390465781
1568390465794
1568390465806
1568390465817
1568390465828
1568390465840
1568390465851
1568390465865
1568390465877
1568390465889
1568390465900
1568390465913
1568390465925
1568390465937
1568390465949
1568390465961
1568390465973
1568390465986
1568390465999
1568390466012
1568390466023
1568390466036
1568390466048
1568390466060
1568390466073
1568390466086
1568390466098
1568390466110
1568390466122
1568390466134
1568390466146
1568390466159
1568390466171
1568390466183
1568390466196
1568390466209
1568390466221
1568390466233
1568390466245
1568390466258
1568390466270
1568390466282
1568390466294
1568390466307
1568390466318
1568390466331
1568390466343
1568390466356
1568390466369
1568390466381
1568390466394
1568390466406
1568390466417
1568390466429
1568390466441
1568390466454
1568390466466
1568390466478
1568390466490
1568390466503
1568390466516
1568390466529
1568390466542
1568390466554
1568390466567
1568390466580
1568390466592
1568390466605
1568390466618
1568390466632
1568390466645
1568390466659
1568390466671
1568390466684
1568390466696
1568390466709
1568390466721
1568390466735
1568390466747
1568390466760
1568390466772
1568390466785
1568390466799
1568390466813
1568390466826
1568390466838
1568390466851
1568390466864
1568390466878
1568390466890
1568390466903
1568390466917
1568390466930
1568390466943
1568390466956
1568390466970
1568390466983
1568390466996
1568390467009
1568390467022
1568390467034
1568390467048
1568390467060
1568390467073
1568390467085
1568390467099
1568390467112
1568390467126
1568390467139
1568390467153
1568390467166
1568390467179
1568390467192
1568390467205
1568390467218
1568390467230
1568390467242
1568390467255
1568390467269
1568390467284
1568390467297
1568390467310
1568390467323
1568390467336
1568390467348
1568390467360
1568390467372
1568390467385
1568390467398
1568390467411
1568390467424
1568390467437
1568390467449
1568390467463
1568390467476
1568390467488
