1568390426010
1568390426023
1568390426036
1568390426049
1568390426061
1568390426073
1568390426085
1568390426097
1568390426108
1568390426120
1568390426132
1568390426145
1568390426157
1568390426169
1568390426181
1568390426194
1568390426206
1568390426218
1568390426230
1568390426242
1568390426253
1568390426265
1568390426277
1568390426290
1568390426302
1568390426315
1568390426327
1568390426339
1568390426351
1568390426364
1568390426376
1568390426388
1568390426400
1568390426412
1568390426424
1568390426437
1568390426449
1568390426462
1568390426475
1568390426487
1568390426499
1568390426510
1568390426523
1568390426536
1568390426548
1568390426560
1568390426572
1568390426583
1568390426595
1568390426608
1568390426621
1568390426634
1568390426646
1568390426658
1568390426671
1568390426683
1568390426694
1568390426707
1568390426719
1568390426732
1568390426744
1568390426757
1568390426769
1568390426781
1568390426793
1568390426805
1568390426817
1568390426829
1568390426840
1568390426852
1568390426864
1568390426876
1568390426889
1568390426902
1568390426914
1568390426927
1568390426938
1568390426950
1568390426962
1568390426975
1568390426988
1568390427000
1568390427014
1568390427027
1568390427040
1568390427054
1568390427068
1568390427082
1568390427094
1568390427107
1568390427120
1568390427133
1568390427146
1568390427159
1568390427172
1568390427185
1568390427198
1568390427213
1568390427226
1568390427240
1568390427252
1568390427265
1568390427279
1568390427292
1568390427305
1568390427319
1568390427332
1568390427345
1568390427358
1568390427372
1568390427384
1568390427398
1568390427411
1568390427424
1568390427437
1568390427450
1568390427463
1568390427476
1568390427489
1568390427502
1568390427515
1568390427528
1568390427540
1568390427551
1568390427563
1568390427574
1568390427586
1568390427598
1568390427609
1568390427621
1568390427633
1568390427645
1568390427657
1568390427671
1568390427683
1568390427695
1568390427706
1568390427718
1568390427730
1568390427742
1568390427753
1568390427766
1568390427778
1568390427790
1568390427802
1568390427815
1568390427828
1568390427840
1568390427852
1568390427865
