1568390449363
1568390449376
1568390449391
1568390449403
1568390449415
1568390449426
1568390449439
1568390449452
1568390449464
1568390449476
1568390449488
1568390449500
1568390449513
1568390449526
1568390449538
1568390449551
1568390449562
1568390449574
1568390449586
1568390449598
1568390449610
1568390449621
1568390449633
1568390449646
1568390449659
1568390449673
1568390449685
1568390449698
1568390449710
1568390449723
1568390449735
1568390449748
1568390449760
1568390449772
1568390449785
1568390449798
1568390449810
1568390449823
1568390449835
1568390449848
1568390449859
1568390449871
1568390449883
1568390449895
1568390449907
1568390449919
1568390449931
1568390449943
1568390449955
1568390449968
1568390449981
1568390449993
1568390450006
1568390450018
1568390450030
1568390450042
1568390450054
1568390450066
1568390450078
1568390450091
1568390450102
1568390450115
1568390450127
1568390450139
1568390450151
1568390450164
1568390450175
1568390450187
1568390450198
1568390450211
1568390450224
1568390450237
1568390450250
1568390450264
1568390450278
1568390450291
1568390450303
1568390450316
1568390450330
1568390450343
1568390450356
1568390450369
1568390450382
1568390450395
1568390450408
1568390450423
1568390450435
1568390450449
1568390450462
1568390450476
1568390450488
1568390450501
1568390450514
1568390450528
1568390450541
1568390450554
1568390450567
1568390450581
1568390450595
1568390450608
1568390450621
1568390450635
1568390450648
1568390450660
1568390450673
1568390450687
1568390450700
1568390450713
1568390450726
1568390450740
1568390450753
1568390450766
1568390450779
1568390450792
1568390450805
1568390450818
1568390450831
1568390450844
1568390450858
1568390450870
1568390450884
1568390450898
1568390450911
1568390450924
1568390450936
1568390450949
1568390450962
1568390450975
1568390450987
1568390451001
1568390451015
1568390451029
1568390451042
1568390451056
1568390451070
1568390451084
1568390451098
1568390451112
1568390451125
1568390451138
1568390451152
1568390451165
1568390451178
1568390451193
1568390451207
1568390451222
1568390451236
1568390451250
1568390451263
1568390451277
