1568390454216
1568390454229
1568390454243
1568390454256
1568390454272
1568390454287
1568390454301
1568390454315
1568390454328
1568390454340
1568390454352
1568390454364
1568390454377
1568390454389
1568390454403
1568390454416
1568390454429
1568390454443
1568390454456
1568390454469
1568390454481
1568390454493
1568390454506
1568390454521
1568390454534
1568390454547
1568390454559
1568390454574
1568390454586
1568390454600
1568390454613
1568390454627
1568390454639
1568390454652
1568390454664
1568390454677
1568390454691
1568390454704
1568390454716
1568390454729
1568390454742
1568390454753
1568390454766
1568390454779
1568390454790
1568390454803
1568390454816
1568390454828
1568390454840
1568390454852
1568390454865
1568390454877
1568390454889
1568390454902
1568390454914
1568390454927
1568390454941
1568390454954
1568390454966
1568390454979
1568390454993
1568390455006
1568390455018
1568390455031
1568390455045
1568390455058
1568390455069
1568390455082
1568390455094
1568390455107
1568390455119
1568390455131
1568390455144
1568390455157
1568390455170
1568390455182
1568390455196
1568390455210
1568390455223
1568390455236
1568390455249
1568390455263
1568390455276
1568390455290
1568390455303
1568390455317
1568390455330
1568390455343
1568390455356
1568390455370
1568390455384
1568390455397
1568390455410
1568390455423
1568390455436
1568390455450
1568390455463
1568390455477
1568390455490
1568390455502
1568390455516
1568390455529
1568390455542
1568390455555
1568390455568
1568390455581
1568390455595
1568390455608
1568390455621
1568390455634
1568390455647
1568390455660
1568390455673
1568390455686
1568390455699
1568390455712
1568390455725
1568390455738
1568390455751
1568390455764
1568390455777
1568390455791
1568390455804
1568390455817
1568390455829
1568390455842
1568390455855
1568390455868
1568390455881
1568390455894
1568390455907
1568390455920
1568390455933
1568390455947
1568390455958
1568390455971
1568390455982
1568390455994
1568390456006
1568390456019
1568390456032
1568390456046
1568390456058
1568390456071
1568390456084
1568390456096
1568390456109
1568390456122
1568390456135
1568390456147
