1568390441423
1568390441436
1568390441450
1568390441463
1568390441476
1568390441488
1568390441500
1568390441513
1568390441525
1568390441538
1568390441550
1568390441562
1568390441574
1568390441587
1568390441600
1568390441612
1568390441625
1568390441637
1568390441650
1568390441663
1568390441676
1568390441689
1568390441702
1568390441714
1568390441728
1568390441742
1568390441755
1568390441769
1568390441782
1568390441795
1568390441808
1568390441821
1568390441835
1568390441848
1568390441862
1568390441875
1568390441889
1568390441906
1568390441921
1568390441938
1568390441951
1568390441966
1568390441982
1568390441996
1568390442009
1568390442023
1568390442037
1568390442051
1568390442065
1568390442083
1568390442098
1568390442112
1568390442133
1568390442148
1568390442176
1568390442190
1568390442205
1568390442225
1568390442250
1568390442265
1568390442278
1568390442296
1568390442310
1568390442335
1568390442348
1568390442363
1568390442376
1568390442395
1568390442409
1568390442422
1568390442436
1568390442449
1568390442462
1568390442476
1568390442490
1568390442503
1568390442517
1568390442529
1568390442542
1568390442555
1568390442568
1568390442581
1568390442594
1568390442608
1568390442621
1568390442634
1568390442647
1568390442661
1568390442673
1568390442686
1568390442699
1568390442712
1568390442726
1568390442739
1568390442752
1568390442766
1568390442779
1568390442794
1568390442807
1568390442821
1568390442835
1568390442848
1568390442862
1568390442876
1568390442889
1568390442902
1568390442916
1568390442929
1568390442943
1568390442958
1568390442971
1568390442985
1568390442997
1568390443010
1568390443022
1568390443034
1568390443046
1568390443059
1568390443072
1568390443085
1568390443098
1568390443112
1568390443125
1568390443137
1568390443150
1568390443162
1568390443174
1568390443187
1568390443199
1568390443213
1568390443225
1568390443238
1568390443250
1568390443264
1568390443276
1568390443288
1568390443300
1568390443312
1568390443325
1568390443338
1568390443351
1568390443364
1568390443377
1568390443390
1568390443403
1568390443416
1568390443429
1568390443444
1568390443456
1568390443469
