1568390444568
1568390444581
1568390444595
1568390444607
1568390444618
1568390444631
1568390444642
1568390444654
1568390444666
1568390444678
1568390444691
1568390444703
1568390444716
1568390444728
1568390444740
1568390444753
1568390444765
1568390444777
1568390444789
1568390444800
1568390444812
1568390444823
1568390444835
1568390444848
1568390444860
1568390444872
1568390444884
1568390444898
1568390444910
1568390444922
1568390444934
1568390444946
1568390444958
1568390444970
1568390444982
1568390444994
1568390445007
1568390445019
1568390445031
1568390445043
1568390445055
1568390445068
1568390445080
1568390445092
1568390445105
1568390445116
1568390445128
1568390445140
1568390445152
1568390445165
1568390445178
1568390445191
1568390445203
1568390445216
1568390445228
1568390445240
1568390445252
1568390445265
1568390445277
1568390445289
1568390445302
1568390445315
1568390445326
1568390445338
1568390445350
1568390445363
1568390445375
1568390445388
1568390445399
1568390445410
1568390445422
1568390445435
1568390445447
1568390445461
1568390445474
1568390445487
1568390445500
1568390445512
1568390445525
1568390445536
1568390445549
1568390445562
1568390445575
1568390445588
1568390445601
1568390445616
1568390445628
1568390445641
1568390445654
1568390445667
1568390445679
1568390445692
1568390445704
1568390445718
1568390445731
1568390445744
1568390445757
1568390445771
1568390445784
1568390445799
1568390445812
1568390445825
1568390445838
1568390445851
1568390445864
1568390445877
1568390445890
1568390445903
1568390445917
1568390445930
1568390445944
1568390445957
1568390445969
1568390445983
1568390445996
1568390446009
1568390446021
1568390446035
1568390446048
1568390446061
1568390446074
1568390446088
1568390446102
1568390446115
1568390446128
1568390446141
1568390446154
1568390446166
1568390446178
1568390446191
1568390446203
1568390446217
1568390446229
1568390446242
1568390446254
1568390446266
1568390446278
1568390446291
1568390446303
1568390446314
1568390446327
1568390446339
1568390446351
1568390446364
1568390446377
1568390446391
1568390446404
1568390446419
1568390446431
1568390446443
