1568390468831
1568390468843
1568390468856
1568390468870
1568390468883
1568390468896
1568390468909
1568390468921
1568390468934
1568390468946
1568390468958
1568390468970
1568390468983
1568390468997
1568390469009
1568390469022
1568390469035
1568390469049
1568390469061
1568390469074
1568390469089
1568390469102
1568390469115
1568390469131
1568390469145
1568390469159
1568390469172
1568390469185
1568390469197
1568390469212
1568390469225
1568390469238
1568390469251
1568390469263
1568390469276
1568390469289
1568390469302
1568390469316
1568390469329
1568390469342
1568390469356
1568390469368
1568390469380
1568390469391
1568390469403
1568390469416
1568390469428
1568390469441
1568390469454
1568390469467
1568390469480
1568390469493
1568390469506
1568390469518
1568390469529
1568390469542
1568390469555
1568390469568
1568390469580
1568390469593
1568390469606
1568390469619
1568390469632
1568390469644
1568390469656
1568390469668
1568390469680
1568390469693
1568390469706
1568390469718
1568390469731
1568390469743
1568390469756
1568390469770
1568390469782
1568390469795
1568390469810
1568390469823
1568390469836
1568390469849
1568390469862
1568390469875
1568390469887
1568390469901
1568390469915
1568390469929
1568390469942
1568390469954
1568390469967
1568390469981
1568390469994
1568390470008
1568390470021
1568390470034
1568390470047
1568390470061
1568390470074
1568390470088
1568390470101
1568390470115
1568390470128
1568390470141
1568390470154
1568390470167
1568390470180
1568390470193
1568390470206
1568390470219
1568390470233
1568390470246
1568390470260
1568390470274
1568390470287
1568390470300
1568390470313
1568390470326
1568390470338
1568390470351
1568390470364
1568390470378
1568390470391
1568390470405
1568390470417
1568390470430
1568390470443
1568390470457
1568390470470
1568390470484
1568390470498
1568390470512
1568390470525
1568390470538
1568390470552
1568390470566
1568390470580
1568390470593
1568390470606
1568390470618
1568390470631
1568390470644
1568390470657
1568390470670
1568390470683
1568390470695
1568390470708
1568390470721
1568390470734
1568390470748
1568390470760
1568390470773
