1568734850901
1568734850916
1568734850932
1568734850947
1568734850961
1568734850975
1568734850989
1568734851002
1568734851015
1568734851028
1568734851041
1568734851055
1568734851069
1568734851085
1568734851100
1568734851114
1568734851127
1568734851140
1568734851153
1568734851166
1568734851179
1568734851191
1568734851205
1568734851218
1568734851231
1568734851247
1568734851261
1568734851275
1568734851287
1568734851300
1568734851313
1568734851327
1568734851341
1568734851355
1568734851369
1568734851384
1568734851399
1568734851413
1568734851427
1568734851441
1568734851455
1568734851470
1568734851483
1568734851497
1568734851510
1568734851524
1568734851537
1568734851551
1568734851566
1568734851581
1568734851595
1568734851609
1568734851623
1568734851636
1568734851649
1568734851663
1568734851677
1568734851691
1568734851705
1568734851720
1568734851734
1568734851748
1568734851762
1568734851776
1568734851788
1568734851804
1568734851818
1568734851832
1568734851845
1568734851859
1568734851873
1568734851888
1568734851902
1568734851917
1568734851931
1568734851946
1568734851960
1568734851974
1568734851988
1568734852002
1568734852017
1568734852032
1568734852047
1568734852061
1568734852076
1568734852092
1568734852108
1568734852123
1568734852137
1568734852152
1568734852167
1568734852182
1568734852199
1568734852215
1568734852230
1568734852245
1568734852259
1568734852274
1568734852290
1568734852306
1568734852320
1568734852335
1568734852349
1568734852365
1568734852379
1568734852396
1568734852411
1568734852427
1568734852441
1568734852457
1568734852474
1568734852511
1568734852529
1568734852547
1568734852563
1568734852580
1568734852596
1568734852659
1568734852696
1568734852719
1568734852740
1568734852759
1568734852775
1568734852792
1568734852806
1568734852820
1568734852833
1568734852848
1568734852862
1568734852879
1568734852895
1568734852910
1568734852924
1568734852939
1568734852955
1568734852969
1568734852984
1568734853002
1568734853018
1568734853034
1568734853048
1568734853062
1568734853078
1568734853094
1568734853109
1568734853127
1568734853141
1568734853156
1568734853169
1568734853186
