1568734877465
1568734877483
1568734877500
1568734877516
1568734877531
1568734877546
1568734877562
1568734877577
1568734877592
1568734877607
1568734877621
1568734877636
1568734877653
1568734877671
1568734877687
1568734877701
1568734877716
1568734877732
1568734877748
1568734877765
1568734877779
1568734877793
1568734877810
1568734877827
1568734877843
1568734877859
1568734877874
1568734877888
1568734877904
1568734877921
1568734877938
1568734877956
1568734877973
1568734877989
1568734878003
1568734878020
1568734878037
1568734878055
1568734878070
1568734878086
1568734878103
1568734878121
1568734878140
1568734878156
1568734878176
1568734878195
1568734878213
1568734878228
1568734878242
1568734878261
1568734878279
1568734878294
1568734878307
1568734878325
1568734878342
1568734878358
1568734878373
1568734878392
1568734878407
1568734878423
1568734878438
1568734878454
1568734878468
1568734878484
1568734878501
1568734878516
1568734878531
1568734878544
1568734878557
1568734878570
1568734878587
1568734878603
1568734878619
1568734878635
1568734878649
1568734878663
1568734878678
1568734878694
1568734878710
1568734878725
1568734878739
1568734878754
1568734878768
1568734878783
1568734878797
1568734878814
1568734878829
1568734878843
1568734878858
1568734878874
1568734878891
1568734878907
1568734878923
1568734878938
1568734878953
1568734878968
1568734878983
1568734878998
1568734879014
1568734879029
1568734879047
1568734879064
1568734879079
1568734879094
1568734879107
1568734879120
1568734879134
1568734879148
1568734879164
1568734879180
1568734879195
1568734879212
1568734879228
1568734879243
1568734879258
1568734879273
1568734879288
1568734879303
1568734879316
1568734879330
1568734879343
1568734879358
1568734879373
1568734879386
1568734879400
1568734879414
1568734879428
1568734879441
1568734879454
1568734879467
1568734879480
1568734879493
1568734879507
1568734879520
1568734879534
1568734879547
1568734879562
1568734879575
1568734879588
1568734879602
1568734879616
1568734879632
1568734879645
1568734879660
1568734879675
1568734879692
1568734879706
1568734879720
1568734879733
1568734879746
