1568734879108
1568734879122
1568734879138
1568734879153
1568734879168
1568734879183
1568734879198
1568734879214
1568734879229
1568734879244
1568734879259
1568734879275
1568734879291
1568734879306
1568734879320
1568734879334
1568734879347
1568734879362
1568734879375
1568734879389
1568734879403
1568734879416
1568734879430
1568734879443
1568734879456
1568734879470
1568734879483
1568734879497
1568734879510
1568734879523
1568734879536
1568734879549
1568734879563
1568734879577
1568734879590
1568734879605
1568734879619
1568734879635
1568734879649
1568734879664
1568734879679
1568734879694
1568734879708
1568734879721
1568734879734
1568734879746
1568734879761
1568734879774
1568734879787
1568734879802
1568734879816
1568734879832
1568734879847
1568734879862
1568734879876
1568734879890
1568734879903
1568734879918
1568734879933
1568734879947
1568734879961
1568734879976
1568734879991
1568734880004
1568734880017
1568734880031
1568734880044
1568734880058
1568734880074
1568734880087
1568734880102
1568734880118
1568734880133
1568734880147
1568734880163
1568734880178
1568734880193
1568734880208
1568734880224
1568734880239
1568734880253
1568734880270
1568734880285
1568734880300
1568734880315
1568734880331
1568734880345
1568734880360
1568734880376
1568734880392
1568734880406
1568734880420
1568734880434
1568734880449
1568734880462
1568734880477
1568734880491
1568734880507
1568734880522
1568734880537
1568734880552
1568734880568
1568734880584
1568734880599
1568734880614
1568734880628
1568734880642
1568734880658
1568734880673
1568734880687
1568734880702
1568734880716
1568734880730
1568734880745
1568734880759
1568734880774
1568734880789
1568734880803
1568734880816
1568734880830
1568734880844
1568734880859
1568734880872
1568734880886
1568734880900
1568734880916
1568734880930
1568734880944
1568734880958
1568734880972
1568734880985
1568734880999
1568734881013
1568734881029
1568734881043
1568734881057
1568734881071
1568734881089
1568734881104
1568734881119
1568734881136
1568734881152
1568734881167
1568734881181
1568734881197
1568734881213
1568734881232
1568734881248
1568734881262
1568734881277
