1568734849291
1568734849304
1568734849319
1568734849333
1568734849347
1568734849362
1568734849376
1568734849390
1568734849403
1568734849417
1568734849431
1568734849446
1568734849461
1568734849476
1568734849490
1568734849504
1568734849517
1568734849531
1568734849544
1568734849557
1568734849570
1568734849585
1568734849597
1568734849610
1568734849623
1568734849637
1568734849651
1568734849664
1568734849676
1568734849690
1568734849704
1568734849719
1568734849733
1568734849746
1568734849760
1568734849774
1568734849788
1568734849802
1568734849816
1568734849831
1568734849845
1568734849859
1568734849873
1568734849888
1568734849901
1568734849916
1568734849929
1568734849943
1568734849958
1568734849972
1568734849986
1568734850000
1568734850013
1568734850027
1568734850040
1568734850054
1568734850067
1568734850080
1568734850094
1568734850108
1568734850121
1568734850135
1568734850149
1568734850163
1568734850176
1568734850189
1568734850203
1568734850217
1568734850230
1568734850245
1568734850259
1568734850274
1568734850290
1568734850306
1568734850319
1568734850334
1568734850347
1568734850362
1568734850376
1568734850391
1568734850404
1568734850418
1568734850433
1568734850447
1568734850462
1568734850479
1568734850493
1568734850508
1568734850522
1568734850536
1568734850550
1568734850565
1568734850578
1568734850592
1568734850606
1568734850620
1568734850634
1568734850650
1568734850664
1568734850678
1568734850693
1568734850707
1568734850722
1568734850736
1568734850749
1568734850763
1568734850778
1568734850792
1568734850806
1568734850823
1568734850837
1568734850851
1568734850866
1568734850881
1568734850894
1568734850907
1568734850922
1568734850936
1568734850950
1568734850963
1568734850977
1568734850992
1568734851005
1568734851018
1568734851030
1568734851044
1568734851057
1568734851072
1568734851087
1568734851101
1568734851114
1568734851127
1568734851141
1568734851155
1568734851168
1568734851180
1568734851194
1568734851207
1568734851220
1568734851234
1568734851249
1568734851263
1568734851277
1568734851290
1568734851302
1568734851317
1568734851331
1568734851345
1568734851359
1568734851373
