1568134637165
1568134637177
1568134637190
1568134637202
1568134637215
1568134637227
1568134637239
1568134637252
1568134637264
1568134637276
1568134637288
1568134637300
1568134637313
1568134637326
1568134637339
1568134637352
1568134637364
1568134637377
1568134637389
1568134637402
1568134637414
1568134637426
1568134637438
1568134637451
1568134637465
1568134637478
1568134637491
1568134637504
1568134637516
1568134637528
1568134637539
1568134637552
1568134637564
1568134637577
1568134637589
1568134637601
1568134637615
1568134637627
1568134637640
1568134637651
1568134637664
1568134637677
1568134637690
1568134637702
1568134637715
1568134637727
1568134637739
1568134637751
1568134637763
1568134637776
1568134637790
1568134637802
1568134637815
1568134637828
1568134637841
1568134637854
1568134637866
1568134637879
1568134637892
1568134637904
1568134637917
1568134637931
1568134637943
1568134637954
1568134637967
1568134637979
1568134637992
1568134638005
1568134638017
1568134638030
1568134638043
1568134638056
1568134638069
1568134638083
1568134638097
1568134638110
1568134638123
1568134638137
1568134638150
1568134638163
1568134638175
1568134638188
1568134638200
1568134638214
1568134638227
1568134638241
1568134638253
1568134638266
1568134638279
1568134638292
1568134638304
1568134638316
1568134638329
1568134638341
1568134638354
1568134638367
1568134638380
1568134638393
1568134638407
1568134638420
1568134638433
1568134638446
1568134638458
1568134638471
1568134638485
1568134638498
1568134638511
1568134638524
1568134638538
1568134638551
1568134638564
1568134638577
1568134638591
1568134638603
1568134638616
1568134638630
1568134638642
1568134638655
1568134638668
1568134638681
1568134638695
1568134638709
1568134638722
1568134638735
1568134638747
1568134638759
1568134638772
1568134638785
1568134638797
1568134638810
1568134638822
1568134638835
1568134638848
1568134638862
1568134638875
1568134638888
1568134638901
1568134638913
1568134638926
1568134638938
1568134638951
1568134638964
1568134638977
1568134638989
1568134639002
1568134639016
1568134639029
1568134639042
1568134639054
1568134639067
