1568134635620
1568134635632
1568134635646
1568134635658
1568134635669
1568134635681
1568134635694
1568134635706
1568134635718
1568134635729
1568134635741
1568134635752
1568134635765
1568134635778
1568134635792
1568134635804
1568134635816
1568134635827
1568134635839
1568134635851
1568134635863
1568134635875
1568134635887
1568134635899
1568134635911
1568134635923
1568134635935
1568134635947
1568134635960
1568134635972
1568134635983
1568134635995
1568134636006
1568134636018
1568134636030
1568134636042
1568134636053
1568134636065
1568134636077
1568134636089
1568134636101
1568134636113
1568134636124
1568134636136
1568134636148
1568134636160
1568134636170
1568134636182
1568134636195
1568134636208
1568134636220
1568134636232
1568134636243
1568134636255
1568134636267
1568134636279
1568134636290
1568134636303
1568134636314
1568134636326
1568134636338
1568134636351
1568134636362
1568134636374
1568134636386
1568134636399
1568134636410
1568134636422
1568134636433
1568134636445
1568134636456
1568134636468
1568134636480
1568134636492
1568134636504
1568134636517
1568134636528
1568134636539
1568134636552
1568134636564
1568134636576
1568134636588
1568134636601
1568134636614
1568134636626
1568134636639
1568134636651
1568134636664
1568134636676
1568134636689
1568134636701
1568134636715
1568134636727
1568134636740
1568134636753
1568134636766
1568134636780
1568134636794
1568134636807
1568134636820
1568134636832
1568134636845
1568134636858
1568134636871
1568134636883
1568134636895
1568134636908
1568134636920
1568134636933
1568134636947
1568134636959
1568134636972
1568134636985
1568134636998
1568134637011
1568134637024
1568134637037
1568134637051
1568134637064
1568134637076
1568134637090
1568134637104
1568134637116
1568134637129
1568134637142
1568134637154
1568134637165
1568134637177
1568134637189
1568134637202
1568134637214
1568134637227
1568134637240
1568134637254
1568134637266
1568134637279
1568134637291
1568134637304
1568134637316
1568134637329
1568134637341
1568134637354
1568134637366
1568134637379
1568134637392
1568134637406
1568134637418
1568134637431
1568134637444
1568134637457
