1568134606411
1568134606423
1568134606437
1568134606448
1568134606460
1568134606471
1568134606483
1568134606494
1568134606505
1568134606517
1568134606527
1568134606539
1568134606551
1568134606565
1568134606578
1568134606590
1568134606601
1568134606614
1568134606625
1568134606637
1568134606650
1568134606663
1568134606675
1568134606687
1568134606699
1568134606712
1568134606724
1568134606737
1568134606750
1568134606762
1568134606775
1568134606787
1568134606799
1568134606810
1568134606822
1568134606835
1568134606847
1568134606861
1568134606873
1568134606886
1568134606899
1568134606911
1568134606924
1568134606936
1568134606947
1568134606960
1568134606972
1568134606984
1568134606998
1568134607011
1568134607024
1568134607036
1568134607048
1568134607060
1568134607072
1568134607084
1568134607097
1568134607110
1568134607123
1568134607136
1568134607148
1568134607162
1568134607175
1568134607187
1568134607199
1568134607211
1568134607223
1568134607236
1568134607248
1568134607261
1568134607273
1568134607285
1568134607297
1568134607309
1568134607322
1568134607335
1568134607348
1568134607360
1568134607373
1568134607386
1568134607398
1568134607412
1568134607424
1568134607437
1568134607450
1568134607463
1568134607476
1568134607489
1568134607501
1568134607514
1568134607526
1568134607538
1568134607551
1568134607564
1568134607577
1568134607591
1568134607604
1568134607618
1568134607631
1568134607645
1568134607657
1568134607670
1568134607683
1568134607697
1568134607710
1568134607723
1568134607736
1568134607750
1568134607765
1568134607779
1568134607794
1568134607812
1568134607826
1568134607840
1568134607854
1568134607867
1568134607881
1568134607894
1568134607908
1568134607921
1568134607935
1568134607950
1568134607964
1568134607977
1568134607993
1568134608009
1568134608025
1568134608039
1568134608052
1568134608066
1568134608081
1568134608095
1568134608109
1568134608128
1568134608140
1568134608152
1568134608170
1568134608184
1568134608196
1568134608211
1568134608227
1568134608239
1568134608251
1568134608263
1568134608275
1568134608287
1568134608299
1568134608312
1568134608323
1568134608335
