1568134596559
1568134596572
1568134596586
1568134596599
1568134596611
1568134596623
1568134596634
1568134596646
1568134596658
1568134596670
1568134596682
1568134596693
1568134596706
1568134596719
1568134596731
1568134596743
1568134596755
1568134596768
1568134596779
1568134596790
1568134596802
1568134596814
1568134596826
1568134596838
1568134596850
1568134596863
1568134596875
1568134596887
1568134596899
1568134596912
1568134596924
1568134596935
1568134596947
1568134596959
1568134596971
1568134596983
1568134596995
1568134597008
1568134597020
1568134597033
1568134597046
1568134597059
1568134597072
1568134597085
1568134597098
1568134597111
1568134597123
1568134597135
1568134597149
1568134597162
1568134597175
1568134597187
1568134597198
1568134597211
1568134597224
1568134597236
1568134597249
1568134597261
1568134597274
1568134597288
1568134597301
1568134597314
1568134597327
1568134597340
1568134597353
1568134597366
1568134597377
1568134597389
1568134597402
1568134597414
1568134597427
1568134597440
1568134597452
1568134597465
1568134597478
1568134597490
1568134597501
1568134597513
1568134597525
1568134597540
1568134597551
1568134597565
1568134597578
1568134597591
1568134597604
1568134597617
1568134597630
1568134597643
1568134597656
1568134597668
1568134597681
1568134597695
1568134597708
1568134597721
1568134597734
1568134597747
1568134597761
1568134597776
1568134597790
1568134597803
1568134597816
1568134597829
1568134597842
1568134597855
1568134597868
1568134597881
1568134597895
1568134597908
1568134597922
1568134597935
1568134597949
1568134597963
1568134597978
1568134597991
1568134598003
1568134598017
1568134598030
1568134598044
1568134598057
1568134598070
1568134598084
1568134598099
1568134598114
1568134598127
1568134598141
1568134598154
1568134598167
1568134598181
1568134598195
1568134598208
1568134598220
1568134598232
1568134598246
1568134598259
1568134598272
1568134598286
1568134598297
1568134598309
1568134598321
1568134598333
1568134598344
1568134598358
1568134598369
1568134598381
1568134598393
1568134598406
1568134598417
1568134598429
1568134598441
1568134598453
