1568134611478
1568134611490
1568134611504
1568134611515
1568134611527
1568134611538
1568134611549
1568134611561
1568134611573
1568134611585
1568134611596
1568134611608
1568134611620
1568134611632
1568134611644
1568134611656
1568134611667
1568134611679
1568134611691
1568134611703
1568134611715
1568134611727
1568134611739
1568134611751
1568134611763
1568134611775
1568134611787
1568134611799
1568134611811
1568134611822
1568134611834
1568134611848
1568134611860
1568134611873
1568134611885
1568134611898
1568134611910
1568134611922
1568134611934
1568134611947
1568134611960
1568134611972
1568134611984
1568134611997
1568134612009
1568134612020
1568134612033
1568134612045
1568134612058
1568134612072
1568134612085
1568134612098
1568134612111
1568134612123
1568134612136
1568134612150
1568134612163
1568134612176
1568134612189
1568134612202
1568134612215
1568134612229
1568134612242
1568134612255
1568134612268
1568134612281
1568134612294
1568134612306
1568134612319
1568134612331
1568134612342
1568134612355
1568134612368
1568134612382
1568134612396
1568134612408
1568134612421
1568134612434
1568134612448
1568134612463
1568134612474
1568134612487
1568134612499
1568134612512
1568134612525
1568134612539
1568134612552
1568134612565
1568134612579
1568134612592
1568134612605
1568134612618
1568134612631
1568134612644
1568134612657
1568134612670
1568134612683
1568134612697
1568134612711
1568134612724
1568134612737
1568134612750
1568134612763
1568134612777
1568134612789
1568134612802
1568134612815
1568134612828
1568134612842
1568134612855
1568134612868
1568134612880
1568134612893
1568134612906
1568134612918
1568134612931
1568134612945
1568134612958
1568134612970
1568134612984
1568134612997
1568134613011
1568134613023
1568134613036
1568134613049
1568134613061
1568134613073
1568134613085
1568134613098
1568134613111
1568134613124
1568134613137
1568134613151
1568134613163
1568134613176
1568134613188
1568134613199
1568134613211
1568134613223
1568134613235
1568134613247
1568134613259
1568134613270
1568134613283
1568134613295
1568134613314
1568134613326
1568134613338
1568134613350
1568134613363
