1568134616461
1568134616474
1568134616488
1568134616499
1568134616511
1568134616522
1568134616533
1568134616546
1568134616558
1568134616569
1568134616581
1568134616592
1568134616604
1568134616616
1568134616628
1568134616640
1568134616652
1568134616666
1568134616678
1568134616690
1568134616702
1568134616714
1568134616725
1568134616736
1568134616749
1568134616762
1568134616774
1568134616787
1568134616799
1568134616812
1568134616823
1568134616836
1568134616849
1568134616861
1568134616874
1568134616886
1568134616900
1568134616913
1568134616925
1568134616938
1568134616950
1568134616962
1568134616974
1568134616986
1568134616998
1568134617011
1568134617022
1568134617033
1568134617045
1568134617059
1568134617071
1568134617084
1568134617096
1568134617109
1568134617119
1568134617132
1568134617144
1568134617156
1568134617169
1568134617181
1568134617194
1568134617208
1568134617220
1568134617232
1568134617243
1568134617257
1568134617269
1568134617282
1568134617294
1568134617307
1568134617319
1568134617330
1568134617343
1568134617355
1568134617368
1568134617381
1568134617394
1568134617406
1568134617419
1568134617434
1568134617446
1568134617459
1568134617472
1568134617484
1568134617497
1568134617511
1568134617525
1568134617537
1568134617550
1568134617563
1568134617576
1568134617588
1568134617601
1568134617615
1568134617628
1568134617641
1568134617655
1568134617668
1568134617682
1568134617696
1568134617709
1568134617722
1568134617735
1568134617748
1568134617761
1568134617774
1568134617787
1568134617800
1568134617815
1568134617828
1568134617842
1568134617855
1568134617868
1568134617881
1568134617894
1568134617908
1568134617921
1568134617934
1568134617947
1568134617960
1568134617974
1568134617988
1568134618000
1568134618014
1568134618026
1568134618039
1568134618052
1568134618065
1568134618079
1568134618091
1568134618103
1568134618115
1568134618127
1568134618140
1568134618152
1568134618164
1568134618176
1568134618188
1568134618200
1568134618211
1568134618223
1568134618235
1568134618247
1568134618259
1568134618271
1568134618284
1568134618296
1568134618308
1568134618320
1568134618332
