1568134638724
1568134638737
1568134638750
1568134638763
1568134638774
1568134638787
1568134638799
1568134638811
1568134638823
1568134638835
1568134638847
1568134638860
1568134638873
1568134638886
1568134638898
1568134638910
1568134638921
1568134638933
1568134638945
1568134638957
1568134638969
1568134638982
1568134638994
1568134639005
1568134639018
1568134639031
1568134639043
1568134639055
1568134639067
1568134639081
1568134639092
1568134639105
1568134639117
1568134639130
1568134639141
1568134639153
1568134639165
1568134639177
1568134639189
1568134639201
1568134639214
1568134639224
1568134639236
1568134639248
1568134639261
1568134639274
1568134639285
1568134639297
1568134639309
1568134639321
1568134639333
1568134639345
1568134639356
1568134639368
1568134639380
1568134639392
1568134639404
1568134639415
1568134639426
1568134639439
1568134639451
1568134639464
1568134639475
1568134639487
1568134639499
1568134639511
1568134639523
1568134639536
1568134639546
1568134639558
1568134639570
1568134639583
1568134639595
1568134639608
1568134639619
1568134639631
1568134639643
1568134639655
1568134639668
1568134639680
1568134639694
1568134639707
1568134639719
1568134639733
1568134639746
1568134639760
1568134639772
1568134639786
1568134639798
1568134639812
1568134639825
1568134639836
1568134639849
1568134639861
1568134639875
1568134639888
1568134639900
1568134639915
1568134639928
1568134639941
1568134639953
1568134639966
1568134639979
1568134639992
1568134640005
1568134640018
1568134640031
1568134640044
1568134640057
1568134640071
1568134640084
1568134640097
1568134640111
1568134640124
1568134640137
1568134640150
1568134640163
1568134640176
1568134640190
1568134640203
1568134640216
1568134640230
1568134640243
1568134640256
1568134640268
1568134640281
1568134640294
1568134640306
1568134640319
1568134640332
1568134640345
1568134640358
1568134640372
1568134640386
1568134640398
1568134640410
1568134640422
1568134640434
1568134640447
1568134640459
1568134640471
1568134640484
1568134640496
1568134640508
1568134640522
1568134640535
1568134640548
1568134640560
1568134640574
1568134640587
