1568216994042
1568216994053
1568216994066
1568216994079
1568216994090
1568216994101
1568216994112
1568216994123
1568216994134
1568216994145
1568216994156
1568216994167
1568216994178
1568216994190
1568216994201
1568216994212
1568216994224
1568216994236
1568216994247
1568216994258
1568216994269
1568216994281
1568216994292
1568216994303
1568216994315
1568216994328
1568216994339
1568216994351
1568216994363
1568216994375
1568216994387
1568216994397
1568216994409
1568216994421
1568216994432
1568216994443
1568216994455
1568216994467
1568216994479
1568216994491
1568216994503
1568216994514
1568216994526
1568216994537
1568216994549
1568216994560
1568216994571
1568216994581
1568216994593
1568216994605
1568216994618
1568216994629
1568216994640
1568216994652
1568216994665
1568216994677
1568216994687
1568216994700
1568216994712
1568216994724
1568216994736
1568216994749
1568216994760
1568216994772
1568216994783
1568216994795
1568216994807
1568216994819
1568216994831
1568216994843
1568216994855
1568216994866
1568216994878
1568216994893
1568216994904
1568216994916
1568216994931
1568216994944
1568216994956
1568216994967
1568216994981
1568216994994
1568216995006
1568216995019
1568216995035
1568216995049
1568216995062
1568216995076
1568216995089
1568216995101
1568216995113
1568216995127
1568216995140
1568216995153
1568216995165
1568216995179
1568216995192
1568216995205
1568216995218
1568216995232
1568216995246
1568216995258
1568216995271
1568216995287
1568216995299
1568216995312
1568216995327
1568216995341
1568216995354
1568216995368
1568216995383
1568216995397
1568216995409
1568216995422
1568216995437
1568216995450
1568216995463
1568216995479
1568216995492
1568216995505
1568216995518
1568216995534
1568216995548
1568216995561
1568216995575
1568216995590
1568216995603
1568216995616
1568216995630
1568216995644
1568216995657
1568216995669
1568216995685
1568216995698
1568216995709
1568216995722
1568216995738
1568216995750
1568216995761
1568216995773
1568216995788
1568216995801
1568216995813
1568216995828
1568216995842
1568216995855
1568216995867
1568216995883
1568216995896
1568216995909
