1568217013361
1568217013373
1568217013386
1568217013398
1568217013409
1568217013421
1568217013433
1568217013445
1568217013456
1568217013469
1568217013481
1568217013492
1568217013504
1568217013517
1568217013529
1568217013541
1568217013552
1568217013564
1568217013576
1568217013587
1568217013598
1568217013610
1568217013621
1568217013632
1568217013644
1568217013655
1568217013666
1568217013678
1568217013690
1568217013701
1568217013713
1568217013725
1568217013736
1568217013747
1568217013758
1568217013770
1568217013783
1568217013796
1568217013807
1568217013818
1568217013830
1568217013842
1568217013854
1568217013864
1568217013876
1568217013888
1568217013898
1568217013910
1568217013921
1568217013934
1568217013944
1568217013956
1568217013968
1568217013980
1568217013991
1568217014002
1568217014014
1568217014025
1568217014036
1568217014047
1568217014059
1568217014072
1568217014085
1568217014096
1568217014107
1568217014119
1568217014131
1568217014144
1568217014155
1568217014167
1568217014179
1568217014192
1568217014204
1568217014217
1568217014230
1568217014243
1568217014255
1568217014266
1568217014278
1568217014290
1568217014301
1568217014313
1568217014325
1568217014338
1568217014351
1568217014365
1568217014378
1568217014390
1568217014403
1568217014415
1568217014428
1568217014440
1568217014452
1568217014464
1568217014477
1568217014489
1568217014502
1568217014516
1568217014529
1568217014542
1568217014554
1568217014568
1568217014581
1568217014594
1568217014607
1568217014620
1568217014633
1568217014646
1568217014658
1568217014672
1568217014685
1568217014698
1568217014710
1568217014723
1568217014736
1568217014749
1568217014762
1568217014775
1568217014789
1568217014802
1568217014814
1568217014828
1568217014841
1568217014854
1568217014868
1568217014881
1568217014894
1568217014907
1568217014919
1568217014930
1568217014942
1568217014955
1568217014968
1568217014983
1568217014996
1568217015008
1568217015020
1568217015034
1568217015046
1568217015060
1568217015072
1568217015085
1568217015097
1568217015110
1568217015124
1568217015138
1568217015151
1568217015164
1568217015177
1568217015190
