1568216978166
1568216978178
1568216978192
1568216978203
1568216978214
1568216978225
1568216978236
1568216978247
1568216978258
1568216978270
1568216978281
1568216978292
1568216978303
1568216978315
1568216978327
1568216978338
1568216978350
1568216978361
1568216978373
1568216978384
1568216978395
1568216978407
1568216978418
1568216978430
1568216978442
1568216978455
1568216978467
1568216978479
1568216978492
1568216978503
1568216978514
1568216978526
1568216978538
1568216978548
1568216978561
1568216978572
1568216978584
1568216978597
1568216978608
1568216978620
1568216978631
1568216978643
1568216978654
1568216978665
1568216978677
1568216978689
1568216978700
1568216978711
1568216978724
1568216978736
1568216978749
1568216978762
1568216978773
1568216978785
1568216978798
1568216978810
1568216978821
1568216978832
1568216978843
1568216978855
1568216978867
1568216978879
1568216978890
1568216978902
1568216978914
1568216978924
1568216978936
1568216978949
1568216978961
1568216978973
1568216978983
1568216978996
1568216979008
1568216979021
1568216979033
1568216979045
1568216979057
1568216979068
1568216979081
1568216979094
1568216979106
1568216979118
1568216979131
1568216979145
1568216979158
1568216979173
1568216979187
1568216979200
1568216979212
1568216979224
1568216979236
1568216979249
1568216979261
1568216979274
1568216979286
1568216979298
1568216979311
1568216979324
1568216979337
1568216979350
1568216979363
1568216979376
1568216979388
1568216979401
1568216979413
1568216979426
1568216979439
1568216979452
1568216979464
1568216979477
1568216979489
1568216979502
1568216979514
1568216979527
1568216979540
1568216979553
1568216979565
1568216979578
1568216979591
1568216979605
1568216979618
1568216979631
1568216979645
1568216979658
1568216979670
1568216979683
1568216979696
1568216979709
1568216979720
1568216979732
1568216979744
1568216979756
1568216979768
1568216979782
1568216979795
1568216979808
1568216979820
1568216979833
1568216979846
1568216979858
1568216979869
1568216979886
1568216979897
1568216979909
1568216979921
1568216979936
1568216979948
1568216979960
1568216979974
1568216979989
