1568217011742
1568217011754
1568217011767
1568217011780
1568217011792
1568217011804
1568217011816
1568217011830
1568217011842
1568217011854
1568217011866
1568217011878
1568217011891
1568217011904
1568217011916
1568217011928
1568217011941
1568217011953
1568217011965
1568217011978
1568217011990
1568217012002
1568217012014
1568217012026
1568217012038
1568217012051
1568217012063
1568217012077
1568217012088
1568217012100
1568217012111
1568217012123
1568217012133
1568217012146
1568217012158
1568217012169
1568217012180
1568217012193
1568217012205
1568217012217
1568217012229
1568217012240
1568217012252
1568217012263
1568217012274
1568217012285
1568217012296
1568217012308
1568217012319
1568217012331
1568217012343
1568217012354
1568217012365
1568217012377
1568217012388
1568217012399
1568217012411
1568217012423
1568217012434
1568217012447
1568217012458
1568217012469
1568217012481
1568217012494
1568217012506
1568217012518
1568217012529
1568217012540
1568217012552
1568217012564
1568217012575
1568217012587
1568217012599
1568217012612
1568217012622
1568217012635
1568217012647
1568217012659
1568217012672
1568217012684
1568217012696
1568217012712
1568217012725
1568217012738
1568217012751
1568217012764
1568217012778
1568217012791
1568217012804
1568217012817
1568217012831
1568217012845
1568217012858
1568217012871
1568217012885
1568217012898
1568217012911
1568217012925
1568217012938
1568217012953
1568217012967
1568217012981
1568217012994
1568217013008
1568217013021
1568217013034
1568217013048
1568217013062
1568217013076
1568217013090
1568217013103
1568217013116
1568217013130
1568217013143
1568217013156
1568217013171
1568217013185
1568217013197
1568217013210
1568217013222
1568217013235
1568217013248
1568217013261
1568217013272
1568217013285
1568217013298
1568217013311
1568217013323
1568217013336
1568217013349
1568217013362
1568217013374
1568217013386
1568217013398
1568217013411
1568217013424
1568217013439
1568217013450
1568217013463
1568217013475
1568217013488
1568217013501
1568217013513
1568217013526
1568217013539
1568217013552
1568217013564
1568217013577
1568217013589
1568217013601
