1568216998894
1568216998906
1568216998919
1568216998930
1568216998941
1568216998952
1568216998963
1568216998974
1568216998985
1568216998996
1568216999007
1568216999018
1568216999030
1568216999043
1568216999054
1568216999066
1568216999078
1568216999089
1568216999101
1568216999112
1568216999124
1568216999135
1568216999146
1568216999158
1568216999170
1568216999184
1568216999196
1568216999206
1568216999218
1568216999230
1568216999241
1568216999253
1568216999265
1568216999276
1568216999286
1568216999298
1568216999309
1568216999322
1568216999333
1568216999344
1568216999356
1568216999368
1568216999379
1568216999391
1568216999402
1568216999415
1568216999426
1568216999437
1568216999449
1568216999461
1568216999473
1568216999486
1568216999496
1568216999508
1568216999521
1568216999534
1568216999546
1568216999558
1568216999569
1568216999581
1568216999593
1568216999605
1568216999618
1568216999629
1568216999640
1568216999653
1568216999664
1568216999677
1568216999689
1568216999700
1568216999712
1568216999724
1568216999737
1568216999750
1568216999762
1568216999775
1568216999788
1568216999800
1568216999811
1568216999823
1568216999836
1568216999848
1568216999861
1568216999875
1568216999890
1568216999903
1568216999915
1568216999930
1568216999943
1568216999955
1568216999968
1568216999981
1568216999993
1568217000006
1568217000019
1568217000032
1568217000045
1568217000059
1568217000072
1568217000085
1568217000098
1568217000111
1568217000123
1568217000137
1568217000151
1568217000164
1568217000180
1568217000195
1568217000207
1568217000221
1568217000234
1568217000247
1568217000260
1568217000272
1568217000285
1568217000298
1568217000310
1568217000322
1568217000335
1568217000348
1568217000361
1568217000374
1568217000387
1568217000400
1568217000413
1568217000426
1568217000441
1568217000454
1568217000467
1568217000482
1568217000496
1568217000509
1568217000522
1568217000538
1568217000550
1568217000561
1568217000575
1568217000591
1568217000602
1568217000614
1568217000627
1568217000642
1568217000655
1568217000667
1568217000683
1568217000696
1568217000708
1568217000720
1568217000735
1568217000747
