1568217006961
1568217006973
1568217006988
1568217007000
1568217007011
1568217007023
1568217007037
1568217007048
1568217007059
1568217007071
1568217007085
1568217007096
1568217007108
1568217007120
1568217007133
1568217007144
1568217007156
1568217007169
1568217007183
1568217007195
1568217007206
1568217007218
1568217007231
1568217007242
1568217007254
1568217007266
1568217007278
1568217007290
1568217007302
1568217007313
1568217007325
1568217007337
1568217007349
1568217007361
1568217007372
1568217007384
1568217007396
1568217007408
1568217007420
1568217007432
1568217007443
1568217007455
1568217007467
1568217007480
1568217007491
1568217007502
1568217007515
1568217007527
1568217007540
1568217007553
1568217007565
1568217007576
1568217007588
1568217007600
1568217007612
1568217007623
1568217007634
1568217007646
1568217007658
1568217007669
1568217007681
1568217007693
1568217007705
1568217007717
1568217007729
1568217007740
1568217007753
1568217007765
1568217007778
1568217007790
1568217007801
1568217007813
1568217007825
1568217007838
1568217007851
1568217007863
1568217007875
1568217007887
1568217007898
1568217007910
1568217007922
1568217007935
1568217007947
1568217007960
1568217007973
1568217007986
1568217007999
1568217008012
1568217008024
1568217008036
1568217008048
1568217008061
1568217008073
1568217008085
1568217008098
1568217008111
1568217008124
1568217008138
1568217008151
1568217008165
1568217008177
1568217008190
1568217008202
1568217008215
1568217008227
1568217008239
1568217008252
1568217008265
1568217008278
1568217008291
1568217008304
1568217008317
1568217008330
1568217008343
1568217008355
1568217008368
1568217008381
1568217008394
1568217008406
1568217008419
1568217008432
1568217008444
1568217008456
1568217008469
1568217008484
1568217008496
1568217008508
1568217008521
1568217008535
1568217008548
1568217008560
1568217008572
1568217008586
1568217008599
1568217008611
1568217008623
1568217008637
1568217008649
1568217008661
1568217008674
1568217008689
1568217008701
1568217008713
1568217008726
1568217008741
1568217008753
1568217008764
1568217008780
1568217008792
1568217008804
