1568216970462
1568216970474
1568216970488
1568216970500
1568216970512
1568216970523
1568216970534
1568216970546
1568216970558
1568216970568
1568216970580
1568216970591
1568216970602
1568216970614
1568216970627
1568216970639
1568216970651
1568216970663
1568216970674
1568216970685
1568216970697
1568216970709
1568216970720
1568216970731
1568216970743
1568216970756
1568216970767
1568216970778
1568216970790
1568216970802
1568216970813
1568216970825
1568216970837
1568216970848
1568216970860
1568216970870
1568216970883
1568216970895
1568216970907
1568216970919
1568216970930
1568216970942
1568216970953
1568216970963
1568216970975
1568216970986
1568216970996
1568216971008
1568216971019
1568216971032
1568216971043
1568216971054
1568216971066
1568216971078
1568216971089
1568216971100
1568216971112
1568216971124
1568216971137
1568216971147
1568216971160
1568216971172
1568216971184
1568216971196
1568216971207
1568216971219
1568216971230
1568216971242
1568216971252
1568216971264
1568216971276
1568216971288
1568216971299
1568216971311
1568216971323
1568216971337
1568216971349
1568216971360
1568216971372
1568216971385
1568216971396
1568216971408
1568216971421
1568216971437
1568216971450
1568216971464
1568216971478
1568216971492
1568216971504
1568216971517
1568216971529
1568216971542
1568216971555
1568216971567
1568216971579
1568216971591
1568216971604
1568216971618
1568216971631
1568216971644
1568216971656
1568216971669
1568216971682
1568216971695
1568216971707
1568216971720
1568216971733
1568216971745
1568216971758
1568216971771
1568216971784
1568216971796
1568216971809
1568216971821
1568216971834
1568216971847
1568216971859
1568216971872
1568216971885
1568216971897
1568216971910
1568216971923
1568216971936
1568216971950
1568216971962
1568216971975
1568216971987
1568216971999
1568216972011
1568216972022
1568216972034
1568216972046
1568216972059
1568216972072
1568216972084
1568216972096
1568216972107
1568216972119
1568216972131
1568216972143
1568216972154
1568216972167
1568216972178
1568216972191
1568216972203
1568216972215
1568216972228
1568216972240
1568216972252
1568216972264
