1568216987614
1568216987626
1568216987639
1568216987650
1568216987661
1568216987673
1568216987686
1568216987697
1568216987708
1568216987719
1568216987731
1568216987744
1568216987755
1568216987767
1568216987778
1568216987791
1568216987802
1568216987814
1568216987826
1568216987839
1568216987850
1568216987862
1568216987874
1568216987885
1568216987896
1568216987908
1568216987920
1568216987931
1568216987942
1568216987954
1568216987965
1568216987976
1568216987987
1568216987999
1568216988010
1568216988021
1568216988033
1568216988046
1568216988057
1568216988068
1568216988080
1568216988091
1568216988103
1568216988114
1568216988126
1568216988138
1568216988150
1568216988161
1568216988173
1568216988185
1568216988197
1568216988209
1568216988219
1568216988231
1568216988243
1568216988253
1568216988265
1568216988276
1568216988288
1568216988299
1568216988311
1568216988323
1568216988335
1568216988348
1568216988358
1568216988370
1568216988382
1568216988394
1568216988404
1568216988416
1568216988428
1568216988439
1568216988451
1568216988463
1568216988475
1568216988488
1568216988500
1568216988511
1568216988522
1568216988535
1568216988547
1568216988559
1568216988572
1568216988586
1568216988599
1568216988612
1568216988627
1568216988639
1568216988651
1568216988664
1568216988676
1568216988688
1568216988700
1568216988712
1568216988724
1568216988737
1568216988749
1568216988763
1568216988776
1568216988788
1568216988801
1568216988813
1568216988826
1568216988838
1568216988850
1568216988863
1568216988875
1568216988887
1568216988900
1568216988913
1568216988926
1568216988939
1568216988951
1568216988963
1568216988975
1568216988988
1568216989001
1568216989014
1568216989027
1568216989039
1568216989052
1568216989065
1568216989079
1568216989092
1568216989104
1568216989117
1568216989130
1568216989143
1568216989154
1568216989167
1568216989179
1568216989192
1568216989204
1568216989217
1568216989229
1568216989242
1568216989253
1568216989265
1568216989281
1568216989293
1568216989305
1568216989317
1568216989331
1568216989343
1568216989355
1568216989368
1568216989381
1568216989394
1568216989405
1568216989417
