1568646601087
1568646601104
1568646601121
1568646601136
1568646601151
1568646601166
1568646601182
1568646601197
1568646601212
1568646601229
1568646601245
1568646601266
1568646601283
1568646601309
1568646601337
1568646601365
1568646601401
1568646601423
1568646601444
1568646601480
1568646601500
1568646601520
1568646601539
1568646601574
1568646601592
1568646601615
1568646601632
1568646601647
1568646601665
1568646601683
1568646601697
1568646601714
1568646601730
1568646601747
1568646601762
1568646601777
1568646601791
1568646601810
1568646601825
1568646601840
1568646601856
1568646601871
1568646601889
1568646601904
1568646601920
1568646601936
1568646601954
1568646601970
1568646601987
1568646602003
1568646602018
1568646602035
1568646602055
1568646602078
1568646602097
1568646602119
1568646602137
1568646602158
1568646602175
1568646602192
1568646602212
1568646602232
1568646602251
1568646602268
1568646602283
1568646602298
1568646602315
1568646602332
1568646602347
1568646602362
1568646602380
1568646602397
1568646602413
1568646602429
1568646602443
1568646602460
1568646602477
1568646602494
1568646602509
1568646602525
1568646602540
1568646602556
1568646602572
1568646602587
1568646602605
1568646602622
1568646602641
1568646602658
1568646602674
1568646602691
1568646602708
1568646602723
1568646602741
1568646602756
1568646602772
1568646602789
1568646602805
1568646602823
1568646602838
1568646602854
1568646602869
1568646602884
1568646602897
1568646602911
1568646602924
1568646602938
1568646602954
1568646602969
1568646602985
1568646603002
1568646603020
1568646603035
1568646603050
1568646603068
1568646603086
1568646603103
1568646603118
1568646603137
1568646603154
1568646603172
1568646603191
1568646603208
1568646603226
1568646603244
1568646603262
1568646603282
1568646603298
1568646603316
1568646603334
1568646603351
1568646603369
1568646603388
1568646603403
1568646603422
1568646603438
1568646603455
1568646603470
1568646603484
1568646603499
1568646603516
1568646603530
1568646603546
1568646603563
1568646603581
1568646603596
1568646603614
1568646603633
1568646603652
1568646603668
1568646603683
