1568646606380
1568646606396
1568646606414
1568646606431
1568646606449
1568646606467
1568646606483
1568646606500
1568646606516
1568646606534
1568646606550
1568646606566
1568646606581
1568646606597
1568646606613
1568646606630
1568646606646
1568646606662
1568646606677
1568646606695
1568646606709
1568646606726
1568646606742
1568646606762
1568646606779
1568646606795
1568646606810
1568646606826
1568646606842
1568646606861
1568646606877
1568646606891
1568646606906
1568646606921
1568646606935
1568646606948
1568646606963
1568646606981
1568646606996
1568646607010
1568646607026
1568646607042
1568646607056
1568646607072
1568646607088
1568646607105
1568646607120
1568646607137
1568646607152
1568646607171
1568646607187
1568646607203
1568646607218
1568646607236
1568646607251
1568646607266
1568646607280
1568646607296
1568646607311
1568646607325
1568646607339
1568646607356
1568646607370
1568646607385
1568646607400
1568646607415
1568646607430
1568646607446
1568646607459
1568646607475
1568646607491
1568646607507
1568646607523
1568646607539
1568646607554
1568646607573
1568646607590
1568646607606
1568646607621
1568646607636
1568646607653
1568646607671
1568646607687
1568646607703
1568646607719
1568646607738
1568646607758
1568646607775
1568646607791
1568646607807
1568646607823
1568646607839
1568646607856
1568646607873
1568646607889
1568646607906
1568646607923
1568646607942
1568646607960
1568646607975
1568646607991
1568646608007
1568646608026
1568646608043
1568646608058
1568646608072
1568646608086
1568646608101
1568646608116
1568646608134
1568646608151
1568646608166
1568646608180
1568646608194
1568646608209
1568646608224
1568646608241
1568646608258
1568646608274
1568646608290
1568646608305
1568646608321
1568646608335
1568646608350
1568646608365
1568646608382
1568646608399
1568646608416
1568646608431
1568646608448
1568646608463
1568646608478
1568646608492
1568646608510
1568646608527
1568646608543
1568646608559
1568646608574
1568646608590
1568646608607
1568646608621
1568646608635
1568646608652
1568646608669
1568646608685
1568646608700
1568646608717
1568646608733
1568646608749
1568646608765
