1568646616570
1568646616585
1568646616602
1568646616618
1568646616632
1568646616646
1568646616661
1568646616677
1568646616694
1568646616710
1568646616725
1568646616740
1568646616756
1568646616771
1568646616786
1568646616802
1568646616817
1568646616833
1568646616847
1568646616861
1568646616875
1568646616891
1568646616906
1568646616921
1568646616936
1568646616950
1568646616965
1568646616983
1568646616999
1568646617015
1568646617029
1568646617045
1568646617061
1568646617077
1568646617092
1568646617108
1568646617125
1568646617141
1568646617158
1568646617174
1568646617188
1568646617205
1568646617222
1568646617238
1568646617253
1568646617271
1568646617286
1568646617301
1568646617315
1568646617332
1568646617348
1568646617363
1568646617377
1568646617391
1568646617405
1568646617421
1568646617436
1568646617451
1568646617468
1568646617485
1568646617502
1568646617518
1568646617533
1568646617547
1568646617562
1568646617578
1568646617593
1568646617608
1568646617623
1568646617640
1568646617655
1568646617670
1568646617685
1568646617701
1568646617717
1568646617733
1568646617749
1568646617766
1568646617782
1568646617799
1568646617815
1568646617830
1568646617847
1568646617865
1568646617881
1568646617897
1568646617913
1568646617930
1568646617945
1568646617961
1568646617978
1568646617996
1568646618013
1568646618028
1568646618042
1568646618060
1568646618077
1568646618094
1568646618110
1568646618124
1568646618141
1568646618157
1568646618176
1568646618193
1568646618209
1568646618225
1568646618241
1568646618258
1568646618274
1568646618290
1568646618306
1568646618321
1568646618336
1568646618353
1568646618367
1568646618384
1568646618399
1568646618413
1568646618427
1568646618440
1568646618456
1568646618472
1568646618487
1568646618501
1568646618518
1568646618534
1568646618550
1568646618566
1568646618581
1568646618597
1568646618611
1568646618626
1568646618640
1568646618655
1568646618671
1568646618687
1568646618705
1568646618722
1568646618738
1568646618755
1568646618771
1568646618786
1568646618803
1568646618818
1568646618835
1568646618851
1568646618869
1568646618885
1568646618902
1568646618917
