1568135089440
1568135089454
1568135089471
1568135089485
1568135089500
1568135089515
1568135089529
1568135089544
1568135089557
1568135089571
1568135089584
1568135089598
1568135089612
1568135089626
1568135089641
1568135089656
1568135089671
1568135089685
1568135089698
1568135089711
1568135089724
1568135089738
1568135089751
1568135089765
1568135089779
1568135089795
1568135089809
1568135089822
1568135089838
1568135089854
1568135089869
1568135089886
1568135089900
1568135089915
1568135089931
1568135089946
1568135089960
1568135089979
1568135089995
1568135090011
1568135090025
1568135090039
1568135090053
1568135090070
1568135090084
1568135090100
1568135090117
1568135090133
1568135090149
1568135090163
1568135090178
1568135090194
1568135090209
1568135090223
1568135090238
1568135090251
1568135090264
1568135090279
1568135090292
1568135090304
1568135090321
1568135090337
1568135090353
1568135090369
1568135090384
1568135090399
1568135090412
1568135090426
1568135090440
1568135090454
1568135090468
1568135090483
1568135090497
1568135090512
1568135090527
1568135090541
1568135090555
1568135090569
1568135090582
1568135090597
1568135090612
1568135090628
1568135090643
1568135090658
1568135090673
1568135090688
1568135090702
1568135090717
1568135090733
1568135090746
1568135090760
1568135090775
1568135090790
1568135090804
1568135090818
1568135090833
1568135090848
1568135090865
1568135090880
1568135090894
1568135090908
1568135090924
1568135090940
1568135090955
1568135090968
1568135090984
1568135090999
1568135091014
1568135091030
1568135091046
1568135091061
1568135091076
1568135091090
1568135091105
1568135091120
1568135091135
1568135091150
1568135091165
1568135091180
1568135091196
1568135091211
1568135091227
1568135091242
1568135091259
1568135091274
1568135091289
1568135091304
1568135091320
1568135091334
1568135091349
1568135091362
1568135091375
1568135091390
1568135091405
1568135091419
1568135091433
1568135091447
1568135091462
1568135091475
1568135091489
1568135091503
1568135091518
1568135091532
1568135091547
1568135091562
1568135091578
1568135091591
1568135091606
1568135091620
1568135091635
