1568135082492
1568135082506
1568135082523
1568135082538
1568135082553
1568135082566
1568135082581
1568135082595
1568135082610
1568135082625
1568135082641
1568135082656
1568135082671
1568135082688
1568135082701
1568135082716
1568135082731
1568135082744
1568135082759
1568135082773
1568135082787
1568135082802
1568135082816
1568135082830
1568135082845
1568135082859
1568135082873
1568135082887
1568135082900
1568135082915
1568135082930
1568135082944
1568135082961
1568135082978
1568135082993
1568135083007
1568135083021
1568135083036
1568135083052
1568135083068
1568135083083
1568135083098
1568135083113
1568135083129
1568135083143
1568135083156
1568135083170
1568135083185
1568135083208
1568135083225
1568135083241
1568135083256
1568135083274
1568135083300
1568135083315
1568135083330
1568135083344
1568135083359
1568135083374
1568135083388
1568135083402
1568135083417
1568135083432
1568135083448
1568135083464
1568135083479
1568135083492
1568135083507
1568135083521
1568135083536
1568135083549
1568135083565
1568135083580
1568135083596
1568135083611
1568135083625
1568135083640
1568135083656
1568135083673
1568135083689
1568135083703
1568135083718
1568135083734
1568135083749
1568135083764
1568135083780
1568135083794
1568135083810
1568135083826
1568135083842
1568135083856
1568135083870
1568135083884
1568135083900
1568135083914
1568135083929
1568135083944
1568135083961
1568135083977
1568135083993
1568135084009
1568135084023
1568135084037
1568135084051
1568135084066
1568135084082
1568135084095
1568135084110
1568135084125
1568135084141
1568135084156
1568135084170
1568135084186
1568135084201
1568135084216
1568135084231
1568135084245
1568135084260
1568135084276
1568135084290
1568135084305
1568135084320
1568135084334
1568135084348
1568135084362
1568135084376
1568135084391
1568135084406
1568135084421
1568135084436
1568135084450
1568135084463
1568135084476
1568135084492
1568135084507
1568135084522
1568135084538
1568135084552
1568135084565
1568135084578
1568135084593
1568135084608
1568135084621
1568135084635
1568135084650
1568135084664
1568135084678
1568135084694
1568135084708
1568135084722
