1568135099507
1568135099523
1568135099539
1568135099554
1568135099569
1568135099584
1568135099598
1568135099611
1568135099625
1568135099639
1568135099653
1568135099668
1568135099683
1568135099698
1568135099713
1568135099727
1568135099742
1568135099756
1568135099770
1568135099785
1568135099799
1568135099812
1568135099826
1568135099840
1568135099856
1568135099872
1568135099886
1568135099900
1568135099914
1568135099928
1568135099942
1568135099956
1568135099970
1568135099984
1568135099998
1568135100013
1568135100027
1568135100044
1568135100058
1568135100071
1568135100086
1568135100100
1568135100115
1568135100129
1568135100142
1568135100156
1568135100170
1568135100183
1568135100196
1568135100210
1568135100223
1568135100238
1568135100251
1568135100264
1568135100277
1568135100292
1568135100306
1568135100319
1568135100333
1568135100347
1568135100361
1568135100374
1568135100387
1568135100400
1568135100413
1568135100427
1568135100441
1568135100455
1568135100468
1568135100480
1568135100494
1568135100507
1568135100521
1568135100539
1568135100554
1568135100568
1568135100583
1568135100597
1568135100611
1568135100625
1568135100638
1568135100653
1568135100668
1568135100683
1568135100698
1568135100714
1568135100728
1568135100745
1568135100760
1568135100776
1568135100791
1568135100805
1568135100820
1568135100836
1568135100851
1568135100865
1568135100880
1568135100895
1568135100909
1568135100924
1568135100938
1568135100954
1568135100969
1568135100985
1568135101001
1568135101016
1568135101031
1568135101046
1568135101060
1568135101076
1568135101091
1568135101106
1568135101120
1568135101134
1568135101150
1568135101165
1568135101180
1568135101194
1568135101207
1568135101221
1568135101237
1568135101251
1568135101264
1568135101278
1568135101291
1568135101306
1568135101321
1568135101335
1568135101349
1568135101362
1568135101375
1568135101389
1568135101405
1568135101420
1568135101434
1568135101448
1568135101463
1568135101477
1568135101491
1568135101504
1568135101518
1568135101532
1568135101546
1568135101560
1568135101573
1568135101588
1568135101602
1568135101616
1568135101631
1568135101646
