1568135096139
1568135096155
1568135096173
1568135096188
1568135096202
1568135096217
1568135096232
1568135096247
1568135096261
1568135096276
1568135096289
1568135096304
1568135096319
1568135096336
1568135096351
1568135096365
1568135096380
1568135096395
1568135096410
1568135096425
1568135096439
1568135096453
1568135096466
1568135096481
1568135096496
1568135096511
1568135096526
1568135096540
1568135096555
1568135096568
1568135096581
1568135096595
1568135096608
1568135096622
1568135096636
1568135096651
1568135096667
1568135096683
1568135096697
1568135096711
1568135096727
1568135096743
1568135096756
1568135096770
1568135096783
1568135096797
1568135096810
1568135096823
1568135096836
1568135096849
1568135096862
1568135096876
1568135096888
1568135096902
1568135096916
1568135096930
1568135096944
1568135096958
1568135096971
1568135096985
1568135096999
1568135097014
1568135097027
1568135097040
1568135097054
1568135097069
1568135097085
1568135097099
1568135097113
1568135097128
1568135097142
1568135097158
1568135097172
1568135097188
1568135097202
1568135097216
1568135097230
1568135097245
1568135097258
1568135097272
1568135097286
1568135097302
1568135097318
1568135097333
1568135097348
1568135097364
1568135097379
1568135097395
1568135097410
1568135097424
1568135097438
1568135097454
1568135097470
1568135097485
1568135097499
1568135097513
1568135097529
1568135097544
1568135097559
1568135097576
1568135097591
1568135097605
1568135097619
1568135097635
1568135097650
1568135097664
1568135097678
1568135097692
1568135097707
1568135097724
1568135097739
1568135097754
1568135097768
1568135097781
1568135097796
1568135097811
1568135097825
1568135097840
1568135097853
1568135097867
1568135097882
1568135097898
1568135097912
1568135097926
1568135097941
1568135097956
1568135097969
1568135097983
1568135097997
1568135098011
1568135098025
1568135098039
1568135098052
1568135098068
1568135098083
1568135098097
1568135098110
1568135098124
1568135098138
1568135098153
1568135098167
1568135098181
1568135098196
1568135098211
1568135098226
1568135098241
1568135098256
1568135098272
1568135098286
1568135098301
