1568135048969
1568135048982
1568135048996
1568135049009
1568135049021
1568135049034
1568135049046
1568135049059
1568135049072
1568135049084
1568135049098
1568135049110
1568135049124
1568135049137
1568135049150
1568135049163
1568135049176
1568135049189
1568135049202
1568135049214
1568135049226
1568135049239
1568135049251
1568135049264
1568135049277
1568135049290
1568135049303
1568135049316
1568135049329
1568135049342
1568135049355
1568135049368
1568135049381
1568135049394
1568135049407
1568135049421
1568135049434
1568135049448
1568135049462
1568135049476
1568135049491
1568135049505
1568135049518
1568135049531
1568135049545
1568135049558
1568135049571
1568135049585
1568135049599
1568135049613
1568135049627
1568135049640
1568135049653
1568135049666
1568135049679
1568135049692
1568135049705
1568135049718
1568135049731
1568135049745
1568135049759
1568135049773
1568135049786
1568135049798
1568135049812
1568135049824
1568135049837
1568135049850
1568135049866
1568135049878
1568135049890
1568135049903
1568135049917
1568135049931
1568135049946
1568135049960
1568135049975
1568135049989
1568135050003
1568135050016
1568135050030
1568135050043
1568135050057
1568135050071
1568135050086
1568135050101
1568135050115
1568135050129
1568135050143
1568135050158
1568135050171
1568135050186
1568135050200
1568135050214
1568135050229
1568135050243
1568135050257
1568135050272
1568135050287
1568135050302
1568135050316
1568135050330
1568135050343
1568135050357
1568135050372
1568135050386
1568135050400
1568135050415
1568135050430
1568135050445
1568135050459
1568135050474
1568135050488
1568135050502
1568135050515
1568135050528
1568135050540
1568135050553
1568135050565
1568135050578
1568135050592
1568135050605
1568135050618
1568135050631
1568135050643
1568135050656
1568135050669
1568135050682
1568135050694
1568135050706
1568135050718
1568135050733
1568135050746
1568135050759
1568135050771
1568135050784
1568135050798
1568135050811
1568135050823
1568135050836
1568135050848
1568135050861
1568135050873
1568135050886
1568135050899
1568135050913
1568135050925
1568135050938
1568135050951
1568135050964
