1568135068393
1568135068408
1568135068424
1568135068439
1568135068453
1568135068468
1568135068481
1568135068495
1568135068509
1568135068524
1568135068538
1568135068553
1568135068567
1568135068583
1568135068598
1568135068612
1568135068626
1568135068640
1568135068654
1568135068669
1568135068683
1568135068697
1568135068711
1568135068727
1568135068743
1568135068758
1568135068773
1568135068789
1568135068803
1568135068816
1568135068829
1568135068842
1568135068855
1568135068869
1568135068882
1568135068896
1568135068910
1568135068927
1568135068941
1568135068955
1568135068968
1568135068981
1568135068994
1568135069008
1568135069020
1568135069033
1568135069046
1568135069059
1568135069115
1568135069170
1568135069205
1568135069230
1568135069250
1568135069269
1568135069287
1568135069302
1568135069317
1568135069330
1568135069343
1568135069359
1568135069373
1568135069387
1568135069401
1568135069416
1568135069431
1568135069445
1568135069459
1568135069473
1568135069486
1568135069501
1568135069516
1568135069531
1568135069545
1568135069560
1568135069574
1568135069588
1568135069602
1568135069616
1568135069630
1568135069645
1568135069660
1568135069674
1568135069689
1568135069703
1568135069719
1568135069735
1568135069751
1568135069765
1568135069779
1568135069793
1568135069808
1568135069823
1568135069837
1568135069852
1568135069867
1568135069881
1568135069896
1568135069911
1568135069925
1568135069939
1568135069955
1568135069971
1568135069985
1568135070000
1568135070014
1568135070028
1568135070042
1568135070057
1568135070071
1568135070091
1568135070108
1568135070124
1568135070141
1568135070156
1568135070173
1568135070188
1568135070202
1568135070216
1568135070230
1568135070244
1568135070260
1568135070276
1568135070291
1568135070306
1568135070320
1568135070334
1568135070349
1568135070363
1568135070377
1568135070392
1568135070407
1568135070422
1568135070437
1568135070452
1568135070466
1568135070481
1568135070496
1568135070511
1568135070525
1568135070540
1568135070555
1568135070569
1568135070583
1568135070597
1568135070611
1568135070627
1568135070641
1568135070656
1568135070670
1568135070685
