1568135094458
1568135094475
1568135094490
1568135094504
1568135094519
1568135094533
1568135094547
1568135094562
1568135094577
1568135094591
1568135094605
1568135094619
1568135094634
1568135094650
1568135094665
1568135094679
1568135094695
1568135094710
1568135094725
1568135094740
1568135094754
1568135094769
1568135094784
1568135094798
1568135094813
1568135094828
1568135094842
1568135094857
1568135094870
1568135094883
1568135094897
1568135094911
1568135094925
1568135094940
1568135094956
1568135094971
1568135094987
1568135095003
1568135095019
1568135095034
1568135095047
1568135095060
1568135095073
1568135095087
1568135095100
1568135095115
1568135095129
1568135095143
1568135095157
1568135095171
1568135095184
1568135095197
1568135095210
1568135095224
1568135095238
1568135095251
1568135095264
1568135095277
1568135095291
1568135095303
1568135095317
1568135095333
1568135095347
1568135095362
1568135095379
1568135095393
1568135095407
1568135095422
1568135095435
1568135095449
1568135095462
1568135095476
1568135095490
1568135095506
1568135095520
1568135095536
1568135095550
1568135095565
1568135095580
1568135095595
1568135095609
1568135095623
1568135095637
1568135095651
1568135095667
1568135095684
1568135095699
1568135095714
1568135095730
1568135095746
1568135095760
1568135095774
1568135095789
1568135095806
1568135095821
1568135095836
1568135095851
1568135095867
1568135095882
1568135095897
1568135095911
1568135095928
1568135095945
1568135095960
1568135095975
1568135095989
1568135096004
1568135096019
1568135096034
1568135096049
1568135096065
1568135096080
1568135096095
1568135096110
1568135096124
1568135096138
1568135096153
1568135096168
1568135096182
1568135096196
1568135096212
1568135096229
1568135096245
1568135096260
1568135096275
1568135096290
1568135096304
1568135096321
1568135096336
1568135096351
1568135096364
1568135096379
1568135096396
1568135096413
1568135096428
1568135096443
1568135096458
1568135096471
1568135096487
1568135096501
1568135096515
1568135096530
1568135096544
1568135096559
1568135096573
1568135096587
1568135096601
1568135096615
1568135096628
1568135096642
