1568135052091
1568135052105
1568135052119
1568135052132
1568135052145
1568135052158
1568135052170
1568135052183
1568135052195
1568135052207
1568135052220
1568135052232
1568135052244
1568135052258
1568135052270
1568135052283
1568135052296
1568135052309
1568135052321
1568135052333
1568135052345
1568135052358
1568135052369
1568135052381
1568135052394
1568135052407
1568135052419
1568135052432
1568135052444
1568135052456
1568135052468
1568135052481
1568135052493
1568135052508
1568135052522
1568135052535
1568135052551
1568135052566
1568135052581
1568135052595
1568135052608
1568135052623
1568135052636
1568135052650
1568135052663
1568135052677
1568135052691
1568135052704
1568135052718
1568135052734
1568135052748
1568135052762
1568135052776
1568135052790
1568135052804
1568135052819
1568135052832
1568135052846
1568135052860
1568135052874
1568135052888
1568135052902
1568135052916
1568135052931
1568135052945
1568135052959
1568135052973
1568135052987
1568135053000
1568135053013
1568135053027
1568135053040
1568135053053
1568135053068
1568135053082
1568135053096
1568135053109
1568135053123
1568135053136
1568135053150
1568135053163
1568135053177
1568135053209
1568135053224
1568135053240
1568135053256
1568135053274
1568135053299
1568135053312
1568135053325
1568135053339
1568135053352
1568135053366
1568135053380
1568135053394
1568135053407
1568135053421
1568135053436
1568135053450
1568135053464
1568135053478
1568135053492
1568135053506
1568135053519
1568135053533
1568135053547
1568135053561
1568135053575
1568135053589
1568135053603
1568135053617
1568135053631
1568135053644
1568135053657
1568135053669
1568135053683
1568135053695
1568135053707
1568135053721
1568135053735
1568135053748
1568135053762
1568135053774
1568135053787
1568135053800
1568135053814
1568135053827
1568135053840
1568135053853
1568135053866
1568135053880
1568135053893
1568135053906
1568135053924
1568135053937
1568135053951
1568135053963
1568135053975
1568135053989
1568135054002
1568135054015
1568135054028
1568135054040
1568135054054
1568135054067
1568135054080
1568135054093
1568135054106
1568135054120
1568135054132
