1568135061656
1568135061671
1568135061687
1568135061700
1568135061715
1568135061729
1568135061744
1568135061758
1568135061771
1568135061785
1568135061800
1568135061814
1568135061828
1568135061842
1568135061856
1568135061870
1568135061883
1568135061896
1568135061910
1568135061925
1568135061939
1568135061953
1568135061968
1568135061982
1568135061997
1568135062013
1568135062027
1568135062041
1568135062056
1568135062070
1568135062084
1568135062097
1568135062110
1568135062124
1568135062138
1568135062152
1568135062167
1568135062182
1568135062196
1568135062210
1568135062223
1568135062238
1568135062251
1568135062264
1568135062277
1568135062290
1568135062303
1568135062316
1568135062331
1568135062346
1568135062360
1568135062373
1568135062386
1568135062399
1568135062411
1568135062426
1568135062440
1568135062453
1568135062466
1568135062481
1568135062495
1568135062508
1568135062521
1568135062534
1568135062547
1568135062561
1568135062576
1568135062589
1568135062601
1568135062614
1568135062627
1568135062641
1568135062654
1568135062668
1568135062684
1568135062697
1568135062711
1568135062724
1568135062737
1568135062752
1568135062766
1568135062780
1568135062793
1568135062806
1568135062821
1568135062836
1568135062850
1568135062863
1568135062877
1568135062891
1568135062905
1568135062920
1568135062935
1568135062949
1568135062963
1568135062976
1568135062989
1568135063003
1568135063017
1568135063031
1568135063045
1568135063059
1568135063072
1568135063087
1568135063101
1568135063115
1568135063127
1568135063141
1568135063154
1568135063169
1568135063185
1568135063200
1568135063214
1568135063227
1568135063241
1568135063255
1568135063269
1568135063284
1568135063299
1568135063313
1568135063329
1568135063344
1568135063359
1568135063374
1568135063387
1568135063401
1568135063415
1568135063431
1568135063444
1568135063459
1568135063472
1568135063486
1568135063501
1568135063516
1568135063531
1568135063545
1568135063558
1568135063572
1568135063585
1568135063599
1568135063612
1568135063626
1568135063639
1568135063653
1568135063668
1568135063684
1568135063698
1568135063714
1568135063729
1568135063743
