1568135101141
1568135101157
1568135101174
1568135101188
1568135101202
1568135101216
1568135101230
1568135101244
1568135101258
1568135101270
1568135101284
1568135101298
1568135101311
1568135101326
1568135101341
1568135101354
1568135101367
1568135101380
1568135101393
1568135101408
1568135101423
1568135101437
1568135101452
1568135101467
1568135101481
1568135101495
1568135101508
1568135101523
1568135101537
1568135101551
1568135101564
1568135101577
1568135101590
1568135101604
1568135101617
1568135101631
1568135101646
1568135101664
1568135101679
1568135101695
1568135101709
1568135101723
1568135101737
1568135101753
1568135101767
1568135101781
1568135101794
1568135101809
1568135101825
1568135101840
1568135101854
1568135101869
1568135101884
1568135101899
1568135101914
1568135101928
1568135101941
1568135101956
1568135101968
1568135101982
1568135101998
1568135102014
1568135102027
1568135102044
1568135102057
1568135102071
1568135102084
1568135102097
1568135102112
1568135102126
1568135102140
1568135102154
1568135102168
1568135102186
1568135102201
1568135102215
1568135102229
1568135102243
1568135102257
1568135102272
1568135102286
1568135102300
1568135102315
1568135102329
1568135102345
1568135102360
1568135102375
1568135102390
1568135102404
1568135102419
1568135102434
1568135102448
1568135102462
1568135102477
1568135102491
1568135102506
1568135102521
1568135102536
1568135102551
1568135102566
1568135102580
1568135102594
1568135102607
1568135102622
1568135102637
1568135102652
1568135102666
1568135102681
1568135102695
1568135102711
1568135102724
1568135102739
1568135102752
1568135102767
1568135102781
1568135102795
1568135102808
1568135102823
1568135102838
1568135102853
1568135102867
1568135102882
1568135102898
1568135102913
1568135102927
1568135102941
1568135102956
1568135102971
1568135102984
1568135102999
1568135103013
1568135103029
1568135103044
1568135103059
1568135103074
1568135103089
1568135103104
1568135103119
1568135103133
1568135103146
1568135103159
1568135103172
1568135103185
1568135103199
1568135103213
1568135103228
1568135103242
1568135103255
1568135103269
1568135103283
