1568390361972
1568390361984
1568390361998
1568390362011
1568390362023
1568390362035
1568390362048
1568390362060
1568390362072
1568390362084
1568390362096
1568390362109
1568390362121
1568390362133
1568390362146
1568390362159
1568390362171
1568390362183
1568390362195
1568390362208
1568390362220
1568390362233
1568390362246
1568390362259
1568390362272
1568390362286
1568390362299
1568390362312
1568390362326
1568390362339
1568390362352
1568390362365
1568390362378
1568390362390
1568390362403
1568390362416
1568390362429
1568390362442
1568390362455
1568390362469
1568390362481
1568390362495
1568390362508
1568390362521
1568390362534
1568390362546
1568390362558
1568390362570
1568390362583
1568390362596
1568390362609
1568390362622
1568390362635
1568390362648
1568390362661
1568390362674
1568390362687
1568390362701
1568390362714
1568390362727
1568390362740
1568390362755
1568390362768
1568390362781
1568390362793
1568390362807
1568390362820
1568390362833
1568390362846
1568390362859
1568390362873
1568390362886
1568390362899
1568390362913
1568390362926
1568390362938
1568390362952
1568390362965
1568390362978
1568390362991
1568390363003
1568390363016
1568390363029
1568390363042
1568390363055
1568390363069
1568390363083
1568390363095
1568390363109
1568390363122
1568390363135
1568390363148
1568390363161
1568390363175
1568390363188
1568390363201
1568390363215
1568390363228
1568390363241
1568390363254
1568390363267
1568390363281
1568390363294
1568390363308
1568390363321
1568390363334
1568390363347
1568390363360
1568390363373
1568390363387
1568390363400
1568390363414
1568390363427
1568390363440
1568390363452
1568390363465
1568390363478
1568390363491
1568390363503
1568390363517
1568390363530
1568390363544
1568390363556
1568390363569
1568390363581
1568390363594
1568390363606
1568390363619
1568390363631
1568390363643
1568390363655
1568390363667
1568390363679
1568390363692
1568390363705
1568390363717
1568390363730
1568390363744
1568390363757
1568390363771
1568390363784
1568390363797
1568390363810
1568390363824
1568390363837
1568390363851
1568390363864
1568390363877
1568390363890
1568390363904
