1568390363540
1568390363553
1568390363567
1568390363579
1568390363591
1568390363603
1568390363615
1568390363627
1568390363638
1568390363651
1568390363663
1568390363675
1568390363687
1568390363700
1568390363712
1568390363725
1568390363737
1568390363750
1568390363763
1568390363776
1568390363789
1568390363802
1568390363815
1568390363827
1568390363840
1568390363854
1568390363866
1568390363879
1568390363893
1568390363906
1568390363920
1568390363932
1568390363945
1568390363958
1568390363971
1568390363984
1568390363997
1568390364011
1568390364024
1568390364037
1568390364049
1568390364062
1568390364075
1568390364088
1568390364101
1568390364114
1568390364126
1568390364140
1568390364153
1568390364166
1568390364179
1568390364192
1568390364205
1568390364216
1568390364228
1568390364241
1568390364253
1568390364266
1568390364278
1568390364291
1568390364304
1568390364317
1568390364330
1568390364344
1568390364356
1568390364383
1568390364397
1568390364411
1568390364423
1568390364436
1568390364449
1568390364463
1568390364476
1568390364490
1568390364503
1568390364517
1568390364531
1568390364545
1568390364557
1568390364570
1568390364583
1568390364596
1568390364609
1568390364624
1568390364638
1568390364652
1568390364665
1568390364679
1568390364693
1568390364707
1568390364720
1568390364734
1568390364747
1568390364760
1568390364773
1568390364787
1568390364800
1568390364814
1568390364827
1568390364841
1568390364853
1568390364866
1568390364879
1568390364893
1568390364905
1568390364919
1568390364932
1568390364945
1568390364958
1568390364973
1568390364986
1568390365000
1568390365013
1568390365027
1568390365041
1568390365055
1568390365069
1568390365082
1568390365095
1568390365108
1568390365122
1568390365135
1568390365148
1568390365161
1568390365174
1568390365187
1568390365201
1568390365214
1568390365227
1568390365240
1568390365252
1568390365266
1568390365279
1568390365294
1568390365307
1568390365320
1568390365333
1568390365345
1568390365357
1568390365369
1568390365381
1568390365394
1568390365407
1568390365420
1568390365433
1568390365447
1568390365460
1568390365473
1568390365486
1568390365499
