1568390345909
1568390345921
1568390345935
1568390345947
1568390345959
1568390345973
1568390345985
1568390345997
1568390346010
1568390346022
1568390346035
1568390346047
1568390346059
1568390346073
1568390346085
1568390346097
1568390346109
1568390346120
1568390346132
1568390346144
1568390346155
1568390346167
1568390346181
1568390346193
1568390346206
1568390346220
1568390346233
1568390346246
1568390346258
1568390346271
1568390346283
1568390346294
1568390346306
1568390346319
1568390346332
1568390346344
1568390346357
1568390346371
1568390346383
1568390346396
1568390346409
1568390346421
1568390346433
1568390346445
1568390346458
1568390346470
1568390346482
1568390346495
1568390346508
1568390346522
1568390346534
1568390346547
1568390346559
1568390346571
1568390346583
1568390346596
1568390346608
1568390346621
1568390346633
1568390346646
1568390346659
1568390346672
1568390346685
1568390346698
1568390346709
1568390346721
1568390346734
1568390346747
1568390346760
1568390346772
1568390346785
1568390346797
1568390346810
1568390346824
1568390346837
1568390346850
1568390346861
1568390346873
1568390346886
1568390346899
1568390346912
1568390346925
1568390346938
1568390346951
1568390346964
1568390346977
1568390346990
1568390347003
1568390347016
1568390347028
1568390347042
1568390347055
1568390347070
1568390347085
1568390347099
1568390347114
1568390347128
1568390347143
1568390347159
1568390347173
1568390347187
1568390347201
1568390347214
1568390347228
1568390347241
1568390347254
1568390347267
1568390347280
1568390347293
1568390347307
1568390347320
1568390347333
1568390347346
1568390347359
1568390347372
1568390347385
1568390347398
1568390347411
1568390347424
1568390347438
1568390347451
1568390347467
1568390347480
1568390347493
1568390347506
1568390347518
1568390347530
1568390347542
1568390347554
1568390347566
1568390347578
1568390347591
1568390347605
1568390347619
1568390347631
1568390347643
1568390347655
1568390347668
1568390347680
1568390347692
1568390347705
1568390347717
1568390347729
1568390347741
1568390347754
1568390347766
1568390347778
1568390347791
1568390347803
1568390347816
