1568390333330
1568390333342
1568390333356
1568390333368
1568390333380
1568390333392
1568390333403
1568390333415
1568390333427
1568390333439
1568390333451
1568390333463
1568390333476
1568390333489
1568390333501
1568390333514
1568390333526
1568390333538
1568390333550
1568390333563
1568390333574
1568390333587
1568390333599
1568390333611
1568390333623
1568390333637
1568390333649
1568390333662
1568390333675
1568390333687
1568390333700
1568390333713
1568390333726
1568390333739
1568390333752
1568390333765
1568390333778
1568390333791
1568390333805
1568390333818
1568390333831
1568390333844
1568390333857
1568390333870
1568390333883
1568390333896
1568390333909
1568390333920
1568390333933
1568390333948
1568390333961
1568390333974
1568390333986
1568390333998
1568390334011
1568390334024
1568390334037
1568390334049
1568390334062
1568390334074
1568390334088
1568390334101
1568390334114
1568390334127
1568390334139
1568390334150
1568390334162
1568390334175
1568390334187
1568390334199
1568390334212
1568390334224
1568390334236
1568390334249
1568390334261
1568390334274
1568390334287
1568390334300
1568390334312
1568390334326
1568390334339
1568390334351
1568390334364
1568390334377
1568390334390
1568390334403
1568390334416
1568390334430
1568390334443
1568390334457
1568390334470
1568390334484
1568390334498
1568390334511
1568390334524
1568390334537
1568390334550
1568390334564
1568390334578
1568390334590
1568390334603
1568390334616
1568390334630
1568390334643
1568390334656
1568390334669
1568390334682
1568390334695
1568390334708
1568390334722
1568390334735
1568390334748
1568390334761
1568390334774
1568390334787
1568390334800
1568390334813
1568390334827
1568390334840
1568390334853
1568390334866
1568390334880
1568390334893
1568390334906
1568390334918
1568390334930
1568390334941
1568390334953
1568390334965
1568390334977
1568390334989
1568390335001
1568390335013
1568390335026
1568390335038
1568390335050
1568390335062
1568390335074
1568390335086
1568390335098
1568390335110
1568390335122
1568390335134
1568390335146
1568390335158
1568390335171
1568390335182
1568390335195
1568390335207
1568390335219
