1568824984577
1568824984592
1568824984610
1568824984624
1568824984638
1568824984652
1568824984665
1568824984679
1568824984693
1568824984708
1568824984722
1568824984736
1568824984750
1568824984764
1568824984777
1568824984791
1568824984806
1568824984820
1568824984834
1568824984847
1568824984861
1568824984873
1568824984887
1568824984900
1568824984913
1568824984927
1568824984941
1568824984955
1568824984969
1568824984983
1568824984997
1568824985011
1568824985024
1568824985037
1568824985052
1568824985066
1568824985081
1568824985097
1568824985111
1568824985124
1568824985138
1568824985153
1568824985166
1568824985179
1568824985192
1568824985206
1568824985219
1568824985232
1568824985247
1568824985263
1568824985277
1568824985291
1568824985307
1568824985321
1568824985337
1568824985353
1568824985367
1568824985381
1568824985394
1568824985408
1568824985422
1568824985436
1568824985449
1568824985462
1568824985474
1568824985486
1568824985502
1568824985518
1568824985532
1568824985548
1568824985561
1568824985574
1568824985587
1568824985601
1568824985615
1568824985630
1568824985646
1568824985662
1568824985677
1568824985691
1568824985705
1568824985719
1568824985733
1568824985747
1568824985761
1568824985777
1568824985791
1568824985806
1568824985820
1568824985835
1568824985849
1568824985863
1568824985878
1568824985893
1568824985907
1568824985921
1568824985935
1568824985951
1568824985966
1568824985981
1568824985995
1568824986008
1568824986023
1568824986038
1568824986053
1568824986067
1568824986081
1568824986095
1568824986108
1568824986124
1568824986141
1568824986157
1568824986171
1568824986185
1568824986199
1568824986214
1568824986228
1568824986244
1568824986258
1568824986271
1568824986286
1568824986302
1568824986316
1568824986329
1568824986342
1568824986355
1568824986368
1568824986382
1568824986395
1568824986409
1568824986422
1568824986436
1568824986451
1568824986467
1568824986481
1568824986498
1568824986512
1568824986527
1568824986541
1568824986557
1568824986570
1568824986584
1568824986598
1568824986612
1568824986625
1568824986639
1568824986652
1568824986666
1568824986679
1568824986692
