1568824957263
1568824957278
1568824957296
1568824957311
1568824957325
1568824957340
1568824957355
1568824957370
1568824957384
1568824957399
1568824957414
1568824957428
1568824957443
1568824957459
1568824957473
1568824957488
1568824957503
1568824957517
1568824957531
1568824957545
1568824957560
1568824957574
1568824957588
1568824957600
1568824957613
1568824957629
1568824957643
1568824957656
1568824957670
1568824957684
1568824957698
1568824957711
1568824957724
1568824957739
1568824957753
1568824957767
1568824957781
1568824957795
1568824957808
1568824957821
1568824957834
1568824957848
1568824957862
1568824957877
1568824957890
1568824957903
1568824957915
1568824957928
1568824957940
1568824957954
1568824957967
1568824957980
1568824957993
1568824958007
1568824958020
1568824958034
1568824958048
1568824958063
1568824958076
1568824958088
1568824958102
1568824958117
1568824958130
1568824958143
1568824958157
1568824958169
1568824958181
1568824958196
1568824958210
1568824958225
1568824958239
1568824958255
1568824958270
1568824958286
1568824958300
1568824958316
1568824958333
1568824958349
1568824958363
1568824958377
1568824958393
1568824958407
1568824958421
1568824958436
1568824958451
1568824958466
1568824958480
1568824958496
1568824958509
1568824958525
1568824958540
1568824958554
1568824958567
1568824958581
1568824958595
1568824958609
1568824958623
1568824958640
1568824958656
1568824958671
1568824958686
1568824958701
1568824958715
1568824958730
1568824958745
1568824958760
1568824958775
1568824958789
1568824958805
1568824958822
1568824958836
1568824958850
1568824958864
1568824958878
1568824958894
1568824958910
1568824958925
1568824958938
1568824958952
1568824958965
1568824958980
1568824958995
1568824959011
1568824959025
1568824959038
1568824959052
1568824959065
1568824959080
1568824959093
1568824959107
1568824959120
1568824959134
1568824959148
1568824959163
1568824959179
1568824959193
1568824959208
1568824959222
1568824959235
1568824959249
1568824959262
1568824959276
1568824959290
1568824959303
1568824959317
1568824959331
1568824959344
1568824959359
1568824959373
1568824959387
