1568824979462
1568824979525
1568824979561
1568824979585
1568824979604
1568824979620
1568824979634
1568824979649
1568824979662
1568824979674
1568824979686
1568824979698
1568824979711
1568824979723
1568824979737
1568824979749
1568824979761
1568824979773
1568824979787
1568824979801
1568824979814
1568824979826
1568824979839
1568824979853
1568824979865
1568824979878
1568824979892
1568824979905
1568824979917
1568824979930
1568824979944
1568824979958
1568824979971
1568824979984
1568824979997
1568824980011
1568824980026
1568824980044
1568824980059
1568824980073
1568824980090
1568824980104
1568824980117
1568824980131
1568824980145
1568824980161
1568824980176
1568824980190
1568824980204
1568824980220
1568824980237
1568824980253
1568824980268
1568824980283
1568824980299
1568824980315
1568824980329
1568824980344
1568824980357
1568824980371
1568824980384
1568824980399
1568824980415
1568824980430
1568824980444
1568824980458
1568824980472
1568824980485
1568824980499
1568824980514
1568824980528
1568824980542
1568824980558
1568824980573
1568824980587
1568824980601
1568824980616
1568824980631
1568824980648
1568824980664
1568824980679
1568824980693
1568824980707
1568824980721
1568824980736
1568824980751
1568824980766
1568824980782
1568824980797
1568824980812
1568824980826
1568824980840
1568824980854
1568824980914
1568824980960
1568824980993
1568824981018
1568824981041
1568824981059
1568824981076
1568824981091
1568824981106
1568824981120
1568824981133
1568824981146
1568824981160
1568824981173
1568824981186
1568824981200
1568824981216
1568824981230
1568824981245
1568824981260
1568824981275
1568824981288
1568824981304
1568824981318
1568824981332
1568824981345
1568824981359
1568824981373
1568824981389
1568824981404
1568824981419
1568824981433
1568824981446
1568824981459
1568824981473
1568824981488
1568824981502
1568824981517
1568824981532
1568824981546
1568824981560
1568824981573
1568824981586
1568824981599
1568824981612
1568824981626
1568824981639
1568824981654
1568824981668
1568824981683
1568824981697
1568824981711
1568824981725
1568824981738
1568824981751
1568824981764
1568824981776
