1568824986229
1568824986245
1568824986262
1568824986276
1568824986291
1568824986306
1568824986320
1568824986333
1568824986345
1568824986359
1568824986372
1568824986385
1568824986399
1568824986414
1568824986427
1568824986441
1568824986456
1568824986471
1568824986486
1568824986502
1568824986517
1568824986531
1568824986546
1568824986561
1568824986574
1568824986589
1568824986603
1568824986617
1568824986630
1568824986643
1568824986657
1568824986670
1568824986683
1568824986698
1568824986711
1568824986725
1568824986738
1568824986752
1568824986768
1568824986783
1568824986797
1568824986810
1568824986823
1568824986836
1568824986850
1568824986863
1568824986877
1568824986892
1568824986906
1568824986921
1568824986935
1568824986949
1568824986962
1568824986975
1568824986988
1568824987001
1568824987013
1568824987027
1568824987039
1568824987052
1568824987113
1568824987169
1568824987201
1568824987229
1568824987249
1568824987265
1568824987282
1568824987296
1568824987309
1568824987322
1568824987333
1568824987345
1568824987357
1568824987369
1568824987381
1568824987392
1568824987404
1568824987416
1568824987427
1568824987440
1568824987452
1568824987465
1568824987478
1568824987490
1568824987501
1568824987514
1568824987526
1568824987538
1568824987550
1568824987564
1568824987577
1568824987591
1568824987603
1568824987615
1568824987627
1568824987638
1568824987651
1568824987664
1568824987676
1568824987689
1568824987701
1568824987713
1568824987724
1568824987736
1568824987749
1568824987761
1568824987772
1568824987783
1568824987795
1568824987808
1568824987820
1568824987833
1568824987846
1568824987860
1568824987872
1568824987884
1568824987895
1568824987908
1568824987920
1568824987933
1568824987946
1568824987959
1568824987971
1568824987983
1568824987995
1568824988007
1568824988019
1568824988031
1568824988044
1568824988057
1568824988070
1568824988083
1568824988096
1568824988110
1568824988123
1568824988136
1568824988149
1568824988163
1568824988176
1568824988189
1568824988202
1568824988215
1568824988227
1568824988239
1568824988252
1568824988266
1568824988280
1568824988294
1568824988307
1568824988321
