1568824976133
1568824976148
1568824976163
1568824976177
1568824976192
1568824976208
1568824976222
1568824976235
1568824976249
1568824976263
1568824976277
1568824976292
1568824976308
1568824976324
1568824976339
1568824976353
1568824976368
1568824976382
1568824976396
1568824976410
1568824976423
1568824976435
1568824976450
1568824976465
1568824976480
1568824976495
1568824976509
1568824976522
1568824976534
1568824976548
1568824976563
1568824976578
1568824976591
1568824976607
1568824976622
1568824976638
1568824976652
1568824976671
1568824976686
1568824976701
1568824976715
1568824976729
1568824976742
1568824976757
1568824976770
1568824976786
1568824976802
1568824976816
1568824976829
1568824976843
1568824976856
1568824976869
1568824976881
1568824976896
1568824976910
1568824976927
1568824976943
1568824976958
1568824976972
1568824976986
1568824976999
1568824977015
1568824977031
1568824977046
1568824977060
1568824977074
1568824977088
1568824977103
1568824977118
1568824977133
1568824977147
1568824977161
1568824977175
1568824977191
1568824977206
1568824977220
1568824977234
1568824977251
1568824977264
1568824977278
1568824977292
1568824977306
1568824977321
1568824977336
1568824977351
1568824977366
1568824977381
1568824977396
1568824977410
1568824977425
1568824977439
1568824977453
1568824977469
1568824977484
1568824977499
1568824977512
1568824977527
1568824977543
1568824977557
1568824977573
1568824977588
1568824977603
1568824977617
1568824977631
1568824977645
1568824977659
1568824977673
1568824977688
1568824977703
1568824977719
1568824977734
1568824977749
1568824977763
1568824977777
1568824977793
1568824977809
1568824977823
1568824977837
1568824977850
1568824977863
1568824977878
1568824977893
1568824977907
1568824977920
1568824977934
1568824977948
1568824977960
1568824977975
1568824977990
1568824978005
1568824978018
1568824978032
1568824978047
1568824978063
1568824978077
1568824978092
1568824978106
1568824978120
1568824978134
1568824978148
1568824978162
1568824978175
1568824978187
1568824978201
1568824978215
1568824978231
1568824978245
1568824978260
1568824978275
1568824978289
