1568824950462
1568824950477
1568824950493
1568824950506
1568824950520
1568824950533
1568824950546
1568824950559
1568824950573
1568824950586
1568824950600
1568824950613
1568824950626
1568824950640
1568824950655
1568824950670
1568824950684
1568824950698
1568824950712
1568824950724
1568824950738
1568824950753
1568824950767
1568824950780
1568824950795
1568824950810
1568824950824
1568824950840
1568824950855
1568824950868
1568824950882
1568824950895
1568824950909
1568824950922
1568824950935
1568824950952
1568824950965
1568824950979
1568824950992
1568824951007
1568824951020
1568824951034
1568824951046
1568824951059
1568824951073
1568824951087
1568824951102
1568824951117
1568824951130
1568824951145
1568824951158
1568824951172
1568824951186
1568824951203
1568824951217
1568824951232
1568824951245
1568824951261
1568824951273
1568824951289
1568824951304
1568824951317
1568824951330
1568824951344
1568824951357
1568824951370
1568824951383
1568824951396
1568824951409
1568824951422
1568824951436
1568824951452
1568824951467
1568824951483
1568824951497
1568824951511
1568824951525
1568824951539
1568824951553
1568824951568
1568824951582
1568824951598
1568824951612
1568824951627
1568824951642
1568824951658
1568824951674
1568824951688
1568824951702
1568824951716
1568824951731
1568824951746
1568824951760
1568824951775
1568824951790
1568824951805
1568824951821
1568824951836
1568824951850
1568824951865
1568824951879
1568824951893
1568824951907
1568824951921
1568824951937
1568824951953
1568824951968
1568824951982
1568824951997
1568824952014
1568824952030
1568824952045
1568824952059
1568824952074
1568824952087
1568824952100
1568824952114
1568824952128
1568824952142
1568824952157
1568824952171
1568824952185
1568824952199
1568824952214
1568824952229
1568824952244
1568824952257
1568824952272
1568824952288
1568824952301
1568824952314
1568824952329
1568824952345
1568824952361
1568824952376
1568824952391
1568824952406
1568824952419
1568824952432
1568824952445
1568824952459
1568824952474
1568824952489
1568824952503
1568824952519
1568824952534
1568824952548
1568824952563
1568824952577
1568824952591
