1568824937376
1568824937390
1568824937406
1568824937419
1568824937431
1568824937445
1568824937457
1568824937469
1568824937482
1568824937495
1568824937508
1568824937521
1568824937536
1568824937550
1568824937563
1568824937577
1568824937590
1568824937603
1568824937616
1568824937629
1568824937640
1568824937653
1568824937665
1568824937677
1568824937689
1568824937703
1568824937716
1568824937729
1568824937743
1568824937756
1568824937769
1568824937782
1568824937797
1568824937810
1568824937823
1568824937836
1568824937849
1568824937863
1568824937876
1568824937889
1568824937901
1568824937914
1568824937927
1568824937940
1568824937953
1568824937966
1568824937979
1568824937993
1568824938006
1568824938020
1568824938033
1568824938047
1568824938060
1568824938074
1568824938087
1568824938100
1568824938113
1568824938126
1568824938139
1568824938152
1568824938165
1568824938178
1568824938191
1568824938205
1568824938218
1568824938231
1568824938244
1568824938257
1568824938270
1568824938284
1568824938297
1568824938310
1568824938323
1568824938337
1568824938351
1568824938365
1568824938378
1568824938392
1568824938406
1568824938419
1568824938433
1568824938446
1568824938460
1568824938473
1568824938487
1568824938503
1568824938517
1568824938530
1568824938543
1568824938558
1568824938572
1568824938586
1568824938600
1568824938614
1568824938629
1568824938642
1568824938656
1568824938670
1568824938684
1568824938698
1568824938712
1568824938726
1568824938739
1568824938752
1568824938765
1568824938779
1568824938792
1568824938805
1568824938818
1568824938833
1568824938846
1568824938860
1568824938874
1568824938889
1568824938903
1568824938917
1568824938931
1568824938944
1568824938958
1568824938971
1568824938984
1568824938999
1568824939013
1568824939027
1568824939041
1568824939055
1568824939068
1568824939081
1568824939094
1568824939108
1568824939122
1568824939137
1568824939150
1568824939164
1568824939177
1568824939191
1568824939205
1568824939220
1568824939232
1568824939245
1568824939259
1568824939273
1568824939287
1568824939303
1568824939335
1568824939350
1568824939367
1568824939383
1568824939400
1568824939416
