1568824955577
1568824955591
1568824955608
1568824955623
1568824955637
1568824955651
1568824955666
1568824955680
1568824955695
1568824955709
1568824955723
1568824955738
1568824955753
1568824955769
1568824955784
1568824955798
1568824955810
1568824955823
1568824955837
1568824955850
1568824955864
1568824955877
1568824955891
1568824955904
1568824955917
1568824955932
1568824955946
1568824955959
1568824955973
1568824955988
1568824956003
1568824956018
1568824956032
1568824956045
1568824956059
1568824956072
1568824956089
1568824956106
1568824956120
1568824956133
1568824956146
1568824956159
1568824956174
1568824956189
1568824956203
1568824956216
1568824956230
1568824956244
1568824956258
1568824956272
1568824956285
1568824956302
1568824956315
1568824956328
1568824956341
1568824956355
1568824956368
1568824956382
1568824956395
1568824956408
1568824956422
1568824956436
1568824956449
1568824956465
1568824956480
1568824956493
1568824956506
1568824956519
1568824956532
1568824956548
1568824956563
1568824956576
1568824956591
1568824956606
1568824956621
1568824956636
1568824956651
1568824956667
1568824956680
1568824956693
1568824956706
1568824956722
1568824956738
1568824956752
1568824956766
1568824956780
1568824956795
1568824956810
1568824956825
1568824956842
1568824956857
1568824956871
1568824956885
1568824956899
1568824956914
1568824956929
1568824956943
1568824956959
1568824956973
1568824956988
1568824957004
1568824957020
1568824957035
1568824957050
1568824957065
1568824957080
1568824957095
1568824957110
1568824957125
1568824957143
1568824957159
1568824957175
1568824957189
1568824957205
1568824957221
1568824957235
1568824957249
1568824957263
1568824957278
1568824957293
1568824957308
1568824957323
1568824957339
1568824957355
1568824957370
1568824957384
1568824957399
1568824957414
1568824957429
1568824957444
1568824957459
1568824957472
1568824957487
1568824957502
1568824957517
1568824957531
1568824957546
1568824957561
1568824957576
1568824957590
1568824957604
1568824957617
1568824957631
1568824957646
1568824957660
1568824957675
1568824957690
1568824957704
1568824957717
1568824957731
