1568824960645
1568824960660
1568824960675
1568824960688
1568824960701
1568824960715
1568824960729
1568824960743
1568824960756
1568824960769
1568824960782
1568824960796
1568824960810
1568824960824
1568824960839
1568824960854
1568824960868
1568824960882
1568824960896
1568824960911
1568824960926
1568824960940
1568824960954
1568824960967
1568824960981
1568824960996
1568824961009
1568824961023
1568824961037
1568824961052
1568824961066
1568824961079
1568824961095
1568824961111
1568824961125
1568824961139
1568824961154
1568824961170
1568824961185
1568824961199
1568824961212
1568824961226
1568824961239
1568824961252
1568824961266
1568824961282
1568824961295
1568824961308
1568824961322
1568824961338
1568824961355
1568824961370
1568824961385
1568824961400
1568824961415
1568824961431
1568824961446
1568824961460
1568824961474
1568824961489
1568824961504
1568824961519
1568824961533
1568824961547
1568824961562
1568824961577
1568824961594
1568824961611
1568824961626
1568824961641
1568824961656
1568824961670
1568824961686
1568824961702
1568824961716
1568824961730
1568824961745
1568824961759
1568824961771
1568824961787
1568824961801
1568824961816
1568824961830
1568824961846
1568824961860
1568824961876
1568824961892
1568824961908
1568824961923
1568824961938
1568824961953
1568824961971
1568824961985
1568824962001
1568824962015
1568824962053
1568824962115
1568824962154
1568824962181
1568824962204
1568824962224
1568824962241
1568824962257
1568824962274
1568824962290
1568824962306
1568824962321
1568824962336
1568824962351
1568824962368
1568824962386
1568824962403
1568824962418
1568824962433
1568824962448
1568824962461
1568824962475
1568824962489
1568824962504
1568824962518
1568824962530
1568824962544
1568824962558
1568824962573
1568824962587
1568824962601
1568824962617
1568824962632
1568824962646
1568824962659
1568824962672
1568824962685
1568824962698
1568824962713
1568824962727
1568824962741
1568824962754
1568824962768
1568824962782
1568824962795
1568824962808
1568824962821
1568824962834
1568824962848
1568824962862
1568824962876
1568824962890
1568824962905
1568824962919
1568824962931
