1567791719053
1567791719067
1567791719080
1567791719091
1567791719102
1567791719114
1567791719125
1567791719137
1567791719149
1567791719161
1567791719172
1567791719183
1567791719195
1567791719207
1567791719220
1567791719234
1567791719246
1567791719258
1567791719270
1567791719282
1567791719293
1567791719305
1567791719317
1567791719328
1567791719342
1567791719353
1567791719364
1567791719376
1567791719388
1567791719400
1567791719410
1567791719422
1567791719434
1567791719444
1567791719456
1567791719468
1567791719480
1567791719492
1567791719504
1567791719516
1567791719529
1567791719541
1567791719553
1567791719565
1567791719577
1567791719588
1567791719600
1567791719612
1567791719624
1567791719636
1567791719647
1567791719660
1567791719671
1567791719684
1567791719694
1567791719706
1567791719718
1567791719730
1567791719740
1567791719752
1567791719765
1567791719778
1567791719791
1567791719803
1567791719815
1567791719826
1567791719837
1567791719850
1567791719862
1567791719874
1567791719885
1567791719896
1567791719909
1567791719922
1567791719933
1567791719944
1567791719956
1567791719968
1567791719979
1567791719990
1567791720002
1567791720014
1567791720027
1567791720039
1567791720052
1567791720066
1567791720078
1567791720090
1567791720102
1567791720114
1567791720127
1567791720139
1567791720151
1567791720163
1567791720175
1567791720187
1567791720200
1567791720214
1567791720226
1567791720239
1567791720251
1567791720264
1567791720276
1567791720288
1567791720301
1567791720314
1567791720325
1567791720338
1567791720351
1567791720364
1567791720377
1567791720390
1567791720403
1567791720416
1567791720428
1567791720441
1567791720453
1567791720466
1567791720479
1567791720492
1567791720505
1567791720518
1567791720530
1567791720542
1567791720554
1567791720566
1567791720578
1567791720591
1567791720603
1567791720615
1567791720627
1567791720639
1567791720652
1567791720664
1567791720675
1567791720687
1567791720698
1567791720710
1567791720721
1567791720732
1567791720744
1567791720756
1567791720766
1567791720777
1567791720789
1567791720802
1567791720813
1567791720825
1567791720836
1567791720847
