1567791728810
1567791728822
1567791728835
1567791728846
1567791728857
1567791728869
1567791728880
1567791728891
1567791728902
1567791728913
1567791728924
1567791728936
1567791728948
1567791728960
1567791728973
1567791728984
1567791728995
1567791729007
1567791729018
1567791729029
1567791729041
1567791729052
1567791729063
1567791729074
1567791729086
1567791729098
1567791729109
1567791729120
1567791729132
1567791729143
1567791729154
1567791729166
1567791729177
1567791729188
1567791729199
1567791729211
1567791729222
1567791729233
1567791729245
1567791729258
1567791729269
1567791729280
1567791729291
1567791729303
1567791729315
1567791729325
1567791729337
1567791729348
1567791729359
1567791729371
1567791729383
1567791729395
1567791729405
1567791729417
1567791729429
1567791729440
1567791729450
1567791729462
1567791729473
1567791729483
1567791729495
1567791729507
1567791729518
1567791729529
1567791729540
1567791729553
1567791729565
1567791729575
1567791729587
1567791729598
1567791729608
1567791729620
1567791729633
1567791729645
1567791729657
1567791729668
1567791729679
1567791729691
1567791729702
1567791729713
1567791729725
1567791729736
1567791729746
1567791729758
1567791729769
1567791729782
1567791729794
1567791729806
1567791729817
1567791729829
1567791729841
1567791729854
1567791729866
1567791729879
1567791729891
1567791729903
1567791729916
1567791729928
1567791729941
1567791729953
1567791729966
1567791729979
1567791729991
1567791730003
1567791730016
1567791730028
1567791730040
1567791730052
1567791730065
1567791730078
1567791730090
1567791730102
1567791730114
1567791730127
1567791730139
1567791730152
1567791730165
1567791730177
1567791730189
1567791730202
1567791730214
1567791730226
1567791730239
1567791730251
1567791730263
1567791730276
1567791730288
1567791730300
1567791730312
1567791730324
1567791730337
1567791730349
1567791730362
1567791730376
1567791730389
1567791730402
1567791730414
1567791730428
1567791730441
1567791730452
1567791730462
1567791730474
1567791730485
1567791730496
1567791730508
1567791730520
1567791730532
1567791730544
1567791730555
1567791730567
