1567791712358
1567791712369
1567791712382
1567791712393
1567791712404
1567791712415
1567791712427
1567791712438
1567791712449
1567791712460
1567791712472
1567791712484
1567791712496
1567791712508
1567791712521
1567791712533
1567791712543
1567791712554
1567791712566
1567791712577
1567791712588
1567791712599
1567791712612
1567791712624
1567791712635
1567791712647
1567791712658
1567791712670
1567791712681
1567791712692
1567791712704
1567791712716
1567791712726
1567791712738
1567791712750
1567791712762
1567791712773
1567791712785
1567791712796
1567791712809
1567791712819
1567791712831
1567791712843
1567791712855
1567791712865
1567791712877
1567791712889
1567791712901
1567791712912
1567791712924
1567791712936
1567791712948
1567791712959
1567791712970
1567791712981
1567791712993
1567791713005
1567791713017
1567791713028
1567791713039
1567791713051
1567791713063
1567791713074
1567791713086
1567791713097
1567791713109
1567791713120
1567791713132
1567791713143
1567791713154
1567791713165
1567791713177
1567791713188
1567791713200
1567791713212
1567791713223
1567791713233
1567791713245
1567791713257
1567791713269
1567791713281
1567791713292
1567791713303
1567791713315
1567791713329
1567791713342
1567791713354
1567791713367
1567791713379
1567791713390
1567791713403
1567791713416
1567791713428
1567791713440
1567791713452
1567791713464
1567791713476
1567791713488
1567791713501
1567791713514
1567791713528
1567791713541
1567791713553
1567791713566
1567791713578
1567791713590
1567791713603
1567791713614
1567791713627
1567791713640
1567791713652
1567791713666
1567791713679
1567791713692
1567791713706
1567791713719
1567791713731
1567791713744
1567791713757
1567791713770
1567791713783
1567791713796
1567791713809
1567791713822
1567791713835
1567791713849
1567791713861
1567791713874
1567791713887
1567791713900
1567791713911
1567791713924
1567791713936
1567791713950
1567791713963
1567791713975
1567791713987
1567791714000
1567791714012
1567791714022
1567791714034
1567791714045
1567791714057
1567791714070
1567791714082
1567791714094
1567791714106
1567791714118
1567791714130
1567791714142
