1567791722280
1567791722293
1567791722307
1567791722319
1567791722330
1567791722342
1567791722353
1567791722365
1567791722375
1567791722386
1567791722397
1567791722409
1567791722420
1567791722434
1567791722446
1567791722457
1567791722468
1567791722480
1567791722492
1567791722506
1567791722516
1567791722528
1567791722540
1567791722552
1567791722563
1567791722575
1567791722587
1567791722599
1567791722611
1567791722622
1567791722633
1567791722645
1567791722657
1567791722667
1567791722679
1567791722691
1567791722703
1567791722714
1567791722726
1567791722738
1567791722750
1567791722762
1567791722773
1567791722784
1567791722796
1567791722809
1567791722819
1567791722831
1567791722843
1567791722856
1567791722868
1567791722880
1567791722891
1567791722903
1567791722915
1567791722927
1567791722937
1567791722949
1567791722961
1567791722973
1567791722985
1567791722996
1567791723008
1567791723020
1567791723032
1567791723042
1567791723054
1567791723066
1567791723077
1567791723088
1567791723100
1567791723112
1567791723125
1567791723136
1567791723147
1567791723160
1567791723171
1567791723182
1567791723193
1567791723205
1567791723217
1567791723229
1567791723239
1567791723252
1567791723266
1567791723278
1567791723291
1567791723303
1567791723316
1567791723328
1567791723341
1567791723354
1567791723365
1567791723377
1567791723389
1567791723402
1567791723414
1567791723427
1567791723440
1567791723453
1567791723466
1567791723479
1567791723492
1567791723504
1567791723516
1567791723529
1567791723541
1567791723554
1567791723567
1567791723580
1567791723592
1567791723606
1567791723619
1567791723632
1567791723645
1567791723657
1567791723670
1567791723683
1567791723695
1567791723706
1567791723719
1567791723733
1567791723745
1567791723759
1567791723771
1567791723784
1567791723797
1567791723809
1567791723821
1567791723834
1567791723846
1567791723858
1567791723870
1567791723884
1567791723896
1567791723908
1567791723920
1567791723932
1567791723944
1567791723956
1567791723968
1567791723979
1567791723991
1567791724002
1567791724014
1567791724026
1567791724038
1567791724049
1567791724061
1567791724073
