1567791707381
1567791707393
1567791707405
1567791707416
1567791707427
1567791707437
1567791707448
1567791707459
1567791707469
1567791707480
1567791707491
1567791707503
1567791707514
1567791707526
1567791707537
1567791707551
1567791707561
1567791707573
1567791707584
1567791707595
1567791707606
1567791707617
1567791707628
1567791707639
1567791707651
1567791707664
1567791707676
1567791707687
1567791707700
1567791707712
1567791707724
1567791707736
1567791707747
1567791707758
1567791707770
1567791707780
1567791707792
1567791707805
1567791707822
1567791707835
1567791707845
1567791707857
1567791707869
1567791707882
1567791707894
1567791707906
1567791707917
1567791707929
1567791707941
1567791707954
1567791707967
1567791707980
1567791707992
1567791708005
1567791708016
1567791708028
1567791708040
1567791708052
1567791708062
1567791708073
1567791708085
1567791708098
1567791708110
1567791708121
1567791708133
1567791708144
1567791708156
1567791708167
1567791708179
1567791708191
1567791708203
1567791708213
1567791708226
1567791708238
1567791708250
1567791708263
1567791708275
1567791708290
1567791708302
1567791708316
1567791708329
1567791708342
1567791708355
1567791708369
1567791708382
1567791708396
1567791708410
1567791708423
1567791708436
1567791708449
1567791708462
1567791708474
1567791708486
1567791708499
1567791708511
1567791708523
1567791708535
1567791708548
1567791708561
1567791708574
1567791708587
1567791708600
1567791708612
1567791708627
1567791708639
1567791708652
1567791708664
1567791708678
1567791708691
1567791708705
1567791708719
1567791708732
1567791708745
1567791708758
1567791708770
1567791708783
1567791708796
1567791708809
1567791708822
1567791708834
1567791708848
1567791708861
1567791708874
1567791708891
1567791708903
1567791708917
1567791708930
1567791708943
1567791708955
1567791708968
1567791708980
1567791708993
1567791709006
1567791709019
1567791709033
1567791709045
1567791709057
1567791709068
1567791709079
1567791709090
1567791709100
1567791709111
1567791709122
1567791709133
1567791709145
1567791709158
1567791709170
1567791709183
1567791709194
1567791709205
