1567791709045
1567791709057
1567791709069
1567791709080
1567791709091
1567791709103
1567791709114
1567791709125
1567791709137
1567791709149
1567791709161
1567791709173
1567791709185
1567791709197
1567791709209
1567791709223
1567791709234
1567791709245
1567791709256
1567791709268
1567791709279
1567791709291
1567791709304
1567791709316
1567791709329
1567791709341
1567791709352
1567791709363
1567791709375
1567791709385
1567791709397
1567791709409
1567791709421
1567791709433
1567791709444
1567791709455
1567791709467
1567791709479
1567791709490
1567791709501
1567791709513
1567791709524
1567791709535
1567791709547
1567791709558
1567791709569
1567791709580
1567791709592
1567791709603
1567791709614
1567791709626
1567791709638
1567791709649
1567791709660
1567791709672
1567791709683
1567791709693
1567791709705
1567791709716
1567791709726
1567791709738
1567791709751
1567791709763
1567791709775
1567791709786
1567791709798
1567791709810
1567791709822
1567791709832
1567791709844
1567791709855
1567791709867
1567791709878
1567791709890
1567791709902
1567791709913
1567791709924
1567791709936
1567791709947
1567791709959
1567791709969
1567791709981
1567791709992
1567791710003
1567791710015
1567791710029
1567791710041
1567791710053
1567791710065
1567791710078
1567791710090
1567791710102
1567791710114
1567791710127
1567791710140
1567791710151
1567791710164
1567791710177
1567791710189
1567791710201
1567791710213
1567791710225
1567791710238
1567791710250
1567791710263
1567791710277
1567791710291
1567791710304
1567791710318
1567791710333
1567791710345
1567791710358
1567791710369
1567791710382
1567791710395
1567791710407
1567791710420
1567791710433
1567791710446
1567791710459
1567791710473
1567791710487
1567791710500
1567791710513
1567791710526
1567791710539
1567791710551
1567791710565
1567791710578
1567791710591
1567791710604
1567791710616
1567791710630
1567791710643
1567791710654
1567791710667
1567791710679
1567791710690
1567791710700
1567791710711
1567791710724
1567791710735
1567791710746
1567791710757
1567791710769
1567791710781
1567791710792
1567791710804
1567791710815
1567791710827
