1567791732077
1567791732090
1567791732102
1567791732114
1567791732125
1567791732136
1567791732147
1567791732158
1567791732169
1567791732180
1567791732191
1567791732202
1567791732215
1567791732227
1567791732239
1567791732252
1567791732264
1567791732277
1567791732289
1567791732301
1567791732312
1567791732323
1567791732335
1567791732348
1567791732359
1567791732371
1567791732384
1567791732396
1567791732409
1567791732421
1567791732433
1567791732444
1567791732456
1567791732468
1567791732481
1567791732493
1567791732506
1567791732519
1567791732530
1567791732542
1567791732554
1567791732567
1567791732579
1567791732592
1567791732602
1567791732614
1567791732626
1567791732639
1567791732652
1567791732665
1567791732677
1567791732690
1567791732703
1567791732714
1567791732726
1567791732739
1567791732750
1567791732763
1567791732775
1567791732785
1567791732798
1567791732811
1567791732823
1567791732836
1567791732848
1567791732860
1567791732871
1567791732883
1567791732895
1567791732906
1567791732917
1567791732929
1567791732942
1567791732954
1567791732966
1567791732977
1567791732988
1567791733000
1567791733012
1567791733022
1567791733034
1567791733046
1567791733058
1567791733069
1567791733082
1567791733095
1567791733107
1567791733120
1567791733132
1567791733144
1567791733155
1567791733166
1567791733178
1567791733189
1567791733202
1567791733214
1567791733226
1567791733239
1567791733252
1567791733265
1567791733278
1567791733290
1567791733302
1567791733315
1567791733328
1567791733340
1567791733351
1567791733364
1567791733377
1567791733390
1567791733402
1567791733415
1567791733428
1567791733440
1567791733452
1567791733465
1567791733477
1567791733489
1567791733501
1567791733514
1567791733526
1567791733540
1567791733553
1567791733566
1567791733579
1567791733592
1567791733605
1567791733617
1567791733630
1567791733643
1567791733654
1567791733666
1567791733679
1567791733692
1567791733704
1567791733716
1567791733726
1567791733738
1567791733749
1567791733762
1567791733773
1567791733785
1567791733796
1567791733807
1567791733819
1567791733832
1567791733844
1567791733856
1567791733867
1567791733879
