1568708336273
1568708336288
1568708336304
1568708336318
1568708336332
1568708336346
1568708336360
1568708336374
1568708336388
1568708336402
1568708336416
1568708336431
1568708336446
1568708336461
1568708336475
1568708336489
1568708336503
1568708336518
1568708336532
1568708336547
1568708336561
1568708336576
1568708336590
1568708336604
1568708336619
1568708336635
1568708336649
1568708336664
1568708336678
1568708336692
1568708336706
1568708336721
1568708336735
1568708336750
1568708336764
1568708336778
1568708336793
1568708336810
1568708336826
1568708336843
1568708336859
1568708336876
1568708336891
1568708336907
1568708336923
1568708336939
1568708336955
1568708336971
1568708336988
1568708337005
1568708337022
1568708337039
1568708337055
1568708337071
1568708337086
1568708337102
1568708337119
1568708337134
1568708337150
1568708337166
1568708337183
1568708337200
1568708337217
1568708337233
1568708337250
1568708337265
1568708337280
1568708337295
1568708337310
1568708337326
1568708337341
1568708337357
1568708337374
1568708337391
1568708337407
1568708337423
1568708337438
1568708337454
1568708337470
1568708337486
1568708337501
1568708337518
1568708337533
1568708337549
1568708337566
1568708337583
1568708337599
1568708337615
1568708337631
1568708337647
1568708337663
1568708337679
1568708337695
1568708337711
1568708337728
1568708337743
1568708337759
1568708337777
1568708337793
1568708337809
1568708337825
1568708337841
1568708337856
1568708337872
1568708337888
1568708337903
1568708337920
1568708337936
1568708337952
1568708337968
1568708337984
1568708338001
1568708338017
1568708338033
1568708338049
1568708338065
1568708338080
1568708338097
1568708338112
1568708338128
1568708338145
1568708338161
1568708338177
1568708338192
1568708338206
1568708338222
1568708338237
1568708338252
1568708338267
1568708338282
1568708338297
1568708338311
1568708338327
1568708338343
1568708338357
1568708338372
1568708338386
1568708338401
1568708338415
1568708338430
1568708338444
1568708338458
1568708338473
1568708338487
1568708338502
1568708338518
1568708338533
1568708338548
1568708338563
1568708338579
