1568708341827
1568708341842
1568708341859
1568708341874
1568708341887
1568708341902
1568708341916
1568708341931
1568708341945
1568708341960
1568708341975
1568708341989
1568708342004
1568708342020
1568708342035
1568708342050
1568708342065
1568708342080
1568708342095
1568708342109
1568708342124
1568708342138
1568708342152
1568708342168
1568708342183
1568708342199
1568708342214
1568708342229
1568708342244
1568708342259
1568708342274
1568708342289
1568708342303
1568708342317
1568708342331
1568708342345
1568708342362
1568708342383
1568708342402
1568708342421
1568708342437
1568708342457
1568708342475
1568708342494
1568708342513
1568708342530
1568708342548
1568708342567
1568708342586
1568708342606
1568708342624
1568708342641
1568708342660
1568708342679
1568708342697
1568708342713
1568708342732
1568708342751
1568708342768
1568708342785
1568708342803
1568708342820
1568708342837
1568708342854
1568708342872
1568708342889
1568708342907
1568708342924
1568708342941
1568708342959
1568708342976
1568708342993
1568708343009
1568708343026
1568708343044
1568708343061
1568708343078
1568708343094
1568708343110
1568708343127
1568708343143
1568708343159
1568708343176
1568708343191
1568708343207
1568708343224
1568708343241
1568708343256
1568708343273
1568708343289
1568708343305
1568708343321
1568708343336
1568708343352
1568708343369
1568708343385
1568708343401
1568708343418
1568708343434
1568708343451
1568708343467
1568708343484
1568708343500
1568708343516
1568708343532
1568708343549
1568708343565
1568708343582
1568708343598
1568708343614
1568708343631
1568708343647
1568708343664
1568708343681
1568708343696
1568708343711
1568708343725
1568708343741
1568708343756
1568708343771
1568708343786
1568708343803
1568708343818
1568708343834
1568708343849
1568708343864
1568708343879
1568708343895
1568708343910
1568708343927
1568708343943
1568708343959
1568708343974
1568708343992
1568708344007
1568708344025
1568708344041
1568708344056
1568708344072
1568708344088
1568708344103
1568708344118
1568708344133
1568708344148
1568708344166
1568708344185
1568708344200
1568708344216
1568708344232
1568708344248
