1568708315421
1568708315438
1568708315457
1568708315473
1568708315489
1568708315504
1568708315519
1568708315535
1568708315550
1568708315565
1568708315580
1568708315595
1568708315611
1568708315627
1568708315644
1568708315660
1568708315675
1568708315691
1568708315706
1568708315722
1568708315738
1568708315754
1568708315769
1568708315784
1568708315799
1568708315817
1568708315832
1568708315850
1568708315864
1568708315879
1568708315896
1568708315912
1568708315927
1568708315942
1568708315958
1568708315973
1568708315989
1568708316009
1568708316025
1568708316042
1568708316057
1568708316074
1568708316091
1568708316106
1568708316121
1568708316137
1568708316154
1568708316173
1568708316192
1568708316213
1568708316232
1568708316251
1568708316272
1568708316292
1568708316311
1568708316331
1568708316351
1568708316371
1568708316391
1568708316410
1568708316428
1568708316447
1568708316465
1568708316483
1568708316501
1568708316518
1568708316535
1568708316553
1568708316570
1568708316587
1568708316603
1568708316621
1568708316639
1568708316658
1568708316677
1568708316694
1568708316712
1568708316730
1568708316747
1568708316765
1568708316782
1568708316798
1568708316815
1568708316833
1568708316851
1568708316870
1568708316889
1568708316907
1568708316924
1568708316942
1568708316959
1568708316977
1568708316994
1568708317012
1568708317028
1568708317047
1568708317065
1568708317084
1568708317101
1568708317120
1568708317138
1568708317157
1568708317174
1568708317192
1568708317209
1568708317226
1568708317244
1568708317261
1568708317279
1568708317297
1568708317316
1568708317332
1568708317349
1568708317365
1568708317382
1568708317398
1568708317414
1568708317430
1568708317446
1568708317461
1568708317477
1568708317495
1568708317511
1568708317529
1568708317547
1568708317563
1568708317581
1568708317597
1568708317614
1568708317633
1568708317648
1568708317666
1568708317682
1568708317701
1568708317719
1568708317737
1568708317753
1568708317771
1568708317787
1568708317805
1568708317821
1568708317838
1568708317855
1568708317871
1568708317889
1568708317905
1568708317923
1568708317938
1568708317956
1568708317971
