1568708326786
1568708326803
1568708326821
1568708326838
1568708326853
1568708326869
1568708326884
1568708326900
1568708326914
1568708326929
1568708326944
1568708326959
1568708326975
1568708326991
1568708327006
1568708327021
1568708327036
1568708327050
1568708327065
1568708327080
1568708327095
1568708327110
1568708327124
1568708327139
1568708327154
1568708327170
1568708327186
1568708327200
1568708327215
1568708327231
1568708327245
1568708327260
1568708327276
1568708327293
1568708327310
1568708327326
1568708327344
1568708327364
1568708327382
1568708327399
1568708327416
1568708327434
1568708327451
1568708327469
1568708327484
1568708327502
1568708327518
1568708327535
1568708327552
1568708327569
1568708327587
1568708327605
1568708327621
1568708327639
1568708327655
1568708327672
1568708327688
1568708327705
1568708327721
1568708327739
1568708327756
1568708327774
1568708327790
1568708327807
1568708327822
1568708327838
1568708327854
1568708327870
1568708327886
1568708327902
1568708327918
1568708327934
1568708327951
1568708327969
1568708327986
1568708328002
1568708328020
1568708328036
1568708328053
1568708328069
1568708328086
1568708328103
1568708328119
1568708328136
1568708328153
1568708328171
1568708328187
1568708328204
1568708328221
1568708328237
1568708328254
1568708328270
1568708328286
1568708328303
1568708328319
1568708328335
1568708328352
1568708328371
1568708328388
1568708328404
1568708328421
1568708328438
1568708328455
1568708328472
1568708328488
1568708328506
1568708328522
1568708328539
1568708328555
1568708328573
1568708328591
1568708328608
1568708328625
1568708328641
1568708328658
1568708328674
1568708328690
1568708328706
1568708328722
1568708328739
1568708328755
1568708328772
1568708328789
1568708328805
1568708328820
1568708328836
1568708328851
1568708328867
1568708328883
1568708328898
1568708328915
1568708328931
1568708328947
1568708328964
1568708328980
1568708328996
1568708329013
1568708329028
1568708329043
1568708329058
1568708329074
1568708329089
1568708329104
1568708329119
1568708329134
1568708329152
1568708329167
1568708329183
1568708329199
1568708329214
