1568708313681
1568708313698
1568708313717
1568708313732
1568708313747
1568708313763
1568708313778
1568708313793
1568708313808
1568708313823
1568708313838
1568708313853
1568708313868
1568708313884
1568708313900
1568708313915
1568708313930
1568708313945
1568708313960
1568708313976
1568708313991
1568708314006
1568708314021
1568708314036
1568708314052
1568708314068
1568708314083
1568708314099
1568708314113
1568708314131
1568708314146
1568708314164
1568708314179
1568708314195
1568708314210
1568708314227
1568708314243
1568708314261
1568708314277
1568708314295
1568708314312
1568708314328
1568708314345
1568708314360
1568708314376
1568708314397
1568708314416
1568708314435
1568708314454
1568708314473
1568708314491
1568708314510
1568708314529
1568708314550
1568708314569
1568708314589
1568708314608
1568708314627
1568708314645
1568708314662
1568708314679
1568708314701
1568708314719
1568708314736
1568708314753
1568708314770
1568708314786
1568708314804
1568708314819
1568708314837
1568708314853
1568708314869
1568708314888
1568708314906
1568708314923
1568708314941
1568708314958
1568708314975
1568708314992
1568708315009
1568708315026
1568708315043
1568708315060
1568708315077
1568708315095
1568708315113
1568708315131
1568708315148
1568708315165
1568708315183
1568708315200
1568708315218
1568708315235
1568708315251
1568708315268
1568708315285
1568708315303
1568708315321
1568708315337
1568708315355
1568708315372
1568708315389
1568708315406
1568708315422
1568708315438
1568708315454
1568708315469
1568708315485
1568708315501
1568708315517
1568708315533
1568708315548
1568708315563
1568708315578
1568708315592
1568708315607
1568708315622
1568708315638
1568708315653
1568708315668
1568708315684
1568708315701
1568708315717
1568708315733
1568708315749
1568708315764
1568708315779
1568708315794
1568708315810
1568708315825
1568708315840
1568708315857
1568708315873
1568708315891
1568708315906
1568708315922
1568708315937
1568708315952
1568708315968
1568708315983
1568708315998
1568708316017
1568708316034
1568708316049
1568708316066
1568708316083
1568708316100
1568708316116
1568708316132
1568708316147
