1568708317218
1568708317236
1568708317256
1568708317273
1568708317290
1568708317306
1568708317323
1568708317339
1568708317355
1568708317371
1568708317387
1568708317403
1568708317420
1568708317437
1568708317454
1568708317470
1568708317486
1568708317502
1568708317517
1568708317535
1568708317553
1568708317569
1568708317586
1568708317604
1568708317621
1568708317639
1568708317655
1568708317674
1568708317691
1568708317708
1568708317727
1568708317745
1568708317761
1568708317779
1568708317796
1568708317812
1568708317830
1568708317846
1568708317864
1568708317879
1568708317897
1568708317912
1568708317929
1568708317946
1568708317961
1568708317977
1568708317997
1568708318016
1568708318036
1568708318057
1568708318076
1568708318096
1568708318116
1568708318139
1568708318159
1568708318180
1568708318201
1568708318219
1568708318236
1568708318253
1568708318271
1568708318290
1568708318307
1568708318323
1568708318341
1568708318358
1568708318376
1568708318393
1568708318410
1568708318428
1568708318446
1568708318463
1568708318481
1568708318500
1568708318517
1568708318534
1568708318552
1568708318569
1568708318586
1568708318602
1568708318619
1568708318635
1568708318652
1568708318670
1568708318687
1568708318706
1568708318725
1568708318743
1568708318760
1568708318777
1568708318795
1568708318812
1568708318829
1568708318847
1568708318864
1568708318882
1568708318900
1568708318918
1568708318936
1568708318955
1568708318972
1568708318990
1568708319007
1568708319024
1568708319041
1568708319058
1568708319073
1568708319088
1568708319105
1568708319122
1568708319139
1568708319154
1568708319171
1568708319187
1568708319204
1568708319219
1568708319235
1568708319251
1568708319266
1568708319283
1568708319299
1568708319316
1568708319332
1568708319348
1568708319364
1568708319381
1568708319397
1568708319412
1568708319428
1568708319444
1568708319461
1568708319476
1568708319494
1568708319512
1568708319529
1568708319547
1568708319563
1568708319581
1568708319597
1568708319615
1568708319632
1568708319648
1568708319664
1568708319681
1568708319699
1568708319715
1568708319733
1568708319750
1568708319766
1568708319783
