1568708356315
1568708356331
1568708356348
1568708356363
1568708356377
1568708356392
1568708356406
1568708356422
1568708356437
1568708356452
1568708356469
1568708356484
1568708356499
1568708356515
1568708356530
1568708356545
1568708356560
1568708356574
1568708356589
1568708356604
1568708356619
1568708356634
1568708356648
1568708356662
1568708356677
1568708356692
1568708356706
1568708356722
1568708356736
1568708356750
1568708356765
1568708356780
1568708356797
1568708356812
1568708356827
1568708356843
1568708356858
1568708356874
1568708356889
1568708356904
1568708356921
1568708356936
1568708356950
1568708356966
1568708356983
1568708357000
1568708357017
1568708357034
1568708357053
1568708357070
1568708357088
1568708357106
1568708357123
1568708357140
1568708357159
1568708357176
1568708357193
1568708357211
1568708357228
1568708357245
1568708357263
1568708357282
1568708357298
1568708357315
1568708357331
1568708357348
1568708357364
1568708357382
1568708357397
1568708357412
1568708357428
1568708357443
1568708357459
1568708357475
1568708357492
1568708357508
1568708357524
1568708357540
1568708357557
1568708357572
1568708357589
1568708357605
1568708357621
1568708357638
1568708357655
1568708357673
1568708357690
1568708357706
1568708357722
1568708357738
1568708357754
1568708357770
1568708357787
1568708357804
1568708357821
1568708357837
1568708357853
1568708357870
1568708357886
1568708357902
1568708357918
1568708357934
1568708357951
1568708357970
1568708357987
1568708358003
1568708358019
1568708358035
1568708358052
1568708358068
1568708358085
1568708358101
1568708358117
1568708358133
1568708358148
1568708358163
1568708358178
1568708358192
1568708358206
1568708358220
1568708358235
1568708358252
1568708358269
1568708358285
1568708358300
1568708358315
1568708358330
1568708358345
1568708358359
1568708358375
1568708358389
1568708358404
1568708358422
1568708358437
1568708358452
1568708358469
1568708358483
1568708358498
1568708358514
1568708358529
1568708358544
1568708358559
1568708358575
1568708358590
1568708358605
1568708358623
1568708358638
1568708358652
1568708358670
1568708358686
