1568708339986
1568708340002
1568708340020
1568708340034
1568708340049
1568708340063
1568708340077
1568708340091
1568708340105
1568708340120
1568708340134
1568708340148
1568708340163
1568708340179
1568708340193
1568708340207
1568708340222
1568708340236
1568708340250
1568708340264
1568708340279
1568708340294
1568708340308
1568708340323
1568708340337
1568708340354
1568708340369
1568708340383
1568708340398
1568708340413
1568708340429
1568708340443
1568708340457
1568708340473
1568708340487
1568708340502
1568708340518
1568708340537
1568708340555
1568708340573
1568708340589
1568708340607
1568708340626
1568708340642
1568708340659
1568708340678
1568708340694
1568708340712
1568708340730
1568708340748
1568708340766
1568708340784
1568708340803
1568708340819
1568708340837
1568708340856
1568708340872
1568708340890
1568708340908
1568708340925
1568708340942
1568708340960
1568708340977
1568708340994
1568708341010
1568708341026
1568708341042
1568708341060
1568708341075
1568708341092
1568708341108
1568708341124
1568708341140
1568708341158
1568708341176
1568708341192
1568708341209
1568708341226
1568708341243
1568708341260
1568708341276
1568708341293
1568708341310
1568708341326
1568708341343
1568708341360
1568708341377
1568708341395
1568708341411
1568708341428
1568708341444
1568708341461
1568708341477
1568708341494
1568708341510
1568708341526
1568708341543
1568708341561
1568708341577
1568708341593
1568708341609
1568708341625
1568708341641
1568708341657
1568708341672
1568708341688
1568708341704
1568708341719
1568708341737
1568708341753
1568708341769
1568708341785
1568708341801
1568708341817
1568708341831
1568708341845
1568708341860
1568708341874
1568708341888
1568708341902
1568708341917
1568708341933
1568708341948
1568708341962
1568708341977
1568708341992
1568708342007
1568708342022
1568708342036
1568708342051
1568708342067
1568708342082
1568708342098
1568708342114
1568708342130
1568708342146
1568708342160
1568708342176
1568708342191
1568708342205
1568708342221
1568708342236
1568708342252
1568708342267
1568708342282
1568708342298
1568708342313
1568708342328
1568708342344
1568708342360
