1568996419426
1568996419441
1568996419458
1568996419471
1568996419484
1568996419496
1568996419509
1568996419522
1568996419535
1568996419550
1568996419564
1568996419577
1568996419590
1568996419603
1568996419615
1568996419629
1568996419642
1568996419656
1568996419669
1568996419682
1568996419694
1568996419707
1568996419718
1568996419732
1568996419748
1568996419763
1568996419776
1568996419791
1568996419807
1568996419821
1568996419835
1568996419848
1568996419861
1568996419874
1568996419887
1568996419903
1568996419918
1568996419933
1568996419945
1568996419958
1568996419971
1568996419986
1568996419999
1568996420012
1568996420024
1568996420036
1568996420049
1568996420061
1568996420073
1568996420085
1568996420099
1568996420115
1568996420128
1568996420141
1568996420152
1568996420169
1568996420183
1568996420196
1568996420209
1568996420221
1568996420233
1568996420246
1568996420258
1568996420269
1568996420281
1568996420295
1568996420308
1568996420320
1568996420334
1568996420348
1568996420360
1568996420373
1568996420387
1568996420403
1568996420415
1568996420427
1568996420440
1568996420453
1568996420466
1568996420482
1568996420497
1568996420512
1568996420524
1568996420537
1568996420550
1568996420564
1568996420578
1568996420591
1568996420604
1568996420619
1568996420633
1568996420646
1568996420659
1568996420671
1568996420683
1568996420695
1568996420710
1568996420727
1568996420743
1568996420759
1568996420774
1568996420791
1568996420807
1568996420824
1568996420838
1568996420852
1568996420864
1568996420879
1568996420894
1568996420909
1568996420921
1568996420934
1568996420946
1568996420959
1568996420974
1568996420989
1568996421004
1568996421017
1568996421030
1568996421044
1568996421058
1568996421074
1568996421087
1568996421099
1568996421111
1568996421123
1568996421201
1568996421244
1568996421277
1568996421298
1568996421315
1568996421330
1568996421345
1568996421360
1568996421372
1568996421384
1568996421397
1568996421409
1568996421421
1568996421434
1568996421447
1568996421462
1568996421476
1568996421489
1568996421503
1568996421517
1568996421529
1568996421541
1568996421554
1568996421565
