1568996433543
1568996433557
1568996433573
1568996433588
1568996433602
1568996433616
1568996433629
1568996433641
1568996433654
1568996433665
1568996433676
1568996433688
1568996433700
1568996433715
1568996433730
1568996433743
1568996433756
1568996433770
1568996433782
1568996433794
1568996433807
1568996433819
1568996433831
1568996433845
1568996433858
1568996433872
1568996433885
1568996433900
1568996433913
1568996433926
1568996433938
1568996433951
1568996433963
1568996433975
1568996433990
1568996434004
1568996434017
1568996434031
1568996434043
1568996434056
1568996434070
1568996434084
1568996434097
1568996434116
1568996434130
1568996434145
1568996434161
1568996434176
1568996434191
1568996434209
1568996434224
1568996434239
1568996434254
1568996434266
1568996434278
1568996434290
1568996434301
1568996434314
1568996434327
1568996434339
1568996434354
1568996434372
1568996434386
1568996434399
1568996434412
1568996434424
1568996434435
1568996434448
1568996434459
1568996434472
1568996434486
1568996434500
1568996434514
1568996434529
1568996434545
1568996434562
1568996434577
1568996434594
1568996434611
1568996434628
1568996434643
1568996434659
1568996434675
1568996434690
1568996434706
1568996434723
1568996434739
1568996434753
1568996434767
1568996434815
1568996434861
1568996434896
1568996434925
1568996434947
1568996434965
1568996434980
1568996434996
1568996435011
1568996435025
1568996435038
1568996435051
1568996435064
1568996435078
1568996435092
1568996435106
1568996435120
1568996435133
1568996435146
1568996435159
1568996435173
1568996435186
1568996435200
1568996435213
1568996435228
1568996435243
1568996435256
1568996435268
1568996435281
1568996435294
1568996435309
1568996435325
1568996435341
1568996435354
1568996435367
1568996435379
1568996435392
1568996435406
1568996435420
1568996435433
1568996435447
1568996435459
1568996435471
1568996435483
1568996435496
1568996435509
1568996435522
1568996435536
1568996435549
1568996435561
1568996435574
1568996435588
1568996435601
1568996435615
1568996435629
1568996435645
1568996435660
1568996435674
1568996435687
1568996435700
1568996435713
