1568996421146
1568996421211
1568996421255
1568996421283
1568996421304
1568996421319
1568996421334
1568996421347
1568996421360
1568996421371
1568996421383
1568996421395
1568996421407
1568996421419
1568996421431
1568996421444
1568996421458
1568996421472
1568996421484
1568996421496
1568996421508
1568996421521
1568996421533
1568996421545
1568996421557
1568996421571
1568996421587
1568996421603
1568996421619
1568996421633
1568996421647
1568996421661
1568996421675
1568996421689
1568996421703
1568996421718
1568996421732
1568996421748
1568996421762
1568996421776
1568996421789
1568996421802
1568996421815
1568996421827
1568996421840
1568996421853
1568996421866
1568996421880
1568996421894
1568996421909
1568996421924
1568996421936
1568996421948
1568996421961
1568996421973
1568996421985
1568996421999
1568996422014
1568996422029
1568996422043
1568996422056
1568996422069
1568996422082
1568996422093
1568996422105
1568996422118
1568996422130
1568996422143
1568996422155
1568996422168
1568996422182
1568996422195
1568996422208
1568996422225
1568996422241
1568996422255
1568996422268
1568996422282
1568996422294
1568996422307
1568996422320
1568996422333
1568996422346
1568996422362
1568996422376
1568996422390
1568996422406
1568996422420
1568996422434
1568996422448
1568996422460
1568996422473
1568996422485
1568996422498
1568996422512
1568996422528
1568996422543
1568996422559
1568996422574
1568996422590
1568996422604
1568996422617
1568996422630
1568996422643
1568996422657
1568996422673
1568996422686
1568996422699
1568996422712
1568996422727
1568996422741
1568996422756
1568996422770
1568996422785
1568996422799
1568996422813
1568996422826
1568996422839
1568996422851
1568996422864
1568996422878
1568996422895
1568996422909
1568996422924
1568996422938
1568996422951
1568996422965
1568996422978
1568996422990
1568996423001
1568996423012
1568996423024
1568996423035
1568996423048
1568996423061
1568996423072
1568996423086
1568996423100
1568996423115
1568996423129
1568996423142
1568996423156
1568996423170
1568996423184
1568996423200
1568996423214
1568996423228
1568996423243
1568996423258
1568996423272
