1568996428092
1568996428107
1568996428122
1568996428134
1568996428146
1568996428158
1568996428170
1568996428182
1568996428194
1568996428207
1568996428218
1568996428231
1568996428245
1568996428259
1568996428273
1568996428287
1568996428300
1568996428312
1568996428325
1568996428337
1568996428351
1568996428365
1568996428379
1568996428392
1568996428408
1568996428425
1568996428441
1568996428455
1568996428471
1568996428485
1568996428499
1568996428515
1568996428531
1568996428550
1568996428567
1568996428584
1568996428603
1568996428620
1568996428643
1568996428661
1568996428676
1568996428691
1568996428709
1568996428729
1568996428747
1568996428761
1568996428781
1568996428798
1568996428815
1568996428832
1568996428848
1568996428862
1568996428876
1568996428890
1568996428904
1568996428920
1568996428935
1568996428950
1568996428964
1568996428977
1568996428991
1568996429009
1568996429024
1568996429039
1568996429053
1568996429067
1568996429080
1568996429093
1568996429108
1568996429123
1568996429136
1568996429149
1568996429163
1568996429178
1568996429194
1568996429209
1568996429223
1568996429241
1568996429256
1568996429273
1568996429289
1568996429306
1568996429322
1568996429338
1568996429355
1568996429373
1568996429388
1568996429404
1568996429420
1568996429437
1568996429454
1568996429469
1568996429484
1568996429499
1568996429515
1568996429531
1568996429548
1568996429565
1568996429580
1568996429597
1568996429614
1568996429629
1568996429646
1568996429662
1568996429678
1568996429693
1568996429707
1568996429723
1568996429739
1568996429759
1568996429782
1568996429800
1568996429815
1568996429833
1568996429850
1568996429864
1568996429880
1568996429895
1568996429910
1568996429925
1568996429940
1568996429957
1568996429974
1568996429990
1568996430005
1568996430022
1568996430038
1568996430053
1568996430067
1568996430081
1568996430095
1568996430110
1568996430123
1568996430140
1568996430156
1568996430172
1568996430188
1568996430203
1568996430218
1568996430232
1568996430246
1568996430259
1568996430273
1568996430288
1568996430304
1568996430321
1568996430336
1568996430350
1568996430365
1568996430379
