1568996390765
1568996390776
1568996390788
1568996390799
1568996390809
1568996390821
1568996390833
1568996390845
1568996390856
1568996390867
1568996390878
1568996390890
1568996390902
1568996390915
1568996390926
1568996390938
1568996390950
1568996390965
1568996390977
1568996390990
1568996391001
1568996391013
1568996391025
1568996391037
1568996391050
1568996391063
1568996391076
1568996391089
1568996391102
1568996391115
1568996391127
1568996391139
1568996391151
1568996391165
1568996391177
1568996391190
1568996391202
1568996391215
1568996391228
1568996391240
1568996391251
1568996391263
1568996391275
1568996391287
1568996391300
1568996391312
1568996391323
1568996391336
1568996391349
1568996391363
1568996391375
1568996391389
1568996391401
1568996391414
1568996391426
1568996391439
1568996391452
1568996391464
1568996391476
1568996391487
1568996391500
1568996391515
1568996391527
1568996391539
1568996391552
1568996391565
1568996391578
1568996391591
1568996391605
1568996391618
1568996391631
1568996391644
1568996391657
1568996391670
1568996391683
1568996391696
1568996391709
1568996391722
1568996391735
1568996391749
1568996391762
1568996391774
1568996391787
1568996391799
1568996391812
1568996391826
1568996391839
1568996391851
1568996391863
1568996391875
1568996391887
1568996391900
1568996391912
1568996391925
1568996391938
1568996391950
1568996391963
1568996391976
1568996391988
1568996392000
1568996392012
1568996392025
1568996392037
1568996392050
1568996392063
1568996392077
1568996392090
1568996392103
1568996392117
1568996392130
1568996392146
1568996392159
1568996392173
1568996392185
1568996392198
1568996392211
1568996392223
1568996392236
1568996392248
1568996392261
1568996392275
1568996392288
1568996392301
1568996392314
1568996392327
1568996392341
1568996392353
1568996392366
1568996392378
1568996392391
1568996392404
1568996392417
1568996392428
1568996392441
1568996392452
1568996392464
1568996392476
1568996392488
1568996392499
1568996392511
1568996392523
1568996392535
1568996392547
1568996392560
1568996392573
1568996392586
1568996392598
1568996392610
1568996392622
1568996392633
