1568996407592
1568996407607
1568996407622
1568996407634
1568996407646
1568996407659
1568996407671
1568996407684
1568996407696
1568996407709
1568996407721
1568996407734
1568996407747
1568996407760
1568996407773
1568996407786
1568996407800
1568996407814
1568996407827
1568996407841
1568996407855
1568996407869
1568996407882
1568996407895
1568996407909
1568996407922
1568996407934
1568996407946
1568996407957
1568996407969
1568996407982
1568996407997
1568996408013
1568996408028
1568996408040
1568996408052
1568996408065
1568996408078
1568996408091
1568996408104
1568996408117
1568996408131
1568996408145
1568996408158
1568996408170
1568996408183
1568996408196
1568996408209
1568996408223
1568996408238
1568996408253
1568996408267
1568996408281
1568996408294
1568996408309
1568996408326
1568996408340
1568996408353
1568996408366
1568996408380
1568996408393
1568996408408
1568996408422
1568996408435
1568996408448
1568996408464
1568996408479
1568996408494
1568996408507
1568996408520
1568996408533
1568996408546
1568996408559
1568996408574
1568996408588
1568996408603
1568996408616
1568996408629
1568996408641
1568996408654
1568996408667
1568996408680
1568996408694
1568996408707
1568996408721
1568996408736
1568996408749
1568996408763
1568996408776
1568996408789
1568996408803
1568996408815
1568996408829
1568996408842
1568996408855
1568996408868
1568996408881
1568996408895
1568996408908
1568996408923
1568996408938
1568996408954
1568996408968
1568996408982
1568996408994
1568996409008
1568996409022
1568996409036
1568996409050
1568996409064
1568996409077
1568996409090
1568996409104
1568996409117
1568996409130
1568996409144
1568996409159
1568996409173
1568996409187
1568996409202
1568996409216
1568996409229
1568996409242
1568996409255
1568996409267
1568996409281
1568996409296
1568996409312
1568996409326
1568996409341
1568996409355
1568996409371
1568996409386
1568996409400
1568996409412
1568996409426
1568996409440
1568996409453
1568996409469
1568996409484
1568996409497
1568996409511
1568996409524
1568996409539
1568996409555
1568996409570
1568996409584
1568996409596
1568996409609
1568996409624
