1568996410880
1568996410894
1568996410911
1568996410923
1568996410935
1568996410947
1568996410960
1568996410973
1568996410986
1568996410999
1568996411013
1568996411026
1568996411039
1568996411055
1568996411069
1568996411083
1568996411097
1568996411110
1568996411122
1568996411136
1568996411150
1568996411164
1568996411177
1568996411189
1568996411202
1568996411216
1568996411229
1568996411242
1568996411253
1568996411266
1568996411281
1568996411295
1568996411308
1568996411320
1568996411333
1568996411346
1568996411360
1568996411375
1568996411387
1568996411399
1568996411411
1568996411421
1568996411434
1568996411446
1568996411457
1568996411469
1568996411482
1568996411496
1568996411510
1568996411523
1568996411534
1568996411545
1568996411559
1568996411572
1568996411585
1568996411597
1568996411609
1568996411622
1568996411632
1568996411645
1568996411659
1568996411673
1568996411685
1568996411697
1568996411710
1568996411722
1568996411733
1568996411778
1568996411837
1568996411875
1568996411903
1568996411922
1568996411939
1568996411955
1568996411970
1568996411983
1568996411996
1568996412009
1568996412021
1568996412033
1568996412045
1568996412061
1568996412075
1568996412089
1568996412102
1568996412116
1568996412129
1568996412141
1568996412154
1568996412167
1568996412179
1568996412191
1568996412204
1568996412218
1568996412233
1568996412246
1568996412259
1568996412276
1568996412290
1568996412305
1568996412320
1568996412334
1568996412348
1568996412360
1568996412373
1568996412386
1568996412399
1568996412412
1568996412425
1568996412438
1568996412451
1568996412464
1568996412478
1568996412493
1568996412507
1568996412522
1568996412536
1568996412550
1568996412562
1568996412575
1568996412589
1568996412602
1568996412615
1568996412628
1568996412641
1568996412654
1568996412667
1568996412680
1568996412694
1568996412708
1568996412721
1568996412734
1568996412746
1568996412760
1568996412774
1568996412788
1568996412802
1568996412816
1568996412830
1568996412842
1568996412854
1568996412866
1568996412879
1568996412892
1568996412907
1568996412922
1568996412937
1568996412953
1568996412968
1568996412982
