1568996508132
1568996508144
1568996508158
1568996508172
1568996508185
1568996508197
1568996508210
1568996508223
1568996508235
1568996508248
1568996508259
1568996508272
1568996508284
1568996508298
1568996508311
1568996508324
1568996508336
1568996508348
1568996508361
1568996508373
1568996508385
1568996508397
1568996508410
1568996508422
1568996508436
1568996508450
1568996508462
1568996508474
1568996508486
1568996508498
1568996508511
1568996508524
1568996508537
1568996508550
1568996508562
1568996508574
1568996508586
1568996508600
1568996508611
1568996508624
1568996508636
1568996508648
1568996508660
1568996508673
1568996508684
1568996508696
1568996508708
1568996508720
1568996508733
1568996508746
1568996508759
1568996508771
1568996508782
1568996508794
1568996508807
1568996508819
1568996508832
1568996508844
1568996508855
1568996508867
1568996508879
1568996508892
1568996508905
1568996508918
1568996508930
1568996508943
1568996508954
1568996508966
1568996508979
1568996508995
1568996509008
1568996509019
1568996509032
1568996509045
1568996509058
1568996509071
1568996509083
1568996509097
1568996509109
1568996509122
1568996509135
1568996509148
1568996509161
1568996509175
1568996509188
1568996509202
1568996509215
1568996509228
1568996509241
1568996509254
1568996509268
1568996509282
1568996509294
1568996509308
1568996509321
1568996509334
1568996509347
1568996509361
1568996509375
1568996509388
1568996509402
1568996509414
1568996509427
1568996509439
1568996509452
1568996509465
1568996509479
1568996509491
1568996509505
1568996509519
1568996509531
1568996509545
1568996509557
1568996509571
1568996509584
1568996509597
1568996509609
1568996509623
1568996509635
1568996509649
1568996509662
1568996509676
1568996509690
1568996509703
1568996509716
1568996509729
1568996509742
1568996509755
1568996509767
1568996509780
1568996509793
1568996509805
1568996509819
1568996509833
1568996509846
1568996509860
1568996509872
1568996509885
1568996509898
1568996509909
1568996509921
1568996509934
1568996509946
1568996509957
1568996509969
1568996509982
1568996509994
1568996510005
1568996510017
1568996510029
