1568996511384
1568996511397
1568996511410
1568996511422
1568996511435
1568996511447
1568996511459
1568996511470
1568996511482
1568996511495
1568996511507
1568996511518
1568996511530
1568996511543
1568996511555
1568996511568
1568996511581
1568996511594
1568996511606
1568996511618
1568996511630
1568996511642
1568996511655
1568996511670
1568996511683
1568996511697
1568996511708
1568996511721
1568996511735
1568996511748
1568996511760
1568996511773
1568996511786
1568996511800
1568996511813
1568996511825
1568996511838
1568996511851
1568996511864
1568996511877
1568996511890
1568996511903
1568996511915
1568996511926
1568996511939
1568996511953
1568996511965
1568996511978
1568996511991
1568996512004
1568996512017
1568996512030
1568996512042
1568996512056
1568996512068
1568996512081
1568996512094
1568996512107
1568996512119
1568996512130
1568996512144
1568996512157
1568996512170
1568996512183
1568996512195
1568996512208
1568996512221
1568996512234
1568996512246
1568996512259
1568996512271
1568996512285
1568996512298
1568996512311
1568996512324
1568996512337
1568996512351
1568996512364
1568996512376
1568996512390
1568996512402
1568996512415
1568996512428
1568996512441
1568996512454
1568996512468
1568996512481
1568996512495
1568996512508
1568996512521
1568996512534
1568996512547
1568996512560
1568996512574
1568996512588
1568996512601
1568996512615
1568996512629
1568996512643
1568996512656
1568996512669
1568996512682
1568996512695
1568996512709
1568996512721
1568996512734
1568996512747
1568996512761
1568996512774
1568996512789
1568996512803
1568996512815
1568996512829
1568996512842
1568996512854
1568996512867
1568996512879
1568996512893
1568996512906
1568996512919
1568996512932
1568996512946
1568996512960
1568996512973
1568996512987
1568996513000
1568996513012
1568996513025
1568996513037
1568996513050
1568996513062
1568996513076
1568996513089
1568996513103
1568996513115
1568996513127
1568996513140
1568996513154
1568996513167
1568996513180
1568996513193
1568996513205
1568996513218
1568996513231
1568996513242
1568996513256
1568996513268
1568996513281
1568996513294
1568996513306
