1568996530634
1568996530649
1568996530665
1568996530678
1568996530691
1568996530704
1568996530717
1568996530731
1568996530744
1568996530757
1568996530771
1568996530784
1568996530798
1568996530812
1568996530825
1568996530839
1568996530854
1568996530869
1568996530884
1568996530898
1568996530912
1568996530925
1568996530938
1568996530952
1568996530965
1568996530980
1568996530994
1568996531008
1568996531022
1568996531036
1568996531049
1568996531061
1568996531074
1568996531087
1568996531099
1568996531110
1568996531124
1568996531137
1568996531149
1568996531162
1568996531175
1568996531187
1568996531200
1568996531212
1568996531225
1568996531236
1568996531248
1568996531262
1568996531275
1568996531288
1568996531301
1568996531314
1568996531327
1568996531340
1568996531352
1568996531365
1568996531377
1568996531391
1568996531403
1568996531416
1568996531429
1568996531443
1568996531456
1568996531469
1568996531482
1568996531496
1568996531509
1568996531523
1568996531536
1568996531549
1568996531562
1568996531575
1568996531588
1568996531603
1568996531617
1568996531630
1568996531643
1568996531656
1568996531670
1568996531683
1568996531696
1568996531709
1568996531722
1568996531735
1568996531748
1568996531762
1568996531776
1568996531789
1568996531801
1568996531814
1568996531828
1568996531843
1568996531857
1568996531871
1568996531884
1568996531899
1568996531913
1568996531926
1568996531942
1568996531956
1568996531970
1568996531984
1568996531997
1568996532011
1568996532024
1568996532037
1568996532050
1568996532063
1568996532076
1568996532091
1568996532104
1568996532119
1568996532133
1568996532147
1568996532159
1568996532172
1568996532186
1568996532199
1568996532212
1568996532225
1568996532237
1568996532250
1568996532263
1568996532276
1568996532289
1568996532302
1568996532314
1568996532329
1568996532340
1568996532353
1568996532364
1568996532376
1568996532388
1568996532400
1568996532412
1568996532426
1568996532438
1568996532451
1568996532464
1568996532477
1568996532489
1568996532502
1568996532514
1568996532527
1568996532541
1568996532555
1568996532568
1568996532582
1568996532596
1568996532610
