1568996501689
1568996501701
1568996501714
1568996501727
1568996501740
1568996501753
1568996501764
1568996501777
1568996501789
1568996501803
1568996501816
1568996501829
1568996501842
1568996501856
1568996501869
1568996501883
1568996501896
1568996501908
1568996501920
1568996501932
1568996501945
1568996501957
1568996501969
1568996501982
1568996501994
1568996502010
1568996502024
1568996502037
1568996502049
1568996502062
1568996502075
1568996502087
1568996502099
1568996502111
1568996502123
1568996502136
1568996502148
1568996502162
1568996502174
1568996502187
1568996502199
1568996502212
1568996502225
1568996502237
1568996502249
1568996502262
1568996502274
1568996502286
1568996502299
1568996502312
1568996502326
1568996502339
1568996502352
1568996502364
1568996502377
1568996502391
1568996502405
1568996502417
1568996502430
1568996502443
1568996502456
1568996502469
1568996502482
1568996502495
1568996502506
1568996502518
1568996502531
1568996502543
1568996502555
1568996502568
1568996502581
1568996502593
1568996502604
1568996502617
1568996502629
1568996502641
1568996502654
1568996502667
1568996502680
1568996502693
1568996502706
1568996502720
1568996502732
1568996502746
1568996502759
1568996502773
1568996502786
1568996502799
1568996502811
1568996502825
1568996502838
1568996502852
1568996502865
1568996502879
1568996502893
1568996502907
1568996502920
1568996502933
1568996502946
1568996502959
1568996502972
1568996502986
1568996502998
1568996503012
1568996503025
1568996503038
1568996503051
1568996503064
1568996503077
1568996503091
1568996503105
1568996503118
1568996503130
1568996503143
1568996503156
1568996503170
1568996503182
1568996503195
1568996503209
1568996503222
1568996503235
1568996503249
1568996503262
1568996503274
1568996503288
1568996503313
1568996503329
1568996503347
1568996503368
1568996503387
1568996503405
1568996503422
1568996503448
1568996503461
1568996503474
1568996503486
1568996503498
1568996503510
1568996503522
1568996503534
1568996503547
1568996503560
1568996503572
1568996503584
1568996503596
1568996503609
1568996503621
1568996503634
1568996503646
1568996503659
