1568996519491
1568996519504
1568996519520
1568996519533
1568996519545
1568996519558
1568996519570
1568996519583
1568996519595
1568996519607
1568996519620
1568996519633
1568996519646
1568996519659
1568996519672
1568996519686
1568996519699
1568996519712
1568996519724
1568996519738
1568996519751
1568996519763
1568996519775
1568996519790
1568996519805
1568996519819
1568996519833
1568996519847
1568996519861
1568996519876
1568996519888
1568996519900
1568996519912
1568996519925
1568996519938
1568996519950
1568996519963
1568996519976
1568996519989
1568996520003
1568996520018
1568996520032
1568996520044
1568996520057
1568996520069
1568996520081
1568996520094
1568996520107
1568996520119
1568996520132
1568996520144
1568996520156
1568996520169
1568996520181
1568996520194
1568996520207
1568996520219
1568996520232
1568996520244
1568996520256
1568996520268
1568996520282
1568996520294
1568996520308
1568996520320
1568996520333
1568996520345
1568996520358
1568996520371
1568996520385
1568996520398
1568996520410
1568996520422
1568996520434
1568996520446
1568996520461
1568996520474
1568996520488
1568996520501
1568996520515
1568996520528
1568996520541
1568996520554
1568996520567
1568996520581
1568996520595
1568996520608
1568996520622
1568996520634
1568996520648
1568996520662
1568996520677
1568996520691
1568996520704
1568996520716
1568996520728
1568996520742
1568996520756
1568996520770
1568996520783
1568996520797
1568996520811
1568996520825
1568996520839
1568996520852
1568996520867
1568996520881
1568996520895
1568996520909
1568996520923
1568996520936
1568996520950
1568996520963
1568996520977
1568996520991
1568996521005
1568996521018
1568996521031
1568996521045
1568996521059
1568996521074
1568996521089
1568996521103
1568996521116
1568996521129
1568996521142
1568996521156
1568996521170
1568996521184
1568996521196
1568996521208
1568996521222
1568996521237
1568996521251
1568996521263
1568996521277
1568996521292
1568996521306
1568996521319
1568996521332
1568996521345
1568996521358
1568996521373
1568996521387
1568996521402
1568996521414
1568996521428
1568996521443
1568996521457
1568996521470
