1568996521112
1568996521124
1568996521139
1568996521153
1568996521166
1568996521179
1568996521191
1568996521203
1568996521214
1568996521228
1568996521240
1568996521253
1568996521265
1568996521279
1568996521293
1568996521306
1568996521319
1568996521332
1568996521344
1568996521357
1568996521372
1568996521386
1568996521399
1568996521411
1568996521423
1568996521438
1568996521453
1568996521466
1568996521479
1568996521493
1568996521505
1568996521518
1568996521531
1568996521544
1568996521557
1568996521569
1568996521581
1568996521595
1568996521608
1568996521622
1568996521634
1568996521647
1568996521660
1568996521673
1568996521686
1568996521699
1568996521709
1568996521722
1568996521735
1568996521750
1568996521765
1568996521778
1568996521791
1568996521804
1568996521814
1568996521827
1568996521839
1568996521852
1568996521865
1568996521877
1568996521890
1568996521903
1568996521916
1568996521929
1568996521942
1568996521954
1568996521965
1568996521978
1568996521990
1568996522003
1568996522015
1568996522028
1568996522042
1568996522055
1568996522069
1568996522082
1568996522095
1568996522109
1568996522121
1568996522134
1568996522147
1568996522160
1568996522173
1568996522186
1568996522199
1568996522212
1568996522225
1568996522238
1568996522252
1568996522266
1568996522278
1568996522291
1568996522304
1568996522317
1568996522330
1568996522343
1568996522356
1568996522369
1568996522381
1568996522395
1568996522408
1568996522422
1568996522435
1568996522448
1568996522461
1568996522473
1568996522487
1568996522500
1568996522513
1568996522527
1568996522540
1568996522554
1568996522567
1568996522580
1568996522593
1568996522607
1568996522620
1568996522633
1568996522647
1568996522660
1568996522673
1568996522687
1568996522700
1568996522713
1568996522726
1568996522740
1568996522753
1568996522766
1568996522778
1568996522791
1568996522804
1568996522817
1568996522830
1568996522844
1568996522856
1568996522868
1568996522879
1568996522891
1568996522903
1568996522917
1568996522930
1568996522943
1568996522955
1568996522967
1568996522978
1568996522991
1568996523005
1568996523018
1568996523031
1568996523046
