1568996504945
1568996504957
1568996504970
1568996504983
1568996504994
1568996505007
1568996505020
1568996505031
1568996505043
1568996505056
1568996505068
1568996505080
1568996505092
1568996505105
1568996505117
1568996505129
1568996505141
1568996505153
1568996505164
1568996505176
1568996505189
1568996505202
1568996505214
1568996505226
1568996505239
1568996505251
1568996505265
1568996505276
1568996505287
1568996505299
1568996505311
1568996505323
1568996505334
1568996505347
1568996505360
1568996505373
1568996505385
1568996505398
1568996505411
1568996505424
1568996505437
1568996505450
1568996505463
1568996505475
1568996505486
1568996505498
1568996505510
1568996505523
1568996505536
1568996505549
1568996505562
1568996505575
1568996505587
1568996505599
1568996505611
1568996505623
1568996505636
1568996505648
1568996505660
1568996505672
1568996505683
1568996505696
1568996505708
1568996505721
1568996505733
1568996505746
1568996505758
1568996505771
1568996505782
1568996505794
1568996505807
1568996505820
1568996505832
1568996505845
1568996505858
1568996505871
1568996505884
1568996505896
1568996505909
1568996505924
1568996505937
1568996505950
1568996505963
1568996505977
1568996505990
1568996506004
1568996506017
1568996506030
1568996506043
1568996506056
1568996506070
1568996506083
1568996506096
1568996506110
1568996506123
1568996506136
1568996506150
1568996506163
1568996506176
1568996506189
1568996506202
1568996506215
1568996506228
1568996506242
1568996506254
1568996506268
1568996506281
1568996506294
1568996506307
1568996506321
1568996506334
1568996506347
1568996506361
1568996506374
1568996506387
1568996506400
1568996506412
1568996506425
1568996506438
1568996506451
1568996506464
1568996506478
1568996506491
1568996506505
1568996506517
1568996506530
1568996506542
1568996506555
1568996506567
1568996506579
1568996506591
1568996506603
1568996506617
1568996506630
1568996506643
1568996506657
1568996506669
1568996506682
1568996506694
1568996506707
1568996506720
1568996506733
1568996506745
1568996506757
1568996506770
1568996506782
1568996506795
1568996506808
1568996506821
1568996506834
