1568909553227
1568909553247
1568909553268
1568909553285
1568909553300
1568909553315
1568909553330
1568909553344
1568909553358
1568909553372
1568909553387
1568909553402
1568909553417
1568909553435
1568909553451
1568909553466
1568909553479
1568909553493
1568909553507
1568909553520
1568909553533
1568909553546
1568909553562
1568909553582
1568909553596
1568909553611
1568909553625
1568909553641
1568909553657
1568909553673
1568909553688
1568909553703
1568909553717
1568909553730
1568909553743
1568909553756
1568909553782
1568909553855
1568909553894
1568909553923
1568909553943
1568909553961
1568909553976
1568909553990
1568909554003
1568909554015
1568909554028
1568909554042
1568909554060
1568909554077
1568909554092
1568909554106
1568909554119
1568909554133
1568909554148
1568909554163
1568909554176
1568909554188
1568909554200
1568909554213
1568909554227
1568909554242
1568909554257
1568909554271
1568909554286
1568909554302
1568909554317
1568909554331
1568909554344
1568909554359
1568909554373
1568909554388
1568909554402
1568909554416
1568909554431
1568909554447
1568909554462
1568909554477
1568909554492
1568909554507
1568909554522
1568909554538
1568909554552
1568909554567
1568909554585
1568909554602
1568909554619
1568909554635
1568909554649
1568909554662
1568909554676
1568909554693
1568909554708
1568909554724
1568909554740
1568909554756
1568909554771
1568909554788
1568909554802
1568909554816
1568909554831
1568909554847
1568909554862
1568909554877
1568909554893
1568909554909
1568909554923
1568909554938
1568909554951
1568909554967
1568909554983
1568909554997
1568909555012
1568909555025
1568909555039
1568909555054
1568909555069
1568909555084
1568909555099
1568909555113
1568909555127
1568909555141
1568909555153
1568909555165
1568909555181
1568909555197
1568909555211
1568909555227
1568909555243
1568909555258
1568909555272
1568909555286
1568909555302
1568909555318
1568909555333
1568909555349
1568909555364
1568909555379
1568909555395
1568909555410
1568909555425
1568909555439
1568909555454
1568909555470
1568909555486
1568909555501
1568909555516
1568909555533
1568909555548
1568909555562
