1568909562289
1568909562308
1568909562324
1568909562341
1568909562358
1568909562374
1568909562389
1568909562404
1568909562422
1568909562436
1568909562450
1568909562465
1568909562479
1568909562493
1568909562508
1568909562523
1568909562538
1568909562552
1568909562565
1568909562579
1568909562594
1568909562608
1568909562622
1568909562636
1568909562650
1568909562663
1568909562675
1568909562689
1568909562703
1568909562717
1568909562732
1568909562745
1568909562758
1568909562772
1568909562786
1568909562803
1568909562817
1568909562834
1568909562848
1568909562864
1568909562880
1568909562894
1568909562908
1568909562922
1568909562936
1568909562953
1568909562968
1568909562983
1568909562996
1568909563011
1568909563027
1568909563040
1568909563054
1568909563066
1568909563080
1568909563095
1568909563111
1568909563124
1568909563136
1568909563148
1568909563160
1568909563174
1568909563187
1568909563204
1568909563219
1568909563233
1568909563246
1568909563258
1568909563272
1568909563285
1568909563299
1568909563313
1568909563326
1568909563342
1568909563357
1568909563372
1568909563386
1568909563400
1568909563413
1568909563427
1568909563443
1568909563459
1568909563472
1568909563487
1568909563504
1568909563520
1568909563537
1568909563554
1568909563570
1568909563586
1568909563600
1568909563615
1568909563630
1568909563646
1568909563663
1568909563678
1568909563693
1568909563709
1568909563724
1568909563740
1568909563754
1568909563769
1568909563784
1568909563799
1568909563813
1568909563827
1568909563843
1568909563858
1568909563874
1568909563890
1568909563905
1568909563920
1568909563935
1568909563953
1568909563969
1568909563985
1568909563999
1568909564016
1568909564032
1568909564048
1568909564064
1568909564079
1568909564093
1568909564107
1568909564121
1568909564135
1568909564150
1568909564166
1568909564181
1568909564197
1568909564211
1568909564225
1568909564239
1568909564253
1568909564270
1568909564285
1568909564299
1568909564313
1568909564329
1568909564347
1568909564361
1568909564376
1568909564389
1568909564404
1568909564420
1568909564436
1568909564451
1568909564467
1568909564482
1568909564496
