1568909542459
1568909542476
1568909542496
1568909542512
1568909542528
1568909542543
1568909542559
1568909542574
1568909542588
1568909542602
1568909542616
1568909542630
1568909542643
1568909542658
1568909542672
1568909542687
1568909542700
1568909542716
1568909542730
1568909542744
1568909542758
1568909542775
1568909542790
1568909542805
1568909542819
1568909542833
1568909542848
1568909542864
1568909542877
1568909542892
1568909542905
1568909542918
1568909542932
1568909542944
1568909542956
1568909542969
1568909542984
1568909542999
1568909543011
1568909543023
1568909543036
1568909543049
1568909543062
1568909543076
1568909543093
1568909543107
1568909543121
1568909543134
1568909543148
1568909543165
1568909543180
1568909543194
1568909543208
1568909543222
1568909543238
1568909543255
1568909543270
1568909543284
1568909543298
1568909543312
1568909543329
1568909543345
1568909543361
1568909543376
1568909543389
1568909543402
1568909543416
1568909543430
1568909543444
1568909543458
1568909543473
1568909543489
1568909543503
1568909543517
1568909543529
1568909543543
1568909543557
1568909543571
1568909543586
1568909543600
1568909543615
1568909543631
1568909543646
1568909543663
1568909543678
1568909543693
1568909543707
1568909543722
1568909543736
1568909543753
1568909543769
1568909543785
1568909543799
1568909543815
1568909543830
1568909543845
1568909543860
1568909543875
1568909543890
1568909543906
1568909543922
1568909543937
1568909543952
1568909543967
1568909543983
1568909543999
1568909544013
1568909544027
1568909544042
1568909544058
1568909544075
1568909544091
1568909544106
1568909544120
1568909544133
1568909544146
1568909544159
1568909544174
1568909544190
1568909544205
1568909544221
1568909544240
1568909544256
1568909544271
1568909544287
1568909544304
1568909544318
1568909544333
1568909544347
1568909544361
1568909544378
1568909544393
1568909544408
1568909544423
1568909544440
1568909544455
1568909544470
1568909544485
1568909544499
1568909544516
1568909544532
1568909544548
1568909544564
1568909544580
1568909544596
1568909544613
1568909544628
1568909544641
1568909544654
1568909544666
