1568909518419
1568909518434
1568909518450
1568909518465
1568909518479
1568909518493
1568909518509
1568909518524
1568909518538
1568909518552
1568909518566
1568909518580
1568909518593
1568909518608
1568909518622
1568909518636
1568909518650
1568909518665
1568909518678
1568909518691
1568909518703
1568909518716
1568909518727
1568909518740
1568909518752
1568909518765
1568909518777
1568909518790
1568909518803
1568909518816
1568909518828
1568909518842
1568909518857
1568909518871
1568909518886
1568909518901
1568909518916
1568909518930
1568909518944
1568909518958
1568909518971
1568909518985
1568909519000
1568909519014
1568909519028
1568909519041
1568909519055
1568909519069
1568909519082
1568909519096
1568909519109
1568909519122
1568909519135
1568909519150
1568909519164
1568909519177
1568909519189
1568909519202
1568909519215
1568909519228
1568909519240
1568909519254
1568909519267
1568909519281
1568909519296
1568909519310
1568909519324
1568909519337
1568909519350
1568909519364
1568909519377
1568909519392
1568909519405
1568909519420
1568909519434
1568909519449
1568909519463
1568909519477
1568909519491
1568909519505
1568909519520
1568909519535
1568909519550
1568909519563
1568909519576
1568909519592
1568909519607
1568909519622
1568909519636
1568909519650
1568909519663
1568909519678
1568909519692
1568909519706
1568909519721
1568909519734
1568909519747
1568909519762
1568909519775
1568909519790
1568909519804
1568909519819
1568909519832
1568909519846
1568909519860
1568909519875
1568909519890
1568909519904
1568909519920
1568909519936
1568909519950
1568909519964
1568909519977
1568909519993
1568909520007
1568909520021
1568909520035
1568909520048
1568909520062
1568909520078
1568909520093
1568909520111
1568909520126
1568909520141
1568909520154
1568909520170
1568909520183
1568909520197
1568909520210
1568909520226
1568909520240
1568909520254
1568909520267
1568909520281
1568909520295
1568909520308
1568909520322
1568909520339
1568909520354
1568909520368
1568909520381
1568909520396
1568909520410
1568909520424
1568909520437
1568909520451
1568909520464
1568909520477
1568909520490
1568909520505
