1568909532141
1568909532156
1568909532172
1568909532188
1568909532203
1568909532218
1568909532233
1568909532247
1568909532261
1568909532279
1568909532294
1568909532309
1568909532323
1568909532338
1568909532351
1568909532365
1568909532377
1568909532393
1568909532409
1568909532424
1568909532441
1568909532457
1568909532472
1568909532487
1568909532501
1568909532516
1568909532530
1568909532545
1568909532561
1568909532576
1568909532591
1568909532605
1568909532621
1568909532635
1568909532649
1568909532663
1568909532681
1568909532698
1568909532713
1568909532727
1568909532746
1568909532765
1568909532780
1568909532797
1568909532811
1568909532827
1568909532843
1568909532858
1568909532876
1568909532892
1568909532908
1568909532922
1568909532936
1568909532951
1568909532964
1568909532978
1568909532993
1568909533007
1568909533024
1568909533041
1568909533056
1568909533074
1568909533092
1568909533107
1568909533124
1568909533140
1568909533154
1568909533168
1568909533184
1568909533200
1568909533216
1568909533230
1568909533245
1568909533261
1568909533278
1568909533295
1568909533311
1568909533327
1568909533342
1568909533358
1568909533373
1568909533388
1568909533403
1568909533418
1568909533432
1568909533449
1568909533466
1568909533480
1568909533497
1568909533515
1568909533532
1568909533548
1568909533563
1568909533579
1568909533597
1568909533612
1568909533628
1568909533644
1568909533661
1568909533677
1568909533692
1568909533707
1568909533725
1568909533742
1568909533758
1568909533772
1568909533787
1568909533803
1568909533818
1568909533835
1568909533851
1568909533866
1568909533880
1568909533894
1568909533909
1568909533924
1568909533940
1568909533956
1568909533972
1568909533986
1568909534000
1568909534014
1568909534027
1568909534042
1568909534058
1568909534074
1568909534088
1568909534104
1568909534120
1568909534134
1568909534149
1568909534165
1568909534181
1568909534198
1568909534213
1568909534226
1568909534240
1568909534252
1568909534266
1568909534282
1568909534298
1568909534312
1568909534326
1568909534340
1568909534356
1568909534372
1568909534387
1568909534403
1568909534417
1568909534430
