1568909545890
1568909545909
1568909545927
1568909545942
1568909545956
1568909545972
1568909545987
1568909546002
1568909546017
1568909546031
1568909546044
1568909546056
1568909546069
1568909546085
1568909546100
1568909546114
1568909546128
1568909546141
1568909546156
1568909546171
1568909546186
1568909546200
1568909546215
1568909546230
1568909546245
1568909546261
1568909546277
1568909546291
1568909546305
1568909546321
1568909546335
1568909546348
1568909546362
1568909546378
1568909546393
1568909546412
1568909546428
1568909546443
1568909546457
1568909546470
1568909546484
1568909546500
1568909546514
1568909546528
1568909546541
1568909546554
1568909546567
1568909546580
1568909546596
1568909546616
1568909546633
1568909546648
1568909546665
1568909546682
1568909546698
1568909546712
1568909546727
1568909546744
1568909546758
1568909546776
1568909546792
1568909546807
1568909546851
1568909546918
1568909546952
1568909546978
1568909547000
1568909547018
1568909547034
1568909547049
1568909547063
1568909547076
1568909547089
1568909547104
1568909547117
1568909547132
1568909547147
1568909547161
1568909547176
1568909547190
1568909547206
1568909547223
1568909547237
1568909547252
1568909547266
1568909547282
1568909547298
1568909547315
1568909547331
1568909547348
1568909547363
1568909547377
1568909547391
1568909547405
1568909547421
1568909547438
1568909547454
1568909547470
1568909547486
1568909547502
1568909547517
1568909547531
1568909547545
1568909547560
1568909547577
1568909547592
1568909547607
1568909547622
1568909547636
1568909547651
1568909547664
1568909547681
1568909547697
1568909547714
1568909547729
1568909547746
1568909547764
1568909547782
1568909547798
1568909547817
1568909547833
1568909547849
1568909547864
1568909547881
1568909547896
1568909547910
1568909547923
1568909547936
1568909547948
1568909547963
1568909547977
1568909547993
1568909548007
1568909548022
1568909548037
1568909548052
1568909548065
1568909548080
1568909548095
1568909548110
1568909548124
1568909548140
1568909548154
1568909548169
1568909548184
1568909548198
1568909548211
1568909548223
1568909548236
1568909548248
