1568909526743
1568909526757
1568909526772
1568909526785
1568909526799
1568909526813
1568909526827
1568909526841
1568909526854
1568909526868
1568909526883
1568909526898
1568909526913
1568909526927
1568909526941
1568909526956
1568909526971
1568909526985
1568909526999
1568909527015
1568909527030
1568909527045
1568909527059
1568909527075
1568909527089
1568909527103
1568909527116
1568909527129
1568909527143
1568909527158
1568909527172
1568909527186
1568909527201
1568909527215
1568909527229
1568909527245
1568909527262
1568909527278
1568909527294
1568909527310
1568909527325
1568909527340
1568909527353
1568909527365
1568909527436
1568909527483
1568909527518
1568909527542
1568909527562
1568909527581
1568909527598
1568909527613
1568909527628
1568909527641
1568909527655
1568909527669
1568909527682
1568909527715
1568909527788
1568909527826
1568909527852
1568909527874
1568909527892
1568909527909
1568909527924
1568909527939
1568909527953
1568909527967
1568909527981
1568909527995
1568909528009
1568909528023
1568909528038
1568909528053
1568909528068
1568909528082
1568909528097
1568909528112
1568909528128
1568909528145
1568909528160
1568909528176
1568909528191
1568909528206
1568909528220
1568909528234
1568909528248
1568909528261
1568909528274
1568909528288
1568909528302
1568909528317
1568909528333
1568909528349
1568909528364
1568909528379
1568909528393
1568909528408
1568909528423
1568909528438
1568909528451
1568909528465
1568909528480
1568909528497
1568909528514
1568909528529
1568909528544
1568909528559
1568909528574
1568909528589
1568909528606
1568909528621
1568909528635
1568909528649
1568909528662
1568909528675
1568909528690
1568909528705
1568909528719
1568909528734
1568909528749
1568909528764
1568909528779
1568909528795
1568909528811
1568909528826
1568909528841
1568909528856
1568909528870
1568909528884
1568909528898
1568909528913
1568909528928
1568909528944
1568909528958
1568909528973
1568909528986
1568909529001
1568909529017
1568909529032
1568909529047
1568909529061
1568909529075
1568909529090
1568909529106
1568909529122
1568909529135
1568909529150
1568909529165
1568909529180
