1568909506999
1568909507014
1568909507028
1568909507041
1568909507053
1568909507066
1568909507079
1568909507092
1568909507104
1568909507118
1568909507131
1568909507144
1568909507157
1568909507171
1568909507184
1568909507197
1568909507210
1568909507223
1568909507236
1568909507249
1568909507262
1568909507275
1568909507289
1568909507302
1568909507315
1568909507328
1568909507342
1568909507355
1568909507368
1568909507381
1568909507394
1568909507407
1568909507419
1568909507432
1568909507444
1568909507457
1568909507470
1568909507483
1568909507497
1568909507514
1568909507527
1568909507541
1568909507554
1568909507567
1568909507581
1568909507594
1568909507607
1568909507620
1568909507634
1568909507648
1568909507661
1568909507674
1568909507687
1568909507701
1568909507714
1568909507727
1568909507740
1568909507753
1568909507766
1568909507779
1568909507792
1568909507806
1568909507819
1568909507832
1568909507845
1568909507859
1568909507871
1568909507885
1568909507898
1568909507911
1568909507925
1568909507938
1568909507951
1568909507965
1568909507979
1568909507993
1568909508007
1568909508021
1568909508034
1568909508047
1568909508061
1568909508074
1568909508088
1568909508101
1568909508115
1568909508129
1568909508142
1568909508156
1568909508169
1568909508183
1568909508196
1568909508209
1568909508223
1568909508237
1568909508251
1568909508266
1568909508279
1568909508294
1568909508307
1568909508321
1568909508334
1568909508348
1568909508362
1568909508376
1568909508390
1568909508404
1568909508418
1568909508432
1568909508445
1568909508460
1568909508475
1568909508489
1568909508503
1568909508517
1568909508531
1568909508545
1568909508558
1568909508572
1568909508586
1568909508600
1568909508614
1568909508628
1568909508643
1568909508657
1568909508670
1568909508685
1568909508698
1568909508712
1568909508725
1568909508738
1568909508751
1568909508764
1568909508778
1568909508791
1568909508805
1568909508819
1568909508832
1568909508845
1568909508858
1568909508871
1568909508884
1568909508897
1568909508909
1568909508923
1568909508936
1568909508949
1568909508962
1568909508975
1568909508989
1568909509001
