1568909515166
1568909515180
1568909515196
1568909515210
1568909515224
1568909515239
1568909515253
1568909515267
1568909515280
1568909515293
1568909515305
1568909515318
1568909515332
1568909515346
1568909515361
1568909515375
1568909515387
1568909515400
1568909515414
1568909515427
1568909515441
1568909515455
1568909515469
1568909515482
1568909515496
1568909515513
1568909515526
1568909515540
1568909515553
1568909515566
1568909515579
1568909515593
1568909515607
1568909515624
1568909515638
1568909515652
1568909515667
1568909515685
1568909515699
1568909515714
1568909515730
1568909515745
1568909515758
1568909515773
1568909515787
1568909515803
1568909515816
1568909515830
1568909515844
1568909515860
1568909515873
1568909515887
1568909515902
1568909515916
1568909515931
1568909515946
1568909515962
1568909515976
1568909515990
1568909516005
1568909516018
1568909516033
1568909516047
1568909516062
1568909516076
1568909516093
1568909516108
1568909516125
1568909516139
1568909516153
1568909516167
1568909516183
1568909516197
1568909516212
1568909516226
1568909516240
1568909516254
1568909516268
1568909516281
1568909516295
1568909516309
1568909516324
1568909516338
1568909516352
1568909516366
1568909516380
1568909516394
1568909516409
1568909516423
1568909516438
1568909516452
1568909516465
1568909516479
1568909516494
1568909516509
1568909516523
1568909516536
1568909516552
1568909516565
1568909516581
1568909516597
1568909516611
1568909516625
1568909516640
1568909516654
1568909516669
1568909516682
1568909516697
1568909516712
1568909516727
1568909516742
1568909516756
1568909516771
1568909516786
1568909516799
1568909516812
1568909516827
1568909516842
1568909516856
1568909516870
1568909516883
1568909516897
1568909516912
1568909516927
1568909516940
1568909516954
1568909516966
1568909516980
1568909516992
1568909517006
1568909517020
1568909517035
1568909517050
1568909517067
1568909517081
1568909517094
1568909517109
1568909517122
1568909517137
1568909517151
1568909517166
1568909517180
1568909517196
1568909517211
1568909517225
1568909517239
1568909517253
1568909517267
1568909517282
1568909517296
