1568909523330
1568909523344
1568909523359
1568909523374
1568909523390
1568909523405
1568909523418
1568909523432
1568909523445
1568909523460
1568909523474
1568909523489
1568909523502
1568909523519
1568909523536
1568909523553
1568909523568
1568909523582
1568909523595
1568909523609
1568909523621
1568909523636
1568909523650
1568909523663
1568909523677
1568909523690
1568909523705
1568909523721
1568909523734
1568909523749
1568909523762
1568909523775
1568909523788
1568909523801
1568909523815
1568909523830
1568909523844
1568909523862
1568909523877
1568909523894
1568909523909
1568909523924
1568909523938
1568909523955
1568909523969
1568909523982
1568909523996
1568909524010
1568909524023
1568909524039
1568909524055
1568909524074
1568909524092
1568909524107
1568909524121
1568909524133
1568909524200
1568909524244
1568909524275
1568909524304
1568909524324
1568909524344
1568909524361
1568909524376
1568909524389
1568909524404
1568909524417
1568909524430
1568909524444
1568909524458
1568909524471
1568909524484
1568909524498
1568909524513
1568909524528
1568909524545
1568909524559
1568909524574
1568909524589
1568909524603
1568909524616
1568909524630
1568909524645
1568909524660
1568909524676
1568909524691
1568909524706
1568909524720
1568909524734
1568909524749
1568909524763
1568909524779
1568909524795
1568909524810
1568909524825
1568909524839
1568909524854
1568909524869
1568909524884
1568909524899
1568909524914
1568909524929
1568909524944
1568909524961
1568909524977
1568909524993
1568909525006
1568909525021
1568909525035
1568909525052
1568909525068
1568909525084
1568909525098
1568909525112
1568909525125
1568909525140
1568909525155
1568909525170
1568909525188
1568909525205
1568909525220
1568909525235
1568909525250
1568909525263
1568909525277
1568909525293
1568909525308
1568909525321
1568909525336
1568909525351
1568909525365
1568909525380
1568909525394
1568909525408
1568909525422
1568909525436
1568909525449
1568909525463
1568909525477
1568909525491
1568909525506
1568909525521
1568909525535
1568909525548
1568909525561
1568909525575
1568909525590
1568909525606
1568909525620
1568909525635
