1568737057736
1568737057751
1568737057766
1568737057781
1568737057796
1568737057810
1568737057824
1568737057838
1568737057852
1568737057866
1568737057880
1568737057893
1568737057907
1568737057923
1568737057938
1568737057953
1568737057967
1568737057982
1568737057996
1568737058011
1568737058023
1568737058036
1568737058048
1568737058062
1568737058075
1568737058091
1568737058105
1568737058119
1568737058133
1568737058147
1568737058161
1568737058174
1568737058187
1568737058201
1568737058215
1568737058228
1568737058241
1568737058256
1568737058269
1568737058285
1568737058300
1568737058314
1568737058330
1568737058347
1568737058362
1568737058377
1568737058389
1568737058402
1568737058415
1568737058432
1568737058448
1568737058462
1568737058478
1568737058493
1568737058509
1568737058523
1568737058537
1568737058551
1568737058566
1568737058580
1568737058598
1568737058615
1568737058630
1568737058644
1568737058658
1568737058675
1568737058690
1568737058705
1568737058720
1568737058734
1568737058748
1568737058765
1568737058782
1568737058799
1568737058815
1568737058829
1568737058843
1568737058857
1568737058871
1568737058886
1568737058900
1568737058915
1568737058930
1568737058944
1568737058959
1568737058976
1568737058991
1568737059006
1568737059021
1568737059035
1568737059051
1568737059067
1568737059082
1568737059097
1568737059113
1568737059130
1568737059146
1568737059162
1568737059176
1568737059191
1568737059205
1568737059223
1568737059239
1568737059254
1568737059269
1568737059283
1568737059299
1568737059313
1568737059327
1568737059344
1568737059359
1568737059375
1568737059391
1568737059405
1568737059418
1568737059432
1568737059446
1568737059460
1568737059473
1568737059486
1568737059499
1568737059514
1568737059527
1568737059543
1568737059557
1568737059571
1568737059585
1568737059601
1568737059616
1568737059630
1568737059644
1568737059658
1568737059672
1568737059687
1568737059700
1568737059715
1568737059730
1568737059746
1568737059760
1568737059775
1568737059788
1568737059802
1568737059817
1568737059831
1568737059846
1568737059861
1568737059877
1568737059892
1568737059907
1568737059921
