1568737067684
1568737067699
1568737067716
1568737067732
1568737067748
1568737067763
1568737067778
1568737067793
1568737067808
1568737067824
1568737067838
1568737067853
1568737067867
1568737067884
1568737067898
1568737067913
1568737067928
1568737067943
1568737067957
1568737067971
1568737067985
1568737067999
1568737068011
1568737068025
1568737068038
1568737068053
1568737068066
1568737068083
1568737068096
1568737068110
1568737068124
1568737068138
1568737068152
1568737068165
1568737068179
1568737068194
1568737068209
1568737068225
1568737068240
1568737068255
1568737068269
1568737068282
1568737068296
1568737068312
1568737068327
1568737068341
1568737068354
1568737068369
1568737068384
1568737068399
1568737068413
1568737068426
1568737068441
1568737068458
1568737068473
1568737068487
1568737068501
1568737068517
1568737068531
1568737068544
1568737068558
1568737068572
1568737068588
1568737068603
1568737068618
1568737068633
1568737068647
1568737068661
1568737068674
1568737068688
1568737068702
1568737068716
1568737068731
1568737068746
1568737068761
1568737068775
1568737068789
1568737068804
1568737068818
1568737068836
1568737068852
1568737068867
1568737068882
1568737068898
1568737068913
1568737068930
1568737068946
1568737068963
1568737068979
1568737068993
1568737069009
1568737069026
1568737069042
1568737069058
1568737069073
1568737069088
1568737069103
1568737069118
1568737069132
1568737069147
1568737069163
1568737069179
1568737069194
1568737069208
1568737069223
1568737069238
1568737069253
1568737069268
1568737069283
1568737069298
1568737069314
1568737069329
1568737069345
1568737069360
1568737069374
1568737069387
1568737069401
1568737069415
1568737069428
1568737069440
1568737069454
1568737069468
1568737069481
1568737069494
1568737069507
1568737069520
1568737069536
1568737069551
1568737069564
1568737069578
1568737069592
1568737069606
1568737069619
1568737069633
1568737069649
1568737069663
1568737069677
1568737069692
1568737069707
1568737069721
1568737069736
1568737069751
1568737069766
1568737069781
1568737069796
1568737069810
1568737069825
1568737069840
1568737069855
1568737069868
