1568737086043
1568737086057
1568737086075
1568737086089
1568737086103
1568737086117
1568737086132
1568737086146
1568737086160
1568737086175
1568737086189
1568737086204
1568737086219
1568737086234
1568737086249
1568737086264
1568737086279
1568737086294
1568737086308
1568737086322
1568737086337
1568737086352
1568737086372
1568737086395
1568737086411
1568737086435
1568737086457
1568737086488
1568737086509
1568737086532
1568737086569
1568737086590
1568737086607
1568737086625
1568737086658
1568737086680
1568737086698
1568737086720
1568737086734
1568737086751
1568737086767
1568737086781
1568737086794
1568737086807
1568737086821
1568737086838
1568737086852
1568737086865
1568737086878
1568737086893
1568737086910
1568737086926
1568737086940
1568737086953
1568737086966
1568737086983
1568737086997
1568737087011
1568737087025
1568737087040
1568737087058
1568737087075
1568737087091
1568737087105
1568737087120
1568737087134
1568737087148
1568737087162
1568737087177
1568737087191
1568737087205
1568737087221
1568737087237
1568737087254
1568737087271
1568737087289
1568737087306
1568737087322
1568737087337
1568737087351
1568737087367
1568737087383
1568737087398
1568737087415
1568737087432
1568737087448
1568737087462
1568737087477
1568737087491
1568737087506
1568737087523
1568737087541
1568737087556
1568737087571
1568737087585
1568737087601
1568737087616
1568737087631
1568737087646
1568737087660
1568737087674
1568737087690
1568737087705
1568737087720
1568737087735
1568737087753
1568737087769
1568737087785
1568737087801
1568737087819
1568737087835
1568737087852
1568737087868
1568737087884
1568737087900
1568737087915
1568737087929
1568737087945
1568737087963
1568737087979
1568737087996
1568737088013
1568737088031
1568737088046
1568737088061
1568737088077
1568737088092
1568737088106
1568737088123
1568737088138
1568737088156
1568737088170
1568737088184
1568737088199
1568737088213
1568737088227
1568737088243
1568737088260
1568737088274
1568737088288
1568737088303
1568737088321
1568737088335
1568737088349
1568737088362
1568737088378
1568737088393
1568737088407
1568737088421
1568737088441
