1568737051120
1568737051134
1568737051150
1568737051165
1568737051179
1568737051193
1568737051207
1568737051221
1568737051235
1568737051249
1568737051262
1568737051276
1568737051291
1568737051306
1568737051320
1568737051334
1568737051347
1568737051361
1568737051376
1568737051391
1568737051405
1568737051419
1568737051433
1568737051446
1568737051462
1568737051478
1568737051491
1568737051505
1568737051518
1568737051532
1568737051545
1568737051559
1568737051573
1568737051588
1568737051601
1568737051616
1568737051630
1568737051644
1568737051659
1568737051675
1568737051688
1568737051702
1568737051717
1568737051731
1568737051745
1568737051757
1568737051770
1568737051784
1568737051797
1568737051812
1568737051826
1568737051840
1568737051853
1568737051868
1568737051882
1568737051895
1568737051908
1568737051921
1568737051935
1568737051948
1568737051963
1568737051978
1568737051992
1568737052006
1568737052019
1568737052033
1568737052045
1568737052059
1568737052073
1568737052088
1568737052103
1568737052118
1568737052132
1568737052148
1568737052162
1568737052177
1568737052191
1568737052205
1568737052218
1568737052234
1568737052249
1568737052265
1568737052279
1568737052293
1568737052308
1568737052325
1568737052341
1568737052356
1568737052371
1568737052387
1568737052403
1568737052418
1568737052432
1568737052448
1568737052463
1568737052479
1568737052494
1568737052513
1568737052529
1568737052543
1568737052558
1568737052573
1568737052588
1568737052603
1568737052619
1568737052635
1568737052649
1568737052663
1568737052677
1568737052695
1568737052711
1568737052728
1568737052743
1568737052759
1568737052775
1568737052793
1568737052809
1568737052825
1568737052840
1568737052856
1568737052873
1568737052888
1568737052903
1568737052918
1568737052933
1568737052947
1568737052963
1568737052978
1568737052991
1568737053005
1568737053018
1568737053033
1568737053048
1568737053063
1568737053078
1568737053093
1568737053109
1568737053123
1568737053137
1568737053152
1568737053168
1568737053182
1568737053197
1568737053213
1568737053228
1568737053244
1568737053259
1568737053275
1568737053290
1568737053305
