1568994860941
1568994860955
1568994860970
1568994860983
1568994860996
1568994861008
1568994861021
1568994861035
1568994861047
1568994861059
1568994861071
1568994861087
1568994861102
1568994861118
1568994861131
1568994861144
1568994861157
1568994861171
1568994861184
1568994861199
1568994861213
1568994861226
1568994861239
1568994861251
1568994861265
1568994861282
1568994861296
1568994861311
1568994861325
1568994861337
1568994861351
1568994861365
1568994861379
1568994861394
1568994861408
1568994861422
1568994861436
1568994861449
1568994861462
1568994861475
1568994861488
1568994861502
1568994861515
1568994861527
1568994861540
1568994861553
1568994861566
1568994861580
1568994861594
1568994861608
1568994861621
1568994861633
1568994861646
1568994861660
1568994861672
1568994861684
1568994861697
1568994861711
1568994861724
1568994861737
1568994861751
1568994861765
1568994861779
1568994861792
1568994861805
1568994861817
1568994861830
1568994861842
1568994861855
1568994861869
1568994861882
1568994861896
1568994861911
1568994861924
1568994861937
1568994861952
1568994861966
1568994861980
1568994861993
1568994862006
1568994862021
1568994862036
1568994862050
1568994862063
1568994862075
1568994862089
1568994862103
1568994862118
1568994862131
1568994862144
1568994862158
1568994862172
1568994862186
1568994862200
1568994862212
1568994862227
1568994862240
1568994862254
1568994862268
1568994862284
1568994862299
1568994862314
1568994862327
1568994862340
1568994862354
1568994862369
1568994862382
1568994862396
1568994862409
1568994862424
1568994862436
1568994862450
1568994862464
1568994862478
1568994862492
1568994862507
1568994862520
1568994862535
1568994862548
1568994862562
1568994862575
1568994862588
1568994862602
1568994862618
1568994862631
1568994862645
1568994862659
1568994862672
1568994862685
1568994862700
1568994862713
1568994862726
1568994862740
1568994862757
1568994862770
1568994862783
1568994862797
1568994862811
1568994862824
1568994862837
1568994862851
1568994862866
1568994862879
1568994862893
1568994862907
1568994862922
1568994862935
1568994862947
1568994862959
1568994862972
