1568994859293
1568994859308
1568994859324
1568994859338
1568994859351
1568994859365
1568994859379
1568994859392
1568994859406
1568994859419
1568994859433
1568994859446
1568994859459
1568994859472
1568994859483
1568994859495
1568994859508
1568994859521
1568994859535
1568994859548
1568994859561
1568994859575
1568994859589
1568994859601
1568994859614
1568994859628
1568994859642
1568994859654
1568994859666
1568994859678
1568994859692
1568994859705
1568994859718
1568994859731
1568994859744
1568994859757
1568994859773
1568994859789
1568994859803
1568994859818
1568994859831
1568994859844
1568994859856
1568994859869
1568994859882
1568994859896
1568994859908
1568994859921
1568994859933
1568994859946
1568994859959
1568994859972
1568994859984
1568994859996
1568994860009
1568994860023
1568994860037
1568994860051
1568994860063
1568994860076
1568994860089
1568994860102
1568994860114
1568994860127
1568994860139
1568994860152
1568994860166
1568994860179
1568994860192
1568994860205
1568994860217
1568994860229
1568994860241
1568994860254
1568994860270
1568994860285
1568994860300
1568994860314
1568994860329
1568994860344
1568994860358
1568994860371
1568994860386
1568994860401
1568994860414
1568994860429
1568994860445
1568994860459
1568994860473
1568994860487
1568994860502
1568994860516
1568994860530
1568994860544
1568994860558
1568994860573
1568994860588
1568994860605
1568994860620
1568994860636
1568994860650
1568994860666
1568994860681
1568994860695
1568994860708
1568994860723
1568994860738
1568994860753
1568994860765
1568994860779
1568994860794
1568994860808
1568994860822
1568994860836
1568994860850
1568994860864
1568994860878
1568994860891
1568994860904
1568994860917
1568994860933
1568994860948
1568994860961
1568994860975
1568994860989
1568994861003
1568994861015
1568994861031
1568994861044
1568994861058
1568994861070
1568994861087
1568994861103
1568994861119
1568994861133
1568994861146
1568994861160
1568994861174
1568994861188
1568994861203
1568994861217
1568994861231
1568994861243
1568994861257
1568994861272
1568994861289
1568994861304
1568994861318
1568994861333
1568994861346
