1568994898560
1568994898577
1568994898594
1568994898608
1568994898621
1568994898633
1568994898644
1568994898657
1568994898669
1568994898683
1568994898697
1568994898710
1568994898723
1568994898736
1568994898749
1568994898762
1568994898776
1568994898790
1568994898803
1568994898818
1568994898832
1568994898845
1568994898858
1568994898872
1568994898885
1568994898899
1568994898913
1568994898926
1568994898940
1568994898953
1568994898965
1568994898980
1568994898994
1568994899007
1568994899020
1568994899035
1568994899049
1568994899062
1568994899075
1568994899089
1568994899102
1568994899118
1568994899133
1568994899148
1568994899160
1568994899172
1568994899185
1568994899198
1568994899211
1568994899226
1568994899242
1568994899256
1568994899268
1568994899279
1568994899295
1568994899309
1568994899323
1568994899335
1568994899350
1568994899364
1568994899378
1568994899392
1568994899405
1568994899419
1568994899433
1568994899446
1568994899459
1568994899470
1568994899487
1568994899504
1568994899519
1568994899532
1568994899545
1568994899560
1568994899575
1568994899590
1568994899605
1568994899619
1568994899633
1568994899649
1568994899664
1568994899676
1568994899689
1568994899704
1568994899719
1568994899734
1568994899749
1568994899765
1568994899779
1568994899793
1568994899808
1568994899823
1568994899837
1568994899851
1568994899864
1568994899879
1568994899891
1568994899906
1568994899920
1568994899934
1568994899949
1568994899965
1568994899980
1568994899994
1568994900007
1568994900021
1568994900037
1568994900053
1568994900068
1568994900083
1568994900096
1568994900111
1568994900127
1568994900141
1568994900155
1568994900168
1568994900180
1568994900195
1568994900211
1568994900227
1568994900241
1568994900256
1568994900269
1568994900282
1568994900354
1568994900400
1568994900435
1568994900455
1568994900473
1568994900488
1568994900502
1568994900515
1568994900527
1568994900540
1568994900554
1568994900568
1568994900581
1568994900595
1568994900610
1568994900623
1568994900635
1568994900647
1568994900658
1568994900670
1568994900681
1568994900695
1568994900708
1568994900720
1568994900733
1568994900746
