1568994868043
1568994868059
1568994868075
1568994868089
1568994868102
1568994868117
1568994868130
1568994868144
1568994868156
1568994868169
1568994868181
1568994868194
1568994868207
1568994868220
1568994868234
1568994868248
1568994868263
1568994868278
1568994868291
1568994868305
1568994868318
1568994868331
1568994868344
1568994868358
1568994868373
1568994868389
1568994868403
1568994868419
1568994868432
1568994868450
1568994868465
1568994868477
1568994868489
1568994868501
1568994868513
1568994868528
1568994868543
1568994868559
1568994868573
1568994868586
1568994868598
1568994868611
1568994868622
1568994868634
1568994868647
1568994868660
1568994868674
1568994868689
1568994868701
1568994868713
1568994868728
1568994868743
1568994868756
1568994868769
1568994868780
1568994868792
1568994868804
1568994868816
1568994868829
1568994868842
1568994868854
1568994868870
1568994868885
1568994868899
1568994868912
1568994868925
1568994868937
1568994868950
1568994868963
1568994868975
1568994868989
1568994869002
1568994869019
1568994869034
1568994869048
1568994869062
1568994869075
1568994869088
1568994869103
1568994869116
1568994869131
1568994869145
1568994869158
1568994869172
1568994869188
1568994869204
1568994869218
1568994869232
1568994869246
1568994869260
1568994869274
1568994869290
1568994869304
1568994869320
1568994869335
1568994869349
1568994869362
1568994869379
1568994869393
1568994869408
1568994869422
1568994869437
1568994869453
1568994869467
1568994869481
1568994869494
1568994869508
1568994869524
1568994869539
1568994869554
1568994869569
1568994869583
1568994869596
1568994869610
1568994869625
1568994869641
1568994869655
1568994869669
1568994869682
1568994869696
1568994869711
1568994869727
1568994869742
1568994869756
1568994869770
1568994869783
1568994869798
1568994869813
1568994869827
1568994869841
1568994869856
1568994869871
1568994869885
1568994869900
1568994869915
1568994869930
1568994869943
1568994869957
1568994869969
1568994869982
1568994869993
1568994870006
1568994870018
1568994870031
1568994870045
1568994870060
1568994870074
1568994870088
1568994870102
1568994870117
