1568994895102
1568994895116
1568994895131
1568994895145
1568994895159
1568994895173
1568994895186
1568994895200
1568994895215
1568994895230
1568994895244
1568994895258
1568994895272
1568994895287
1568994895302
1568994895316
1568994895329
1568994895342
1568994895356
1568994895369
1568994895382
1568994895395
1568994895409
1568994895423
1568994895437
1568994895450
1568994895462
1568994895474
1568994895486
1568994895500
1568994895513
1568994895529
1568994895542
1568994895555
1568994895568
1568994895581
1568994895594
1568994895608
1568994895623
1568994895639
1568994895654
1568994895668
1568994895680
1568994895696
1568994895710
1568994895724
1568994895740
1568994895755
1568994895769
1568994895783
1568994895797
1568994895810
1568994895824
1568994895842
1568994895858
1568994895874
1568994895887
1568994895901
1568994895915
1568994895929
1568994895947
1568994895962
1568994895976
1568994895989
1568994896002
1568994896018
1568994896032
1568994896047
1568994896065
1568994896079
1568994896093
1568994896106
1568994896119
1568994896134
1568994896151
1568994896170
1568994896186
1568994896203
1568994896218
1568994896234
1568994896249
1568994896264
1568994896279
1568994896296
1568994896313
1568994896329
1568994896345
1568994896362
1568994896379
1568994896394
1568994896410
1568994896426
1568994896442
1568994896459
1568994896476
1568994896492
1568994896508
1568994896527
1568994896545
1568994896561
1568994896578
1568994896593
1568994896609
1568994896624
1568994896641
1568994896658
1568994896674
1568994896691
1568994896707
1568994896724
1568994896742
1568994896760
1568994896777
1568994896794
1568994896810
1568994896827
1568994896843
1568994896858
1568994896875
1568994896891
1568994896909
1568994896927
1568994896943
1568994896959
1568994896978
1568994896994
1568994897012
1568994897027
1568994897042
1568994897057
1568994897072
1568994897087
1568994897102
1568994897117
1568994897133
1568994897149
1568994897163
1568994897178
1568994897192
1568994897205
1568994897218
1568994897232
1568994897248
1568994897262
1568994897276
1568994897289
1568994897303
1568994897319
1568994897334
1568994897348
