1568647399662
1568647399680
1568647399699
1568647399716
1568647399732
1568647399749
1568647399765
1568647399779
1568647399793
1568647399807
1568647399821
1568647399838
1568647399853
1568647399869
1568647399883
1568647399897
1568647399912
1568647399927
1568647399942
1568647399957
1568647399973
1568647399988
1568647400004
1568647400020
1568647400035
1568647400051
1568647400068
1568647400086
1568647400101
1568647400115
1568647400130
1568647400146
1568647400162
1568647400180
1568647400195
1568647400212
1568647400227
1568647400245
1568647400262
1568647400278
1568647400292
1568647400309
1568647400324
1568647400343
1568647400360
1568647400375
1568647400392
1568647400409
1568647400426
1568647400444
1568647400462
1568647400478
1568647400493
1568647400508
1568647400524
1568647400540
1568647400554
1568647400569
1568647400583
1568647400598
1568647400612
1568647400627
1568647400644
1568647400659
1568647400676
1568647400691
1568647400706
1568647400720
1568647400735
1568647400751
1568647400768
1568647400784
1568647400800
1568647400818
1568647400834
1568647400849
1568647400865
1568647400882
1568647400897
1568647400913
1568647400929
1568647400944
1568647400961
1568647400977
1568647400995
1568647401013
1568647401031
1568647401051
1568647401068
1568647401086
1568647401102
1568647401118
1568647401133
1568647401150
1568647401166
1568647401183
1568647401199
1568647401219
1568647401235
1568647401258
1568647401342
1568647401381
1568647401408
1568647401430
1568647401449
1568647401467
1568647401483
1568647401498
1568647401513
1568647401527
1568647401542
1568647401559
1568647401573
1568647401588
1568647401603
1568647401620
1568647401635
1568647401650
1568647401667
1568647401684
1568647401700
1568647401717
1568647401738
1568647401754
1568647401771
1568647401786
1568647401800
1568647401817
1568647401834
1568647401851
1568647401866
1568647401880
1568647401896
1568647401912
1568647401929
1568647401944
1568647401963
1568647401980
1568647401996
1568647402013
1568647402029
1568647402045
1568647402062
1568647402080
1568647402095
1568647402111
1568647402126
1568647402142
1568647402162
1568647402180
