1568647416824
1568647416840
1568647416862
1568647416880
1568647416898
1568647416916
1568647416934
1568647416950
1568647416966
1568647416983
1568647417000
1568647417016
1568647417031
1568647417049
1568647417069
1568647417088
1568647417103
1568647417120
1568647417138
1568647417155
1568647417174
1568647417193
1568647417211
1568647417227
1568647417245
1568647417265
1568647417285
1568647417304
1568647417320
1568647417341
1568647417360
1568647417376
1568647417394
1568647417413
1568647417429
1568647417448
1568647417465
1568647417483
1568647417502
1568647417522
1568647417541
1568647417560
1568647417581
1568647417601
1568647417619
1568647417635
1568647417654
1568647417674
1568647417693
1568647417711
1568647417727
1568647417742
1568647417760
1568647417776
1568647417794
1568647417814
1568647417831
1568647417850
1568647417867
1568647417884
1568647417899
1568647417919
1568647417937
1568647417955
1568647417973
1568647417992
1568647418009
1568647418026
1568647418041
1568647418057
1568647418073
1568647418091
1568647418108
1568647418126
1568647418142
1568647418158
1568647418175
1568647418192
1568647418207
1568647418226
1568647418244
1568647418262
1568647418278
1568647418294
1568647418311
1568647418329
1568647418346
1568647418363
1568647418381
1568647418398
1568647418414
1568647418430
1568647418448
1568647418464
1568647418480
1568647418497
1568647418514
1568647418533
1568647418549
1568647418566
1568647418585
1568647418604
1568647418622
1568647418639
1568647418656
1568647418673
1568647418691
1568647418708
1568647418725
1568647418743
1568647418758
1568647418773
1568647418789
1568647418805
1568647418824
1568647418843
1568647418861
1568647418878
1568647418895
1568647418910
1568647418925
1568647418944
1568647418960
1568647418977
1568647418995
1568647419011
1568647419031
1568647419052
1568647419069
1568647419091
1568647419112
1568647419132
1568647419149
1568647419169
1568647419187
1568647419208
1568647419228
1568647419251
1568647419272
1568647419292
1568647419311
1568647419330
1568647419351
1568647419371
1568647419387
1568647419404
1568647419419
1568647419435
1568647419451
1568647419467
