1568647420264
1568647420282
1568647420301
1568647420316
1568647420335
1568647420352
1568647420369
1568647420385
1568647420400
1568647420414
1568647420428
1568647420443
1568647420458
1568647420475
1568647420492
1568647420508
1568647420527
1568647420545
1568647420562
1568647420578
1568647420596
1568647420614
1568647420630
1568647420650
1568647420671
1568647420689
1568647420704
1568647420720
1568647420738
1568647420758
1568647420775
1568647420793
1568647420812
1568647420830
1568647420847
1568647420864
1568647420879
1568647420899
1568647420917
1568647420934
1568647420950
1568647420970
1568647420989
1568647421009
1568647421027
1568647421044
1568647421062
1568647421080
1568647421097
1568647421120
1568647421138
1568647421155
1568647421173
1568647421189
1568647421206
1568647421227
1568647421246
1568647421265
1568647421283
1568647421300
1568647421316
1568647421336
1568647421355
1568647421372
1568647421388
1568647421404
1568647421421
1568647421438
1568647421455
1568647421474
1568647421491
1568647421508
1568647421524
1568647421542
1568647421562
1568647421580
1568647421598
1568647421614
1568647421632
1568647421651
1568647421668
1568647421684
1568647421700
1568647421720
1568647421740
1568647421760
1568647421777
1568647421794
1568647421812
1568647421832
1568647421851
1568647421868
1568647421884
1568647421902
1568647421921
1568647421938
1568647421953
1568647421970
1568647421986
1568647422003
1568647422019
1568647422037
1568647422055
1568647422071
1568647422087
1568647422104
1568647422120
1568647422136
1568647422154
1568647422173
1568647422191
1568647422209
1568647422226
1568647422244
1568647422262
1568647422279
1568647422296
1568647422313
1568647422332
1568647422349
1568647422365
1568647422382
1568647422461
1568647422512
1568647422546
1568647422568
1568647422588
1568647422606
1568647422621
1568647422635
1568647422650
1568647422666
1568647422681
1568647422700
1568647422717
1568647422738
1568647422754
1568647422771
1568647422789
1568647422807
1568647422824
1568647422839
1568647422856
1568647422872
1568647422889
1568647422906
1568647422924
1568647422942
1568647422976
1568647422999
