1568647433840
1568647433858
1568647433877
1568647433894
1568647433911
1568647433927
1568647433947
1568647433965
1568647433981
1568647433995
1568647434010
1568647434027
1568647434043
1568647434060
1568647434076
1568647434094
1568647434113
1568647434131
1568647434148
1568647434167
1568647434182
1568647434200
1568647434219
1568647434237
1568647434253
1568647434271
1568647434291
1568647434311
1568647434328
1568647434344
1568647434360
1568647434376
1568647434394
1568647434412
1568647434431
1568647434449
1568647434466
1568647434484
1568647434500
1568647434516
1568647434531
1568647434548
1568647434565
1568647434585
1568647434602
1568647434620
1568647434639
1568647434655
1568647434675
1568647434694
1568647434712
1568647434730
1568647434746
1568647434765
1568647434782
1568647434799
1568647434817
1568647434835
1568647434850
1568647434866
1568647434882
1568647434901
1568647434918
1568647434936
1568647434955
1568647434973
1568647434989
1568647435006
1568647435022
1568647435041
1568647435059
1568647435076
1568647435091
1568647435109
1568647435127
1568647435146
1568647435162
1568647435180
1568647435197
1568647435213
1568647435229
1568647435245
1568647435262
1568647435278
1568647435294
1568647435313
1568647435331
1568647435349
1568647435365
1568647435381
1568647435397
1568647435416
1568647435434
1568647435451
1568647435466
1568647435481
1568647435497
1568647435516
1568647435533
1568647435548
1568647435564
1568647435580
1568647435594
1568647435609
1568647435624
1568647435640
1568647435653
1568647435671
1568647435689
1568647435708
1568647435725
1568647435742
1568647435759
1568647435776
1568647435791
1568647435807
1568647435826
1568647435844
1568647435861
1568647435877
1568647435892
1568647435912
1568647435928
1568647435945
1568647435963
1568647435981
1568647435997
1568647436014
1568647436029
1568647436047
1568647436064
1568647436083
1568647436100
1568647436119
1568647436135
1568647436153
1568647436172
1568647436188
1568647436206
1568647436221
1568647436237
1568647436253
1568647436272
1568647436290
1568647436305
1568647436322
1568647436339
1568647436357
1568647436377
1568647436397
