1568647425340
1568647425358
1568647425379
1568647425395
1568647425411
1568647425428
1568647425445
1568647425463
1568647425480
1568647425495
1568647425509
1568647425525
1568647425540
1568647425556
1568647425572
1568647425587
1568647425603
1568647425620
1568647425637
1568647425653
1568647425670
1568647425688
1568647425704
1568647425721
1568647425737
1568647425754
1568647425771
1568647425789
1568647425806
1568647425823
1568647425839
1568647425857
1568647425876
1568647425895
1568647425913
1568647425932
1568647425950
1568647425969
1568647425985
1568647426001
1568647426016
1568647426030
1568647426044
1568647426060
1568647426078
1568647426101
1568647426126
1568647426150
1568647426174
1568647426198
1568647426221
1568647426243
1568647426263
1568647426284
1568647426303
1568647426322
1568647426339
1568647426359
1568647426377
1568647426394
1568647426409
1568647426428
1568647426446
1568647426466
1568647426482
1568647426500
1568647426516
1568647426535
1568647426554
1568647426572
1568647426591
1568647426607
1568647426623
1568647426642
1568647426658
1568647426677
1568647426696
1568647426713
1568647426729
1568647426745
1568647426764
1568647426782
1568647426799
1568647426818
1568647426834
1568647426852
1568647426870
1568647426888
1568647426905
1568647426922
1568647426940
1568647426957
1568647426975
1568647426992
1568647427008
1568647427025
1568647427045
1568647427063
1568647427080
1568647427098
1568647427115
1568647427133
1568647427148
1568647427167
1568647427184
1568647427199
1568647427215
1568647427232
1568647427248
1568647427266
1568647427282
1568647427297
1568647427317
1568647427337
1568647427354
1568647427369
1568647427388
1568647427406
1568647427423
1568647427442
1568647427458
1568647427477
1568647427495
1568647427514
1568647427531
1568647427548
1568647427563
1568647427580
1568647427597
1568647427618
1568647427634
1568647427652
1568647427672
1568647427692
1568647427708
1568647427724
1568647427740
1568647427759
1568647427778
1568647427800
1568647427817
1568647427834
1568647427851
1568647427870
1568647427890
1568647427909
1568647427929
1568647427949
1568647427967
1568647427989
