1568993496058
1568993496074
1568993496089
1568993496102
1568993496116
1568993496128
1568993496141
1568993496154
1568993496167
1568993496181
1568993496194
1568993496206
1568993496219
1568993496233
1568993496246
1568993496259
1568993496271
1568993496285
1568993496298
1568993496311
1568993496324
1568993496336
1568993496348
1568993496359
1568993496372
1568993496387
1568993496399
1568993496411
1568993496424
1568993496436
1568993496448
1568993496459
1568993496471
1568993496483
1568993496495
1568993496508
1568993496521
1568993496533
1568993496547
1568993496560
1568993496572
1568993496586
1568993496598
1568993496609
1568993496621
1568993496634
1568993496646
1568993496659
1568993496671
1568993496686
1568993496700
1568993496713
1568993496725
1568993496738
1568993496750
1568993496762
1568993496774
1568993496787
1568993496799
1568993496812
1568993496825
1568993496838
1568993496852
1568993496865
1568993496879
1568993496894
1568993496907
1568993496920
1568993496933
1568993496945
1568993496957
1568993496970
1568993496983
1568993496998
1568993497010
1568993497024
1568993497037
1568993497051
1568993497065
1568993497080
1568993497093
1568993497106
1568993497118
1568993497131
1568993497144
1568993497160
1568993497174
1568993497187
1568993497201
1568993497215
1568993497228
1568993497241
1568993497255
1568993497270
1568993497283
1568993497296
1568993497310
1568993497325
1568993497339
1568993497355
1568993497368
1568993497383
1568993497397
1568993497411
1568993497425
1568993497439
1568993497453
1568993497467
1568993497481
1568993497496
1568993497510
1568993497524
1568993497536
1568993497550
1568993497564
1568993497577
1568993497590
1568993497603
1568993497615
1568993497629
1568993497644
1568993497660
1568993497674
1568993497688
1568993497702
1568993497718
1568993497732
1568993497746
1568993497760
1568993497773
1568993497787
1568993497801
1568993497814
1568993497828
1568993497840
1568993497851
1568993497862
1568993497874
1568993497887
1568993497901
1568993497914
1568993497926
1568993497938
1568993497952
1568993497966
1568993497980
1568993497993
1568993498008
1568993498021
1568993498034
