1568993504733
1568993504747
1568993504761
1568993504773
1568993504784
1568993504797
1568993504811
1568993504825
1568993504838
1568993504852
1568993504865
1568993504878
1568993504890
1568993504902
1568993504915
1568993504929
1568993504942
1568993504955
1568993504968
1568993504982
1568993504996
1568993505009
1568993505026
1568993505040
1568993505054
1568993505069
1568993505084
1568993505099
1568993505112
1568993505126
1568993505139
1568993505152
1568993505166
1568993505181
1568993505194
1568993505208
1568993505221
1568993505234
1568993505247
1568993505259
1568993505271
1568993505284
1568993505298
1568993505311
1568993505324
1568993505339
1568993505353
1568993505366
1568993505379
1568993505393
1568993505405
1568993505417
1568993505430
1568993505443
1568993505458
1568993505475
1568993505490
1568993505504
1568993505517
1568993505530
1568993505542
1568993505556
1568993505570
1568993505584
1568993505597
1568993505609
1568993505622
1568993505635
1568993505648
1568993505662
1568993505675
1568993505687
1568993505700
1568993505715
1568993505729
1568993505743
1568993505756
1568993505770
1568993505785
1568993505801
1568993505816
1568993505830
1568993505844
1568993505857
1568993505870
1568993505886
1568993505902
1568993505917
1568993505931
1568993505947
1568993505961
1568993505977
1568993505992
1568993506007
1568993506021
1568993506036
1568993506051
1568993506066
1568993506082
1568993506098
1568993506112
1568993506126
1568993506140
1568993506155
1568993506170
1568993506184
1568993506198
1568993506212
1568993506228
1568993506244
1568993506259
1568993506274
1568993506290
1568993506307
1568993506322
1568993506337
1568993506351
1568993506368
1568993506381
1568993506395
1568993506408
1568993506425
1568993506440
1568993506455
1568993506470
1568993506484
1568993506497
1568993506510
1568993506523
1568993506535
1568993506549
1568993506563
1568993506576
1568993506590
1568993506602
1568993506614
1568993506633
1568993506648
1568993506661
1568993506675
1568993506688
1568993506701
1568993506715
1568993506730
1568993506743
1568993506760
1568993506776
1568993506792
1568993506806
1568993506820
