1568993501264
1568993501277
1568993501357
1568993501389
1568993501421
1568993501442
1568993501458
1568993501474
1568993501490
1568993501503
1568993501516
1568993501528
1568993501540
1568993501552
1568993501565
1568993501578
1568993501591
1568993501603
1568993501616
1568993501628
1568993501640
1568993501652
1568993501664
1568993501679
1568993501692
1568993501706
1568993501719
1568993501734
1568993501748
1568993501761
1568993501773
1568993501790
1568993501805
1568993501820
1568993501833
1568993501847
1568993501861
1568993501877
1568993501891
1568993501904
1568993501917
1568993501929
1568993501942
1568993501955
1568993501968
1568993501983
1568993501997
1568993502012
1568993502024
1568993502037
1568993502049
1568993502062
1568993502075
1568993502090
1568993502106
1568993502120
1568993502133
1568993502147
1568993502160
1568993502174
1568993502189
1568993502204
1568993502218
1568993502232
1568993502284
1568993502340
1568993502370
1568993502396
1568993502416
1568993502434
1568993502450
1568993502464
1568993502479
1568993502494
1568993502507
1568993502520
1568993502534
1568993502548
1568993502562
1568993502577
1568993502590
1568993502602
1568993502615
1568993502629
1568993502645
1568993502661
1568993502675
1568993502688
1568993502701
1568993502715
1568993502728
1568993502741
1568993502754
1568993502768
1568993502782
1568993502796
1568993502810
1568993502827
1568993502842
1568993502856
1568993502870
1568993502884
1568993502898
1568993502913
1568993502926
1568993502938
1568993502952
1568993502965
1568993502980
1568993502996
1568993503011
1568993503024
1568993503038
1568993503053
1568993503067
1568993503080
1568993503094
1568993503107
1568993503122
1568993503139
1568993503154
1568993503169
1568993503182
1568993503197
1568993503212
1568993503226
1568993503240
1568993503253
1568993503266
1568993503281
1568993503296
1568993503309
1568993503322
1568993503336
1568993503348
1568993503363
1568993503377
1568993503392
1568993503405
1568993503420
1568993503433
1568993503446
1568993503460
1568993503474
1568993503502
1568993503517
1568993503534
1568993503551
1568993503566
1568993503580
