1568993534594
1568993534608
1568993534624
1568993534639
1568993534653
1568993534667
1568993534681
1568993534695
1568993534707
1568993534722
1568993534736
1568993534750
1568993534764
1568993534779
1568993534792
1568993534806
1568993534821
1568993534835
1568993534848
1568993534862
1568993534876
1568993534890
1568993534906
1568993534921
1568993534935
1568993534948
1568993534961
1568993534973
1568993534985
1568993534997
1568993535010
1568993535024
1568993535038
1568993535055
1568993535070
1568993535084
1568993535099
1568993535114
1568993535126
1568993535139
1568993535152
1568993535166
1568993535181
1568993535195
1568993535208
1568993535221
1568993535233
1568993535245
1568993535258
1568993535273
1568993535288
1568993535303
1568993535316
1568993535329
1568993535343
1568993535354
1568993535366
1568993535383
1568993535397
1568993535411
1568993535424
1568993535437
1568993535450
1568993535462
1568993535474
1568993535486
1568993535497
1568993535510
1568993535523
1568993535536
1568993535548
1568993535562
1568993535575
1568993535590
1568993535605
1568993535620
1568993535634
1568993535648
1568993535663
1568993535677
1568993535691
1568993535706
1568993535720
1568993535733
1568993535746
1568993535761
1568993535775
1568993535789
1568993535803
1568993535818
1568993535831
1568993535845
1568993535859
1568993535873
1568993535885
1568993535899
1568993535911
1568993535927
1568993535941
1568993535955
1568993535969
1568993535984
1568993536000
1568993536015
1568993536030
1568993536044
1568993536057
1568993536072
1568993536086
1568993536101
1568993536115
1568993536131
1568993536145
1568993536160
1568993536174
1568993536190
1568993536204
1568993536218
1568993536232
1568993536246
1568993536260
1568993536275
1568993536292
1568993536306
1568993536320
1568993536333
1568993536345
1568993536357
1568993536370
1568993536384
1568993536399
1568993536413
1568993536427
1568993536443
1568993536457
1568993536470
1568993536482
1568993536494
1568993536509
1568993536523
1568993536536
1568993536549
1568993536563
1568993536577
1568993536590
1568993536605
1568993536620
1568993536634
1568993536647
1568993536662
