1568993517064
1568993517078
1568993517093
1568993517107
1568993517121
1568993517135
1568993517149
1568993517164
1568993517178
1568993517192
1568993517204
1568993517218
1568993517232
1568993517248
1568993517262
1568993517276
1568993517289
1568993517303
1568993517317
1568993517332
1568993517345
1568993517358
1568993517370
1568993517381
1568993517393
1568993517406
1568993517419
1568993517433
1568993517449
1568993517464
1568993517477
1568993517489
1568993517501
1568993517515
1568993517528
1568993517541
1568993517554
1568993517567
1568993517579
1568993517594
1568993517607
1568993517621
1568993517636
1568993517653
1568993517666
1568993517679
1568993517692
1568993517705
1568993517718
1568993517732
1568993517744
1568993517756
1568993517769
1568993517785
1568993517799
1568993517813
1568993517825
1568993517839
1568993517853
1568993517869
1568993517883
1568993517897
1568993517910
1568993517923
1568993517979
1568993518030
1568993518069
1568993518094
1568993518112
1568993518129
1568993518145
1568993518159
1568993518174
1568993518187
1568993518200
1568993518214
1568993518228
1568993518243
1568993518257
1568993518270
1568993518285
1568993518298
1568993518311
1568993518325
1568993518339
1568993518356
1568993518371
1568993518386
1568993518399
1568993518413
1568993518426
1568993518442
1568993518457
1568993518471
1568993518485
1568993518499
1568993518513
1568993518527
1568993518544
1568993518560
1568993518574
1568993518588
1568993518602
1568993518617
1568993518631
1568993518646
1568993518660
1568993518676
1568993518690
1568993518705
1568993518719
1568993518734
1568993518749
1568993518763
1568993518776
1568993518790
1568993518803
1568993518816
1568993518830
1568993518842
1568993518855
1568993518868
1568993518883
1568993518897
1568993518910
1568993518922
1568993518935
1568993518949
1568993518964
1568993518977
1568993518990
1568993519005
1568993519020
1568993519034
1568993519047
1568993519061
1568993519074
1568993519087
1568993519100
1568993519112
1568993519125
1568993519139
1568993519153
1568993519167
1568993519181
1568993519195
1568993519208
1568993519224
1568993519238
1568993519252
