1568993492735
1568993492750
1568993492766
1568993492780
1568993492793
1568993492806
1568993492819
1568993492831
1568993492842
1568993492854
1568993492865
1568993492877
1568993492889
1568993492901
1568993492913
1568993492926
1568993492939
1568993492951
1568993492963
1568993492977
1568993492990
1568993493003
1568993493016
1568993493030
1568993493044
1568993493060
1568993493074
1568993493089
1568993493102
1568993493115
1568993493127
1568993493140
1568993493154
1568993493167
1568993493181
1568993493194
1568993493207
1568993493221
1568993493239
1568993493254
1568993493268
1568993493284
1568993493299
1568993493313
1568993493330
1568993493345
1568993493358
1568993493371
1568993493383
1568993493397
1568993493410
1568993493422
1568993493435
1568993493448
1568993493461
1568993493476
1568993493492
1568993493505
1568993493518
1568993493531
1568993493544
1568993493557
1568993493570
1568993493583
1568993493596
1568993493609
1568993493622
1568993493634
1568993493647
1568993493660
1568993493673
1568993493686
1568993493701
1568993493716
1568993493728
1568993493742
1568993493757
1568993493770
1568993493785
1568993493800
1568993493814
1568993493831
1568993493844
1568993493859
1568993493873
1568993493889
1568993493904
1568993493918
1568993493931
1568993493945
1568993493958
1568993493972
1568993493985
1568993493998
1568993494011
1568993494023
1568993494037
1568993494051
1568993494064
1568993494077
1568993494090
1568993494103
1568993494118
1568993494132
1568993494145
1568993494159
1568993494172
1568993494186
1568993494200
1568993494214
1568993494227
1568993494241
1568993494254
1568993494267
1568993494280
1568993494294
1568993494307
1568993494320
1568993494332
1568993494346
1568993494360
1568993494373
1568993494385
1568993494398
1568993494411
1568993494425
1568993494437
1568993494450
1568993494462
1568993494475
1568993494490
1568993494503
1568993494517
1568993494532
1568993494546
1568993494560
1568993494571
1568993494585
1568993494597
1568993494609
1568993494621
1568993494634
1568993494647
1568993494660
1568993494672
1568993494686
1568993494698
1568993494711
1568993494723
1568993494738
