1568993518811
1568993518825
1568993518839
1568993518851
1568993518863
1568993518877
1568993518891
1568993518904
1568993518916
1568993518928
1568993518942
1568993518957
1568993518971
1568993518985
1568993518999
1568993519014
1568993519028
1568993519041
1568993519053
1568993519066
1568993519079
1568993519092
1568993519105
1568993519118
1568993519131
1568993519147
1568993519161
1568993519174
1568993519187
1568993519201
1568993519214
1568993519230
1568993519243
1568993519257
1568993519273
1568993519286
1568993519299
1568993519312
1568993519325
1568993519339
1568993519352
1568993519365
1568993519377
1568993519389
1568993519401
1568993519412
1568993519424
1568993519436
1568993519449
1568993519462
1568993519475
1568993519488
1568993519499
1568993519511
1568993519525
1568993519538
1568993519550
1568993519562
1568993519575
1568993519588
1568993519601
1568993519615
1568993519628
1568993519641
1568993519653
1568993519666
1568993519681
1568993519694
1568993519707
1568993519719
1568993519732
1568993519744
1568993519757
1568993519770
1568993519783
1568993519796
1568993519809
1568993519822
1568993519836
1568993519851
1568993519865
1568993519878
1568993519892
1568993519905
1568993519918
1568993519933
1568993519947
1568993520003
1568993520051
1568993520088
1568993520117
1568993520138
1568993520155
1568993520173
1568993520189
1568993520205
1568993520220
1568993520236
1568993520250
1568993520265
1568993520280
1568993520295
1568993520308
1568993520323
1568993520338
1568993520397
1568993520444
1568993520479
1568993520503
1568993520525
1568993520543
1568993520559
1568993520574
1568993520589
1568993520602
1568993520614
1568993520628
1568993520641
1568993520655
1568993520669
1568993520682
1568993520697
1568993520712
1568993520726
1568993520739
1568993520751
1568993520762
1568993520775
1568993520788
1568993520800
1568993520813
1568993520826
1568993520842
1568993520858
1568993520871
1568993520887
1568993520901
1568993520916
1568993520930
1568993520945
1568993520959
1568993520975
1568993520990
1568993521006
1568993521020
1568993521033
1568993521045
1568993521057
1568993521069
1568993521080
