1568646166448
1568646166460
1568646166473
1568646166484
1568646166495
1568646166507
1568646166519
1568646166531
1568646166543
1568646166556
1568646166568
1568646166580
1568646166592
1568646166605
1568646166618
1568646166630
1568646166642
1568646166656
1568646166669
1568646166681
1568646166694
1568646166706
1568646166718
1568646166731
1568646166744
1568646166757
1568646166769
1568646166782
1568646166794
1568646166806
1568646166818
1568646166830
1568646166842
1568646166856
1568646166869
1568646166882
1568646166895
1568646166908
1568646166922
1568646166935
1568646166948
1568646166961
1568646166974
1568646166987
1568646167000
1568646167013
1568646167026
1568646167039
1568646167052
1568646167066
1568646167080
1568646167093
1568646167109
1568646167123
1568646167137
1568646167150
1568646167163
1568646167177
1568646167190
1568646167203
1568646167216
1568646167230
1568646167243
1568646167256
1568646167270
1568646167283
1568646167296
1568646167309
1568646167322
1568646167335
1568646167348
1568646167361
1568646167374
1568646167388
1568646167403
1568646167417
1568646167431
1568646167445
1568646167457
1568646167472
1568646167485
1568646167499
1568646167512
1568646167525
1568646167538
1568646167552
1568646167566
1568646167580
1568646167593
1568646167607
1568646167620
1568646167633
1568646167647
1568646167660
1568646167673
1568646167687
1568646167700
1568646167715
1568646167729
1568646167743
1568646167757
1568646167771
1568646167784
1568646167798
1568646167812
1568646167825
1568646167839
1568646167853
1568646167866
1568646167881
1568646167895
1568646167910
1568646167923
1568646167936
1568646167950
1568646167963
1568646167975
1568646167988
1568646168000
1568646168012
1568646168025
1568646168038
1568646168051
1568646168064
1568646168077
1568646168089
1568646168102
1568646168114
1568646168126
1568646168139
1568646168151
1568646168164
1568646168177
1568646168191
1568646168203
1568646168216
1568646168228
1568646168241
1568646168254
1568646168267
1568646168280
1568646168291
1568646168304
1568646168317
1568646168330
1568646168343
1568646168357
1568646168371
1568646168384
1568646168398
