1568646204957
1568646204972
1568646204987
1568646205000
1568646205013
1568646205026
1568646205039
1568646205051
1568646205063
1568646205078
1568646205092
1568646205106
1568646205120
1568646205134
1568646205147
1568646205158
1568646205171
1568646205183
1568646205195
1568646205206
1568646205221
1568646205235
1568646205247
1568646205259
1568646205273
1568646205288
1568646205302
1568646205316
1568646205330
1568646205342
1568646205354
1568646205369
1568646205383
1568646205398
1568646205410
1568646205423
1568646205435
1568646205448
1568646205461
1568646205473
1568646205486
1568646205499
1568646205513
1568646205528
1568646205543
1568646205556
1568646205568
1568646205581
1568646205593
1568646205606
1568646205618
1568646205631
1568646205643
1568646205656
1568646205668
1568646205680
1568646205691
1568646205704
1568646205716
1568646205728
1568646205742
1568646205755
1568646205767
1568646205780
1568646205792
1568646205804
1568646205817
1568646205830
1568646205843
1568646205856
1568646205869
1568646205882
1568646205896
1568646205911
1568646205926
1568646205940
1568646205953
1568646205967
1568646205981
1568646205994
1568646206008
1568646206021
1568646206034
1568646206049
1568646206062
1568646206077
1568646206092
1568646206108
1568646206122
1568646206136
1568646206151
1568646206165
1568646206179
1568646206193
1568646206207
1568646206221
1568646206236
1568646206251
1568646206266
1568646206282
1568646206296
1568646206310
1568646206326
1568646206342
1568646206359
1568646206375
1568646206391
1568646206407
1568646206422
1568646206438
1568646206451
1568646206466
1568646206482
1568646206497
1568646206511
1568646206526
1568646206544
1568646206559
1568646206575
1568646206589
1568646206603
1568646206617
1568646206631
1568646206644
1568646206657
1568646206671
1568646206685
1568646206700
1568646206713
1568646206727
1568646206742
1568646206756
1568646206771
1568646206787
1568646206803
1568646206818
1568646206832
1568646206845
1568646206856
1568646206869
1568646206882
1568646206896
1568646206910
1568646206924
1568646206938
1568646206953
1568646206969
1568646206984
1568646206998
1568646207012
