1568646198246
1568646198260
1568646198276
1568646198290
1568646198303
1568646198316
1568646198329
1568646198341
1568646198354
1568646198368
1568646198381
1568646198393
1568646198405
1568646198418
1568646198431
1568646198446
1568646198459
1568646198472
1568646198484
1568646198497
1568646198509
1568646198523
1568646198536
1568646198549
1568646198562
1568646198575
1568646198588
1568646198602
1568646198615
1568646198628
1568646198641
1568646198654
1568646198666
1568646198679
1568646198691
1568646198704
1568646198716
1568646198730
1568646198743
1568646198756
1568646198769
1568646198781
1568646198794
1568646198807
1568646198819
1568646198831
1568646198843
1568646198855
1568646198868
1568646198881
1568646198894
1568646198907
1568646198919
1568646198933
1568646198946
1568646198959
1568646198972
1568646198985
1568646198998
1568646199009
1568646199022
1568646199036
1568646199048
1568646199060
1568646199073
1568646199086
1568646199102
1568646199116
1568646199129
1568646199142
1568646199154
1568646199165
1568646199180
1568646199196
1568646199209
1568646199223
1568646199236
1568646199250
1568646199264
1568646199279
1568646199293
1568646199307
1568646199321
1568646199335
1568646199350
1568646199366
1568646199380
1568646199394
1568646199407
1568646199421
1568646199435
1568646199449
1568646199464
1568646199479
1568646199494
1568646199508
1568646199523
1568646199539
1568646199553
1568646199568
1568646199582
1568646199597
1568646199610
1568646199625
1568646199640
1568646199654
1568646199668
1568646199682
1568646199696
1568646199711
1568646199724
1568646199738
1568646199753
1568646199766
1568646199780
1568646199795
1568646199809
1568646199823
1568646199836
1568646199850
1568646199864
1568646199879
1568646199892
1568646199907
1568646199923
1568646199938
1568646199951
1568646199963
1568646199976
1568646199988
1568646200001
1568646200013
1568646200026
1568646200077
1568646200126
1568646200166
1568646200195
1568646200214
1568646200232
1568646200247
1568646200261
1568646200274
1568646200287
1568646200299
1568646200311
1568646200324
1568646200337
1568646200350
1568646200364
1568646200376
