1568646185187
1568646185201
1568646185216
1568646185229
1568646185243
1568646185256
1568646185269
1568646185281
1568646185293
1568646185306
1568646185318
1568646185330
1568646185342
1568646185356
1568646185370
1568646185383
1568646185395
1568646185409
1568646185422
1568646185434
1568646185447
1568646185461
1568646185474
1568646185487
1568646185499
1568646185511
1568646185523
1568646185536
1568646185549
1568646185561
1568646185574
1568646185588
1568646185601
1568646185613
1568646185625
1568646185637
1568646185650
1568646185662
1568646185676
1568646185689
1568646185701
1568646185713
1568646185725
1568646185738
1568646185750
1568646185763
1568646185776
1568646185788
1568646185802
1568646185816
1568646185829
1568646185842
1568646185855
1568646185869
1568646185882
1568646185895
1568646185909
1568646185922
1568646185934
1568646185947
1568646185960
1568646185973
1568646185986
1568646185999
1568646186012
1568646186024
1568646186037
1568646186050
1568646186063
1568646186076
1568646186089
1568646186101
1568646186114
1568646186127
1568646186139
1568646186152
1568646186165
1568646186178
1568646186191
1568646186204
1568646186217
1568646186231
1568646186243
1568646186257
1568646186270
1568646186284
1568646186297
1568646186310
1568646186323
1568646186337
1568646186351
1568646186365
1568646186378
1568646186391
1568646186405
1568646186419
1568646186433
1568646186447
1568646186461
1568646186474
1568646186487
1568646186500
1568646186514
1568646186528
1568646186542
1568646186555
1568646186568
1568646186582
1568646186595
1568646186609
1568646186624
1568646186638
1568646186651
1568646186664
1568646186677
1568646186690
1568646186703
1568646186716
1568646186729
1568646186743
1568646186756
1568646186771
1568646186784
1568646186798
1568646186811
1568646186825
1568646186839
1568646186853
1568646186866
1568646186881
1568646186894
1568646186908
1568646186922
1568646186936
1568646186950
1568646186964
1568646186978
1568646186991
1568646187003
1568646187017
1568646187030
1568646187044
1568646187057
1568646187070
1568646187083
1568646187097
1568646187109
1568646187122
1568646187134
1568646187147
