1568646175699
1568646175712
1568646175726
1568646175739
1568646175753
1568646175766
1568646175778
1568646175791
1568646175803
1568646175816
1568646175829
1568646175841
1568646175854
1568646175866
1568646175878
1568646175890
1568646175902
1568646175914
1568646175926
1568646175938
1568646175949
1568646175961
1568646175973
1568646175986
1568646175999
1568646176012
1568646176024
1568646176036
1568646176048
1568646176061
1568646176074
1568646176087
1568646176099
1568646176114
1568646176126
1568646176138
1568646176151
1568646176164
1568646176176
1568646176190
1568646176202
1568646176215
1568646176229
1568646176242
1568646176255
1568646176268
1568646176281
1568646176293
1568646176305
1568646176318
1568646176331
1568646176344
1568646176356
1568646176369
1568646176382
1568646176394
1568646176407
1568646176419
1568646176433
1568646176446
1568646176458
1568646176472
1568646176484
1568646176497
1568646176508
1568646176521
1568646176533
1568646176545
1568646176557
1568646176570
1568646176584
1568646176597
1568646176610
1568646176624
1568646176636
1568646176650
1568646176663
1568646176677
1568646176690
1568646176703
1568646176716
1568646176729
1568646176742
1568646176755
1568646176769
1568646176784
1568646176797
1568646176810
1568646176822
1568646176835
1568646176849
1568646176862
1568646176875
1568646176889
1568646176902
1568646176915
1568646176928
1568646176943
1568646176955
1568646176969
1568646176982
1568646176995
1568646177008
1568646177023
1568646177036
1568646177050
1568646177064
1568646177078
1568646177093
1568646177108
1568646177122
1568646177136
1568646177149
1568646177163
1568646177175
1568646177188
1568646177203
1568646177217
1568646177231
1568646177244
1568646177257
1568646177271
1568646177323
1568646177376
1568646177412
1568646177435
1568646177455
1568646177473
1568646177489
1568646177503
1568646177516
1568646177529
1568646177541
1568646177553
1568646177565
1568646177578
1568646177589
1568646177602
1568646177613
1568646177625
1568646177637
1568646177650
1568646177662
1568646177676
1568646177689
1568646177703
1568646177716
1568646177728
1568646177740
1568646177752
