1568646174154
1568646174169
1568646174184
1568646174198
1568646174210
1568646174224
1568646174237
1568646174249
1568646174261
1568646174273
1568646174285
1568646174297
1568646174309
1568646174323
1568646174335
1568646174347
1568646174359
1568646174371
1568646174383
1568646174396
1568646174410
1568646174424
1568646174436
1568646174450
1568646174463
1568646174477
1568646174490
1568646174504
1568646174516
1568646174529
1568646174541
1568646174554
1568646174566
1568646174579
1568646174593
1568646174605
1568646174618
1568646174631
1568646174643
1568646174656
1568646174670
1568646174682
1568646174694
1568646174706
1568646174719
1568646174731
1568646174743
1568646174756
1568646174768
1568646174782
1568646174794
1568646174807
1568646174819
1568646174833
1568646174844
1568646174856
1568646174868
1568646174881
1568646174893
1568646174905
1568646174918
1568646174930
1568646174943
1568646174955
1568646174967
1568646174980
1568646174992
1568646175005
1568646175017
1568646175029
1568646175041
1568646175053
1568646175066
1568646175079
1568646175091
1568646175104
1568646175117
1568646175130
1568646175143
1568646175155
1568646175168
1568646175181
1568646175194
1568646175206
1568646175220
1568646175233
1568646175246
1568646175258
1568646175270
1568646175283
1568646175296
1568646175310
1568646175324
1568646175337
1568646175349
1568646175363
1568646175375
1568646175389
1568646175403
1568646175415
1568646175428
1568646175441
1568646175455
1568646175468
1568646175482
1568646175495
1568646175507
1568646175521
1568646175534
1568646175548
1568646175561
1568646175574
1568646175587
1568646175600
1568646175612
1568646175625
1568646175638
1568646175652
1568646175665
1568646175678
1568646175691
1568646175705
1568646175718
1568646175731
1568646175745
1568646175758
1568646175771
1568646175784
1568646175797
1568646175811
1568646175824
1568646175837
1568646175850
1568646175863
1568646175875
1568646175888
1568646175900
1568646175913
1568646175925
1568646175938
1568646175950
1568646175962
1568646175974
1568646175987
1568646176001
1568646176015
1568646176027
1568646176040
1568646176052
1568646176066
