1568993993755
1568993993767
1568993993780
1568993993792
1568993993803
1568993993815
1568993993826
1568993993838
1568993993850
1568993993862
1568993993873
1568993993884
1568993993897
1568993993910
1568993993921
1568993993933
1568993993946
1568993993957
1568993993969
1568993993981
1568993993993
1568993994005
1568993994016
1568993994028
1568993994041
1568993994054
1568993994066
1568993994080
1568993994092
1568993994104
1568993994115
1568993994127
1568993994139
1568993994151
1568993994162
1568993994174
1568993994186
1568993994199
1568993994211
1568993994223
1568993994234
1568993994246
1568993994258
1568993994270
1568993994281
1568993994292
1568993994304
1568993994316
1568993994328
1568993994341
1568993994352
1568993994364
1568993994376
1568993994388
1568993994398
1568993994410
1568993994422
1568993994434
1568993994444
1568993994456
1568993994468
1568993994481
1568993994493
1568993994505
1568993994517
1568993994529
1568993994541
1568993994553
1568993994565
1568993994577
1568993994588
1568993994601
1568993994614
1568993994627
1568993994640
1568993994652
1568993994665
1568993994677
1568993994688
1568993994700
1568993994711
1568993994724
1568993994737
1568993994749
1568993994762
1568993994776
1568993994789
1568993994802
1568993994815
1568993994828
1568993994841
1568993994853
1568993994865
1568993994878
1568993994890
1568993994904
1568993994916
1568993994930
1568993994944
1568993994957
1568993994969
1568993994982
1568993994996
1568993995009
1568993995022
1568993995036
1568993995049
1568993995062
1568993995075
1568993995090
1568993995103
1568993995115
1568993995128
1568993995141
1568993995154
1568993995167
1568993995180
1568993995193
1568993995206
1568993995220
1568993995233
1568993995248
1568993995261
1568993995274
1568993995285
1568993995297
1568993995308
1568993995320
1568993995331
1568993995344
1568993995356
1568993995369
1568993995382
1568993995395
1568993995408
1568993995420
1568993995433
1568993995446
1568993995460
1568993995473
1568993995486
1568993995499
1568993995511
1568993995523
1568993995538
1568993995551
1568993995563
1568993995575
1568993995588
1568993995600
