1568994019725
1568994019737
1568994019752
1568994019765
1568994019778
1568994019790
1568994019802
1568994019814
1568994019825
1568994019836
1568994019847
1568994019860
1568994019874
1568994019888
1568994019900
1568994019912
1568994019923
1568994019935
1568994019948
1568994019961
1568994019974
1568994019986
1568994019998
1568994020009
1568994020021
1568994020033
1568994020044
1568994020057
1568994020070
1568994020084
1568994020096
1568994020109
1568994020121
1568994020134
1568994020146
1568994020161
1568994020174
1568994020187
1568994020199
1568994020212
1568994020224
1568994020236
1568994020248
1568994020261
1568994020272
1568994020284
1568994020297
1568994020310
1568994020323
1568994020337
1568994020351
1568994020364
1568994020376
1568994020389
1568994020402
1568994020416
1568994020429
1568994020456
1568994020470
1568994020486
1568994020500
1568994020514
1568994020527
1568994020541
1568994020554
1568994020567
1568994020579
1568994020592
1568994020605
1568994020618
1568994020631
1568994020644
1568994020657
1568994020670
1568994020682
1568994020694
1568994020706
1568994020718
1568994020730
1568994020743
1568994020755
1568994020768
1568994020781
1568994020793
1568994020809
1568994020824
1568994020838
1568994020851
1568994020864
1568994020879
1568994020892
1568994020906
1568994020917
1568994020930
1568994020942
1568994020955
1568994020968
1568994020983
1568994020997
1568994021010
1568994021022
1568994021034
1568994021047
1568994021062
1568994021076
1568994021090
1568994021102
1568994021115
1568994021128
1568994021142
1568994021154
1568994021167
1568994021180
1568994021193
1568994021206
1568994021219
1568994021232
1568994021244
1568994021257
1568994021270
1568994021283
1568994021296
1568994021308
1568994021322
1568994021335
1568994021348
1568994021359
1568994021372
1568994021386
1568994021399
1568994021412
1568994021425
1568994021438
1568994021452
1568994021466
1568994021478
1568994021492
1568994021504
1568994021515
1568994021527
1568994021539
1568994021551
1568994021563
1568994021576
1568994021591
1568994021604
1568994021617
1568994021631
1568994021643
1568994021656
