1568994016573
1568994016584
1568994016597
1568994016608
1568994016619
1568994016630
1568994016642
1568994016654
1568994016668
1568994016681
1568994016693
1568994016706
1568994016720
1568994016733
1568994016746
1568994016758
1568994016770
1568994016782
1568994016793
1568994016806
1568994016817
1568994016829
1568994016840
1568994016854
1568994016866
1568994016879
1568994016892
1568994016906
1568994016918
1568994016930
1568994016943
1568994016955
1568994016967
1568994016980
1568994016992
1568994017003
1568994017015
1568994017028
1568994017040
1568994017053
1568994017065
1568994017077
1568994017088
1568994017100
1568994017113
1568994017125
1568994017137
1568994017148
1568994017160
1568994017173
1568994017185
1568994017197
1568994017209
1568994017220
1568994017231
1568994017243
1568994017255
1568994017265
1568994017277
1568994017290
1568994017303
1568994017317
1568994017329
1568994017341
1568994017352
1568994017364
1568994017376
1568994017388
1568994017399
1568994017410
1568994017422
1568994017434
1568994017446
1568994017458
1568994017470
1568994017482
1568994017493
1568994017506
1568994017517
1568994017528
1568994017541
1568994017554
1568994017566
1568994017578
1568994017592
1568994017606
1568994017619
1568994017632
1568994017645
1568994017658
1568994017670
1568994017684
1568994017697
1568994017710
1568994017724
1568994017738
1568994017752
1568994017765
1568994017779
1568994017792
1568994017805
1568994017818
1568994017831
1568994017845
1568994017857
1568994017871
1568994017883
1568994017896
1568994017910
1568994017923
1568994017936
1568994017950
1568994017963
1568994017975
1568994017989
1568994018002
1568994018015
1568994018029
1568994018043
1568994018057
1568994018069
1568994018082
1568994018095
1568994018107
1568994018119
1568994018133
1568994018147
1568994018160
1568994018174
1568994018187
1568994018200
1568994018213
1568994018226
1568994018239
1568994018251
1568994018263
1568994018276
1568994018290
1568994018303
1568994018316
1568994018328
1568994018341
1568994018353
1568994018364
1568994018376
1568994018390
1568994018405
1568994018419
1568994018432
1568994018447
