1568994021292
1568994021305
1568994021321
1568994021334
1568994021346
1568994021358
1568994021371
1568994021384
1568994021397
1568994021410
1568994021423
1568994021436
1568994021449
1568994021462
1568994021475
1568994021488
1568994021500
1568994021512
1568994021523
1568994021535
1568994021546
1568994021558
1568994021570
1568994021583
1568994021596
1568994021609
1568994021622
1568994021636
1568994021648
1568994021661
1568994021673
1568994021686
1568994021699
1568994021711
1568994021723
1568994021733
1568994021745
1568994021758
1568994021770
1568994021783
1568994021795
1568994021805
1568994021818
1568994021832
1568994021844
1568994021856
1568994021868
1568994021880
1568994021891
1568994021904
1568994021916
1568994021928
1568994021941
1568994021953
1568994021965
1568994021978
1568994021990
1568994022002
1568994022014
1568994022026
1568994022038
1568994022050
1568994022061
1568994022074
1568994022086
1568994022099
1568994022110
1568994022121
1568994022133
1568994022145
1568994022157
1568994022169
1568994022180
1568994022193
1568994022206
1568994022219
1568994022231
1568994022243
1568994022254
1568994022266
1568994022278
1568994022291
1568994022302
1568994022315
1568994022329
1568994022342
1568994022354
1568994022367
1568994022380
1568994022393
1568994022407
1568994022420
1568994022433
1568994022445
1568994022456
1568994022470
1568994022482
1568994022496
1568994022508
1568994022521
1568994022535
1568994022548
1568994022561
1568994022573
1568994022585
1568994022598
1568994022611
1568994022623
1568994022636
1568994022649
1568994022661
1568994022673
1568994022685
1568994022698
1568994022711
1568994022724
1568994022736
1568994022749
1568994022762
1568994022775
1568994022788
1568994022802
1568994022815
1568994022828
1568994022841
1568994022853
1568994022866
1568994022879
1568994022893
1568994022907
1568994022920
1568994022933
1568994022948
1568994022963
1568994022976
1568994022988
1568994023000
1568994023012
1568994023023
1568994023035
1568994023047
1568994023059
1568994023071
1568994023082
1568994023094
1568994023106
1568994023119
1568994023132
1568994023146
1568994023158
