1568994002890
1568994002902
1568994002915
1568994002927
1568994002938
1568994002950
1568994002961
1568994002973
1568994002984
1568994002996
1568994003008
1568994003021
1568994003033
1568994003047
1568994003059
1568994003071
1568994003084
1568994003097
1568994003108
1568994003121
1568994003133
1568994003146
1568994003158
1568994003170
1568994003183
1568994003197
1568994003212
1568994003225
1568994003237
1568994003249
1568994003261
1568994003272
1568994003285
1568994003297
1568994003309
1568994003322
1568994003333
1568994003345
1568994003358
1568994003371
1568994003384
1568994003396
1568994003408
1568994003420
1568994003431
1568994003443
1568994003455
1568994003467
1568994003480
1568994003493
1568994003505
1568994003517
1568994003529
1568994003542
1568994003554
1568994003567
1568994003579
1568994003592
1568994003603
1568994003614
1568994003627
1568994003640
1568994003652
1568994003666
1568994003678
1568994003691
1568994003705
1568994003718
1568994003730
1568994003743
1568994003756
1568994003767
1568994003779
1568994003792
1568994003804
1568994003816
1568994003828
1568994003839
1568994003853
1568994003867
1568994003880
1568994003892
1568994003904
1568994003916
1568994003929
1568994003943
1568994003955
1568994003968
1568994003981
1568994003994
1568994004006
1568994004020
1568994004034
1568994004047
1568994004060
1568994004073
1568994004087
1568994004101
1568994004114
1568994004127
1568994004141
1568994004154
1568994004167
1568994004180
1568994004192
1568994004206
1568994004219
1568994004231
1568994004245
1568994004259
1568994004272
1568994004285
1568994004298
1568994004311
1568994004324
1568994004336
1568994004349
1568994004363
1568994004376
1568994004388
1568994004401
1568994004414
1568994004426
1568994004437
1568994004450
1568994004463
1568994004474
1568994004486
1568994004498
1568994004509
1568994004522
1568994004535
1568994004550
1568994004562
1568994004575
1568994004588
1568994004601
1568994004614
1568994004626
1568994004638
1568994004651
1568994004663
1568994004675
1568994004687
1568994004700
1568994004712
1568994004724
1568994004736
1568994004749
1568994004762
