1570612463915
1570612463927
1570612463939
1570612463950
1570612463962
1570612463973
1570612463984
1570612463996
1570612464007
1570612464018
1570612464030
1570612464041
1570612464053
1570612464065
1570612464076
1570612464088
1570612464099
1570612464111
1570612464122
1570612464135
1570612464147
1570612464159
1570612464170
1570612464182
1570612464195
1570612464208
1570612464221
1570612464233
1570612464246
1570612464258
1570612464269
1570612464281
1570612464293
1570612464305
1570612464317
1570612464329
1570612464341
1570612464354
1570612464366
1570612464379
1570612464391
1570612464403
1570612464416
1570612464427
1570612464439
1570612464451
1570612464464
1570612464476
1570612464489
1570612464502
1570612464514
1570612464526
1570612464537
1570612464550
1570612464562
1570612464574
1570612464585
1570612464597
1570612464609
1570612464621
1570612464634
1570612464647
1570612464659
1570612464672
1570612464683
1570612464695
1570612464708
1570612464720
1570612464732
1570612464745
1570612464758
1570612464769
1570612464782
1570612464795
1570612464807
1570612464820
1570612464833
1570612464845
1570612464858
1570612464870
1570612464881
1570612464895
1570612464907
1570612464919
1570612464932
1570612464945
1570612464958
1570612464970
1570612464983
1570612464995
1570612465008
1570612465021
1570612465034
1570612465046
1570612465058
1570612465070
1570612465084
1570612465098
1570612465110
1570612465123
1570612465136
1570612465148
1570612465161
1570612465173
1570612465186
1570612465200
1570612465213
1570612465225
1570612465239
1570612465253
1570612465266
1570612465280
1570612465292
1570612465305
1570612465318
1570612465331
1570612465344
1570612465356
1570612465369
1570612465383
1570612465396
1570612465410
1570612465423
1570612465436
1570612465449
1570612465462
1570612465475
1570612465487
1570612465500
1570612465512
1570612465525
1570612465537
1570612465550
1570612465562
1570612465573
1570612465584
1570612465596
1570612465607
1570612465619
1570612465631
1570612465643
1570612465656
1570612465668
1570612465680
1570612465692
1570612465705
1570612465717
1570612465730
1570612465742
1570612465754
