1570612483456
1570612483469
1570612483481
1570612483493
1570612483504
1570612483515
1570612483527
1570612483540
1570612483553
1570612483566
1570612483579
1570612483591
1570612483604
1570612483616
1570612483627
1570612483638
1570612483649
1570612483660
1570612483672
1570612483682
1570612483694
1570612483707
1570612483719
1570612483732
1570612483747
1570612483761
1570612483773
1570612483786
1570612483797
1570612483808
1570612483821
1570612483833
1570612483846
1570612483859
1570612483872
1570612483884
1570612483897
1570612483911
1570612483924
1570612483937
1570612483950
1570612483963
1570612483975
1570612483990
1570612484002
1570612484014
1570612484027
1570612484041
1570612484055
1570612484069
1570612484081
1570612484094
1570612484106
1570612484120
1570612484133
1570612484145
1570612484156
1570612484168
1570612484180
1570612484193
1570612484206
1570612484220
1570612484232
1570612484245
1570612484257
1570612484268
1570612484280
1570612484293
1570612484305
1570612484318
1570612484330
1570612484343
1570612484357
1570612484372
1570612484385
1570612484398
1570612484410
1570612484423
1570612484436
1570612484450
1570612484462
1570612484474
1570612484487
1570612484499
1570612484511
1570612484526
1570612484539
1570612484551
1570612484565
1570612484577
1570612484589
1570612484603
1570612484617
1570612484630
1570612484642
1570612484655
1570612484668
1570612484682
1570612484695
1570612484708
1570612484721
1570612484734
1570612484747
1570612484760
1570612484773
1570612484786
1570612484799
1570612484812
1570612484825
1570612484839
1570612484852
1570612484865
1570612484878
1570612484890
1570612484903
1570612484916
1570612484930
1570612484942
1570612484955
1570612484968
1570612484981
1570612484994
1570612485008
1570612485022
1570612485035
1570612485048
1570612485061
1570612485073
1570612485086
1570612485099
1570612485111
1570612485125
1570612485139
1570612485153
1570612485166
1570612485179
1570612485193
1570612485207
1570612485219
1570612485232
1570612485245
1570612485258
1570612485271
1570612485283
1570612485296
1570612485311
1570612485323
1570612485335
1570612485347
1570612485359
