1570612488405
1570612488417
1570612488430
1570612488443
1570612488456
1570612488470
1570612488483
1570612488496
1570612488509
1570612488521
1570612488532
1570612488543
1570612488555
1570612488566
1570612488578
1570612488589
1570612488601
1570612488613
1570612488625
1570612488636
1570612488648
1570612488660
1570612488672
1570612488684
1570612488696
1570612488712
1570612488727
1570612488740
1570612488753
1570612488765
1570612488777
1570612488789
1570612488801
1570612488813
1570612488825
1570612488837
1570612488848
1570612488861
1570612488872
1570612488884
1570612488896
1570612488907
1570612488919
1570612488931
1570612488943
1570612488955
1570612488965
1570612488977
1570612488989
1570612489002
1570612489014
1570612489025
1570612489037
1570612489049
1570612489060
1570612489071
1570612489082
1570612489094
1570612489106
1570612489117
1570612489130
1570612489143
1570612489155
1570612489167
1570612489178
1570612489189
1570612489202
1570612489216
1570612489229
1570612489241
1570612489252
1570612489264
1570612489277
1570612489288
1570612489300
1570612489313
1570612489325
1570612489337
1570612489348
1570612489394
1570612489450
1570612489481
1570612489504
1570612489526
1570612489546
1570612489563
1570612489577
1570612489591
1570612489604
1570612489616
1570612489629
1570612489642
1570612489654
1570612489666
1570612489679
1570612489692
1570612489706
1570612489720
1570612489733
1570612489746
1570612489758
1570612489771
1570612489785
1570612489798
1570612489812
1570612489825
1570612489839
1570612489852
1570612489865
1570612489879
1570612489892
1570612489905
1570612489918
1570612489931
1570612489944
1570612489956
1570612489970
1570612489982
1570612489995
1570612490008
1570612490021
1570612490034
1570612490048
1570612490061
1570612490074
1570612490089
1570612490103
1570612490116
1570612490129
1570612490143
1570612490157
1570612490170
1570612490183
1570612490197
1570612490211
1570612490224
1570612490238
1570612490250
1570612490263
1570612490275
1570612490286
1570612490298
1570612490309
1570612490321
1570612490333
1570612490346
1570612490358
1570612490370
1570612490382
1570612490397
