1570612505459
1570612505474
1570612505490
1570612505503
1570612505515
1570612505527
1570612505538
1570612505549
1570612505561
1570612505572
1570612505583
1570612505595
1570612505607
1570612505620
1570612505632
1570612505643
1570612505655
1570612505667
1570612505679
1570612505691
1570612505705
1570612505717
1570612505728
1570612505740
1570612505751
1570612505764
1570612505775
1570612505787
1570612505798
1570612505810
1570612505820
1570612505833
1570612505845
1570612505857
1570612505869
1570612505880
1570612505892
1570612505905
1570612505917
1570612505929
1570612505941
1570612505952
1570612505964
1570612505976
1570612505988
1570612506001
1570612506014
1570612506025
1570612506037
1570612506049
1570612506061
1570612506073
1570612506084
1570612506095
1570612506107
1570612506119
1570612506130
1570612506143
1570612506156
1570612506168
1570612506181
1570612506194
1570612506207
1570612506220
1570612506231
1570612506243
1570612506254
1570612506266
1570612506278
1570612506290
1570612506300
1570612506312
1570612506325
1570612506337
1570612506350
1570612506361
1570612506372
1570612506386
1570612506399
1570612506412
1570612506424
1570612506437
1570612506450
1570612506462
1570612506474
1570612506488
1570612506501
1570612506513
1570612506526
1570612506539
1570612506551
1570612506563
1570612506576
1570612506588
1570612506601
1570612506613
1570612506626
1570612506640
1570612506655
1570612506669
1570612506682
1570612506695
1570612506706
1570612506719
1570612506731
1570612506745
1570612506757
1570612506771
1570612506784
1570612506798
1570612506811
1570612506824
1570612506836
1570612506849
1570612506863
1570612506876
1570612506889
1570612506902
1570612506916
1570612506929
1570612506943
1570612506956
1570612506969
1570612506983
1570612506997
1570612507012
1570612507024
1570612507038
1570612507051
1570612507064
1570612507076
1570612507089
1570612507103
1570612507115
1570612507126
1570612507139
1570612507150
1570612507165
1570612507178
1570612507193
1570612507206
1570612507219
1570612507232
1570612507247
1570612507261
1570612507275
1570612507289
1570612507303
1570612507317
1570612507330
