1570612495102
1570612495115
1570612495130
1570612495144
1570612495157
1570612495170
1570612495183
1570612495198
1570612495212
1570612495225
1570612495238
1570612495252
1570612495266
1570612495280
1570612495294
1570612495307
1570612495319
1570612495331
1570612495343
1570612495355
1570612495367
1570612495381
1570612495395
1570612495407
1570612495421
1570612495434
1570612495446
1570612495461
1570612495475
1570612495488
1570612495502
1570612495515
1570612495528
1570612495540
1570612495552
1570612495563
1570612495576
1570612495588
1570612495602
1570612495617
1570612495631
1570612495645
1570612495659
1570612495673
1570612495686
1570612495700
1570612495714
1570612495729
1570612495744
1570612495759
1570612495773
1570612495787
1570612495801
1570612495815
1570612495828
1570612495840
1570612495853
1570612495865
1570612495879
1570612495892
1570612495908
1570612495924
1570612495937
1570612495952
1570612495965
1570612495977
1570612495994
1570612496009
1570612496024
1570612496038
1570612496053
1570612496070
1570612496087
1570612496103
1570612496120
1570612496137
1570612496154
1570612496172
1570612496188
1570612496204
1570612496219
1570612496233
1570612496250
1570612496266
1570612496281
1570612496297
1570612496312
1570612496327
1570612496341
1570612496357
1570612496373
1570612496396
1570612496412
1570612496434
1570612496455
1570612496470
1570612496489
1570612496504
1570612496519
1570612496531
1570612496544
1570612496557
1570612496570
1570612496583
1570612496597
1570612496613
1570612496627
1570612496652
1570612496672
1570612496691
1570612496720
1570612496745
1570612496808
1570612496836
1570612496889
1570612496912
1570612496928
1570612496984
1570612497018
1570612497039
1570612497102
1570612497126
1570612497187
1570612497220
1570612497239
1570612497254
1570612497268
1570612497286
1570612497299
1570612497313
1570612497327
1570612497341
1570612497356
1570612497369
1570612497380
1570612497392
1570612497404
1570612497419
1570612497432
1570612497445
1570612497457
1570612497469
1570612497480
1570612497492
1570612497507
1570612497522
1570612497537
1570612497551
1570612497564
1570612497579
