1570612465550
1570612465563
1570612465575
1570612465587
1570612465597
1570612465609
1570612465620
1570612465631
1570612465642
1570612465653
1570612465665
1570612465676
1570612465688
1570612465700
1570612465712
1570612465724
1570612465735
1570612465747
1570612465759
1570612465771
1570612465783
1570612465794
1570612465806
1570612465818
1570612465830
1570612465842
1570612465853
1570612465865
1570612465877
1570612465888
1570612465900
1570612465911
1570612465923
1570612465933
1570612465945
1570612465956
1570612465969
1570612465982
1570612465993
1570612466005
1570612466017
1570612466029
1570612466041
1570612466054
1570612466065
1570612466077
1570612466090
1570612466102
1570612466115
1570612466128
1570612466140
1570612466153
1570612466163
1570612466175
1570612466187
1570612466199
1570612466210
1570612466221
1570612466233
1570612466245
1570612466256
1570612466268
1570612466280
1570612466292
1570612466304
1570612466316
1570612466327
1570612466339
1570612466351
1570612466364
1570612466374
1570612466386
1570612466398
1570612466411
1570612466424
1570612466437
1570612466450
1570612466463
1570612466476
1570612466489
1570612466499
1570612466512
1570612466525
1570612466538
1570612466551
1570612466564
1570612466577
1570612466589
1570612466602
1570612466615
1570612466627
1570612466640
1570612466653
1570612466665
1570612466677
1570612466689
1570612466702
1570612466716
1570612466729
1570612466742
1570612466755
1570612466767
1570612466780
1570612466793
1570612466806
1570612466819
1570612466832
1570612466845
1570612466857
1570612466871
1570612466884
1570612466897
1570612466910
1570612466923
1570612466936
1570612466949
1570612466961
1570612466973
1570612466985
1570612466998
1570612467011
1570612467024
1570612467037
1570612467050
1570612467063
1570612467075
1570612467088
1570612467101
1570612467113
1570612467127
1570612467139
1570612467153
1570612467167
1570612467179
1570612467190
1570612467202
1570612467214
1570612467225
1570612467237
1570612467248
1570612467259
1570612467271
1570612467282
1570612467293
1570612467306
1570612467318
1570612467331
1570612467342
1570612467355
1570612467367
