1570612473726
1570612473737
1570612473751
1570612473763
1570612473774
1570612473786
1570612473798
1570612473810
1570612473821
1570612473832
1570612473844
1570612473855
1570612473867
1570612473879
1570612473892
1570612473904
1570612473916
1570612473926
1570612473938
1570612473950
1570612473961
1570612473972
1570612473984
1570612473997
1570612474010
1570612474023
1570612474035
1570612474048
1570612474058
1570612474070
1570612474082
1570612474095
1570612474107
1570612474118
1570612474130
1570612474142
1570612474155
1570612474167
1570612474180
1570612474192
1570612474205
1570612474218
1570612474229
1570612474241
1570612474253
1570612474265
1570612474275
1570612474288
1570612474301
1570612474314
1570612474326
1570612474338
1570612474350
1570612474361
1570612474373
1570612474385
1570612474397
1570612474409
1570612474420
1570612474432
1570612474444
1570612474457
1570612474469
1570612474480
1570612474491
1570612474503
1570612474515
1570612474525
1570612474537
1570612474549
1570612474560
1570612474571
1570612474584
1570612474597
1570612474609
1570612474622
1570612474634
1570612474646
1570612474657
1570612474669
1570612474681
1570612474695
1570612474708
1570612474721
1570612474734
1570612474747
1570612474759
1570612474772
1570612474784
1570612474797
1570612474810
1570612474821
1570612474833
1570612474846
1570612474858
1570612474871
1570612474885
1570612474898
1570612474911
1570612474924
1570612474937
1570612474950
1570612474962
1570612474974
1570612474986
1570612474998
1570612475011
1570612475023
1570612475036
1570612475050
1570612475063
1570612475076
1570612475089
1570612475102
1570612475115
1570612475128
1570612475140
1570612475153
1570612475166
1570612475178
1570612475190
1570612475204
1570612475216
1570612475229
1570612475241
1570612475254
1570612475266
1570612475279
1570612475292
1570612475305
1570612475318
1570612475331
1570612475344
1570612475357
1570612475369
1570612475381
1570612475393
1570612475405
1570612475417
1570612475429
1570612475441
1570612475452
1570612475464
1570612475476
1570612475488
1570612475502
1570612475514
1570612475526
1570612475538
1570612475551
