1570612476995
1570612477007
1570612477020
1570612477032
1570612477044
1570612477055
1570612477067
1570612477077
1570612477089
1570612477101
1570612477112
1570612477123
1570612477135
1570612477147
1570612477159
1570612477173
1570612477184
1570612477196
1570612477209
1570612477221
1570612477233
1570612477245
1570612477257
1570612477268
1570612477280
1570612477292
1570612477304
1570612477315
1570612477326
1570612477338
1570612477350
1570612477360
1570612477372
1570612477384
1570612477395
1570612477406
1570612477418
1570612477431
1570612477443
1570612477454
1570612477465
1570612477477
1570612477488
1570612477499
1570612477511
1570612477522
1570612477534
1570612477545
1570612477557
1570612477569
1570612477582
1570612477595
1570612477606
1570612477617
1570612477630
1570612477642
1570612477653
1570612477664
1570612477675
1570612477687
1570612477699
1570612477711
1570612477722
1570612477734
1570612477746
1570612477758
1570612477769
1570612477781
1570612477792
1570612477804
1570612477814
1570612477826
1570612477839
1570612477851
1570612477864
1570612477875
1570612477886
1570612477898
1570612477910
1570612477921
1570612477932
1570612477944
1570612477956
1570612477970
1570612477983
1570612477996
1570612478008
1570612478021
1570612478033
1570612478045
1570612478056
1570612478069
1570612478081
1570612478093
1570612478106
1570612478118
1570612478130
1570612478143
1570612478155
1570612478168
1570612478181
1570612478194
1570612478206
1570612478219
1570612478231
1570612478242
1570612478254
1570612478266
1570612478279
1570612478292
1570612478304
1570612478318
1570612478330
1570612478342
1570612478353
1570612478366
1570612478378
1570612478390
1570612478403
1570612478415
1570612478428
1570612478441
1570612478453
1570612478465
1570612478477
1570612478490
1570612478502
1570612478515
1570612478528
1570612478540
1570612478553
1570612478565
1570612478578
1570612478590
1570612478603
1570612478615
1570612478626
1570612478637
1570612478649
1570612478661
1570612478674
1570612478686
1570612478698
1570612478710
1570612478721
1570612478733
1570612478745
1570612478757
1570612478768
1570612478780
