1568906600348
1568906600362
1568906600376
1568906600389
1568906600401
1568906600414
1568906600427
1568906600440
1568906600453
1568906600465
1568906600477
1568906600490
1568906600503
1568906600517
1568906600530
1568906600543
1568906600555
1568906600568
1568906600580
1568906600593
1568906600605
1568906600618
1568906600630
1568906600642
1568906600654
1568906600668
1568906600680
1568906600695
1568906600707
1568906600720
1568906600732
1568906600745
1568906600758
1568906600771
1568906600783
1568906600797
1568906600810
1568906600823
1568906600837
1568906600850
1568906600863
1568906600876
1568906600889
1568906600902
1568906600915
1568906600928
1568906600941
1568906600955
1568906600968
1568906600982
1568906600995
1568906601008
1568906601021
1568906601034
1568906601047
1568906601061
1568906601074
1568906601087
1568906601100
1568906601113
1568906601126
1568906601140
1568906601153
1568906601166
1568906601180
1568906601193
1568906601205
1568906601218
1568906601232
1568906601244
1568906601257
1568906601271
1568906601284
1568906601297
1568906601310
1568906601324
1568906601338
1568906601351
1568906601365
1568906601378
1568906601392
1568906601405
1568906601418
1568906601431
1568906601444
1568906601458
1568906601472
1568906601484
1568906601497
1568906601510
1568906601524
1568906601538
1568906601552
1568906601565
1568906601579
1568906601593
1568906601606
1568906601621
1568906601635
1568906601648
1568906601661
1568906601675
1568906601688
1568906601702
1568906601715
1568906601729
1568906601742
1568906601757
1568906601771
1568906601786
1568906601800
1568906601814
1568906601827
1568906601841
1568906601855
1568906601869
1568906601883
1568906601897
1568906601911
1568906601925
1568906601939
1568906601953
1568906601966
1568906601979
1568906601992
1568906602005
1568906602019
1568906602032
1568906602046
1568906602059
1568906602072
1568906602084
1568906602097
1568906602111
1568906602124
1568906602137
1568906602150
1568906602163
1568906602176
1568906602189
1568906602202
1568906602215
1568906602227
1568906602240
1568906602254
1568906602266
1568906602279
1568906602292
1568906602304
1568906602317
