1568906613469
1568906613483
1568906613497
1568906613511
1568906613524
1568906613538
1568906613551
1568906613565
1568906613578
1568906613592
1568906613606
1568906613620
1568906613634
1568906613648
1568906613663
1568906613677
1568906613691
1568906613704
1568906613718
1568906613732
1568906613745
1568906613758
1568906613772
1568906613785
1568906613799
1568906613813
1568906613827
1568906613841
1568906613854
1568906613869
1568906613882
1568906613896
1568906613910
1568906613924
1568906613937
1568906613951
1568906613966
1568906613981
1568906613995
1568906614009
1568906614023
1568906614038
1568906614052
1568906614066
1568906614080
1568906614095
1568906614110
1568906614124
1568906614139
1568906614154
1568906614168
1568906614182
1568906614197
1568906614211
1568906614226
1568906614240
1568906614254
1568906614269
1568906614283
1568906614299
1568906614313
1568906614329
1568906614344
1568906614358
1568906614374
1568906614388
1568906614402
1568906614416
1568906614431
1568906614446
1568906614460
1568906614474
1568906614488
1568906614503
1568906614518
1568906614532
1568906614547
1568906614561
1568906614575
1568906614588
1568906614603
1568906614617
1568906614631
1568906614646
1568906614661
1568906614677
1568906614692
1568906614707
1568906614722
1568906614736
1568906614751
1568906614766
1568906614781
1568906614795
1568906614810
1568906614825
1568906614840
1568906614855
1568906614870
1568906614885
1568906614900
1568906614915
1568906614929
1568906614944
1568906614959
1568906614973
1568906614988
1568906615002
1568906615017
1568906615031
1568906615046
1568906615060
1568906615075
1568906615090
1568906615104
1568906615118
1568906615133
1568906615148
1568906615162
1568906615176
1568906615190
1568906615205
1568906615219
1568906615233
1568906615246
1568906615260
1568906615274
1568906615288
1568906615302
1568906615315
1568906615329
1568906615343
1568906615358
1568906615372
1568906615386
1568906615401
1568906615414
1568906615428
1568906615441
1568906615455
1568906615469
1568906615483
1568906615496
1568906615509
1568906615523
1568906615538
1568906615552
1568906615566
1568906615580
1568906615594
