1568906606815
1568906606829
1568906606845
1568906606858
1568906606871
1568906606884
1568906606896
1568906606910
1568906606922
1568906606936
1568906606949
1568906606963
1568906606976
1568906606990
1568906607004
1568906607018
1568906607031
1568906607045
1568906607058
1568906607072
1568906607085
1568906607099
1568906607113
1568906607126
1568906607140
1568906607154
1568906607168
1568906607181
1568906607195
1568906607208
1568906607221
1568906607234
1568906607247
1568906607261
1568906607276
1568906607290
1568906607304
1568906607318
1568906607332
1568906607348
1568906607362
1568906607378
1568906607391
1568906607406
1568906607419
1568906607434
1568906607448
1568906607463
1568906607476
1568906607493
1568906607507
1568906607522
1568906607536
1568906607550
1568906607564
1568906607579
1568906607593
1568906607608
1568906607621
1568906607636
1568906607650
1568906607665
1568906607680
1568906607694
1568906607708
1568906607723
1568906607737
1568906607751
1568906607765
1568906607779
1568906607792
1568906607807
1568906607822
1568906607838
1568906607852
1568906607867
1568906607882
1568906607896
1568906607911
1568906607925
1568906607940
1568906607955
1568906607969
1568906607985
1568906607998
1568906608013
1568906608028
1568906608043
1568906608058
1568906608073
1568906608088
1568906608103
1568906608118
1568906608132
1568906608147
1568906608161
1568906608176
1568906608192
1568906608208
1568906608223
1568906608238
1568906608253
1568906608268
1568906608283
1568906608297
1568906608312
1568906608327
1568906608342
1568906608357
1568906608373
1568906608387
1568906608402
1568906608417
1568906608432
1568906608447
1568906608462
1568906608476
1568906608489
1568906608503
1568906608516
1568906608530
1568906608545
1568906608559
1568906608573
1568906608587
1568906608601
1568906608615
1568906608628
1568906608643
1568906608657
1568906608671
1568906608685
1568906608699
1568906608714
1568906608728
1568906608742
1568906608757
1568906608772
1568906608786
1568906608800
1568906608813
1568906608828
1568906608843
1568906608856
1568906608870
1568906608885
1568906608899
1568906608914
1568906608927
1568906608941
