1568906611791
1568906611806
1568906611822
1568906611836
1568906611850
1568906611864
1568906611877
1568906611891
1568906611904
1568906611918
1568906611931
1568906611945
1568906611959
1568906611973
1568906611987
1568906612001
1568906612015
1568906612029
1568906612042
1568906612055
1568906612069
1568906612085
1568906612100
1568906612115
1568906612129
1568906612144
1568906612159
1568906612174
1568906612188
1568906612201
1568906612214
1568906612227
1568906612242
1568906612257
1568906612271
1568906612286
1568906612300
1568906612316
1568906612330
1568906612345
1568906612359
1568906612373
1568906612388
1568906612402
1568906612416
1568906612431
1568906612445
1568906612459
1568906612474
1568906612489
1568906612503
1568906612517
1568906612531
1568906612546
1568906612560
1568906612574
1568906612588
1568906612602
1568906612619
1568906612633
1568906612647
1568906612661
1568906612677
1568906612692
1568906612706
1568906612720
1568906612736
1568906612750
1568906612764
1568906612778
1568906612793
1568906612809
1568906612823
1568906612839
1568906612855
1568906612869
1568906612884
1568906612899
1568906612914
1568906612929
1568906612943
1568906612959
1568906612974
1568906612989
1568906613005
1568906613020
1568906613035
1568906613051
1568906613065
1568906613080
1568906613095
1568906613110
1568906613125
1568906613141
1568906613155
1568906613170
1568906613185
1568906613202
1568906613217
1568906613233
1568906613248
1568906613263
1568906613277
1568906613292
1568906613308
1568906613323
1568906613338
1568906613354
1568906613368
1568906613384
1568906613399
1568906613414
1568906613429
1568906613445
1568906613459
1568906613473
1568906613487
1568906613501
1568906613514
1568906613529
1568906613543
1568906613557
1568906613571
1568906613585
1568906613598
1568906613612
1568906613625
1568906613639
1568906613653
1568906613667
1568906613681
1568906613694
1568906613709
1568906613724
1568906613738
1568906613752
1568906613765
1568906613779
1568906613792
1568906613806
1568906613821
1568906613835
1568906613848
1568906613862
1568906613876
1568906613891
1568906613904
1568906613918
1568906613932
1568906613946
