1568906633745
1568906633759
1568906633775
1568906633789
1568906633802
1568906633815
1568906633829
1568906633842
1568906633856
1568906633870
1568906633883
1568906633897
1568906633910
1568906633924
1568906633939
1568906633952
1568906633966
1568906633980
1568906633993
1568906634007
1568906634021
1568906634034
1568906634048
1568906634061
1568906634075
1568906634090
1568906634104
1568906634117
1568906634131
1568906634145
1568906634158
1568906634172
1568906634186
1568906634199
1568906634213
1568906634226
1568906634239
1568906634253
1568906634267
1568906634280
1568906634297
1568906634313
1568906634329
1568906634344
1568906634361
1568906634376
1568906634391
1568906634408
1568906634424
1568906634443
1568906634460
1568906634475
1568906634492
1568906634508
1568906634523
1568906634540
1568906634555
1568906634572
1568906634588
1568906634606
1568906634621
1568906634639
1568906634655
1568906634671
1568906634686
1568906634703
1568906634718
1568906634733
1568906634747
1568906634762
1568906634776
1568906634791
1568906634806
1568906634821
1568906634836
1568906634850
1568906634864
1568906634879
1568906634893
1568906634908
1568906634923
1568906634938
1568906634953
1568906634968
1568906634983
1568906634999
1568906635014
1568906635029
1568906635044
1568906635059
1568906635074
1568906635088
1568906635102
1568906635116
1568906635130
1568906635145
1568906635160
1568906635176
1568906635191
1568906635207
1568906635222
1568906635236
1568906635251
1568906635265
1568906635281
1568906635295
1568906635309
1568906635324
1568906635338
1568906635354
1568906635369
1568906635384
1568906635399
1568906635413
1568906635427
1568906635441
1568906635455
1568906635469
1568906635482
1568906635496
1568906635509
1568906635523
1568906635537
1568906635550
1568906635563
1568906635577
1568906635589
1568906635603
1568906635616
1568906635630
1568906635643
1568906635656
1568906635670
1568906635684
1568906635698
1568906635711
1568906635725
1568906635738
1568906635751
1568906635764
1568906635777
1568906635791
1568906635804
1568906635817
1568906635830
1568906635844
1568906635857
1568906635871
1568906635884
1568906635897
