1568906608479
1568906608493
1568906608508
1568906608522
1568906608535
1568906608549
1568906608562
1568906608576
1568906608589
1568906608602
1568906608616
1568906608630
1568906608643
1568906608658
1568906608671
1568906608685
1568906608698
1568906608712
1568906608725
1568906608738
1568906608751
1568906608765
1568906608779
1568906608792
1568906608805
1568906608820
1568906608834
1568906608848
1568906608861
1568906608875
1568906608888
1568906608901
1568906608915
1568906608928
1568906608941
1568906608957
1568906608973
1568906608988
1568906609002
1568906609018
1568906609033
1568906609048
1568906609062
1568906609077
1568906609092
1568906609107
1568906609121
1568906609135
1568906609149
1568906609165
1568906609180
1568906609195
1568906609210
1568906609225
1568906609239
1568906609254
1568906609271
1568906609286
1568906609301
1568906609316
1568906609331
1568906609348
1568906609363
1568906609378
1568906609392
1568906609408
1568906609422
1568906609437
1568906609452
1568906609467
1568906609482
1568906609496
1568906609512
1568906609527
1568906609542
1568906609557
1568906609572
1568906609587
1568906609601
1568906609615
1568906609630
1568906609645
1568906609660
1568906609676
1568906609691
1568906609707
1568906609722
1568906609737
1568906609752
1568906609768
1568906609783
1568906609798
1568906609813
1568906609829
1568906609844
1568906609860
1568906609875
1568906609891
1568906609906
1568906609921
1568906609936
1568906609952
1568906609967
1568906609982
1568906609996
1568906610011
1568906610026
1568906610042
1568906610057
1568906610073
1568906610089
1568906610104
1568906610119
1568906610132
1568906610145
1568906610159
1568906610172
1568906610185
1568906610198
1568906610211
1568906610224
1568906610238
1568906610252
1568906610265
1568906610278
1568906610292
1568906610305
1568906610318
1568906610331
1568906610345
1568906610358
1568906610372
1568906610385
1568906610400
1568906610414
1568906610428
1568906610442
1568906610455
1568906610469
1568906610482
1568906610495
1568906610509
1568906610522
1568906610535
1568906610548
1568906610564
1568906610578
1568906610592
1568906610605
1568906610620
