1568647755355
1568647755366
1568647755380
1568647755392
1568647755404
1568647755417
1568647755428
1568647755440
1568647755452
1568647755464
1568647755475
1568647755487
1568647755499
1568647755511
1568647755522
1568647755534
1568647755546
1568647755557
1568647755568
1568647755580
1568647755595
1568647755607
1568647755617
1568647755629
1568647755641
1568647755654
1568647755665
1568647755677
1568647755689
1568647755701
1568647755713
1568647755724
1568647755735
1568647755747
1568647755759
1568647755770
1568647755781
1568647755794
1568647755807
1568647755819
1568647755831
1568647755844
1568647755855
1568647755867
1568647755879
1568647755891
1568647755903
1568647755914
1568647755926
1568647755939
1568647755951
1568647755964
1568647755976
1568647755989
1568647755999
1568647756011
1568647756023
1568647756035
1568647756047
1568647756058
1568647756070
1568647756083
1568647756096
1568647756109
1568647756121
1568647756134
1568647756146
1568647756159
1568647756170
1568647756182
1568647756194
1568647756206
1568647756220
1568647756233
1568647756246
1568647756259
1568647756271
1568647756282
1568647756294
1568647756307
1568647756320
1568647756332
1568647756346
1568647756358
1568647756371
1568647756384
1568647756398
1568647756411
1568647756423
1568647756435
1568647756448
1568647756460
1568647756472
1568647756485
1568647756498
1568647756511
1568647756524
1568647756538
1568647756550
1568647756563
1568647756576
1568647756589
1568647756602
1568647756615
1568647756628
1568647756641
1568647756653
1568647756666
1568647756679
1568647756693
1568647756706
1568647756720
1568647756732
1568647756745
1568647756758
1568647756772
1568647756784
1568647756797
1568647756810
1568647756823
1568647756836
1568647756848
1568647756860
1568647756873
1568647756886
1568647756899
1568647756912
1568647756925
1568647756938
1568647756951
1568647756963
1568647756976
1568647756989
1568647757002
1568647757013
1568647757024
1568647757036
1568647757047
1568647757059
1568647757071
1568647757083
1568647757094
1568647757106
1568647757119
1568647757132
1568647757146
1568647757158
1568647757170
1568647757182
1568647757193
