1568647778578
1568647778590
1568647778604
1568647778615
1568647778627
1568647778640
1568647778652
1568647778664
1568647778675
1568647778687
1568647778698
1568647778712
1568647778725
1568647778737
1568647778749
1568647778762
1568647778775
1568647778788
1568647778800
1568647778812
1568647778824
1568647778835
1568647778847
1568647778860
1568647778873
1568647778887
1568647778900
1568647778913
1568647778926
1568647778939
1568647778951
1568647778966
1568647778979
1568647778991
1568647779005
1568647779017
1568647779030
1568647779043
1568647779055
1568647779068
1568647779079
1568647779091
1568647779103
1568647779160
1568647779212
1568647779244
1568647779267
1568647779286
1568647779306
1568647779323
1568647779338
1568647779352
1568647779364
1568647779376
1568647779387
1568647779398
1568647779410
1568647779422
1568647779433
1568647779444
1568647779456
1568647779469
1568647779481
1568647779492
1568647779504
1568647779516
1568647779529
1568647779542
1568647779554
1568647779564
1568647779576
1568647779587
1568647779600
1568647779612
1568647779624
1568647779636
1568647779648
1568647779661
1568647779673
1568647779685
1568647779696
1568647779708
1568647779720
1568647779733
1568647779746
1568647779760
1568647779773
1568647779785
1568647779798
1568647779811
1568647779824
1568647779837
1568647779851
1568647779864
1568647779877
1568647779890
1568647779903
1568647779917
1568647779930
1568647779942
1568647779955
1568647779968
1568647779980
1568647779992
1568647780006
1568647780020
1568647780034
1568647780047
1568647780060
1568647780074
1568647780088
1568647780101
1568647780114
1568647780127
1568647780140
1568647780152
1568647780166
1568647780179
1568647780192
1568647780207
1568647780220
1568647780234
1568647780246
1568647780260
1568647780274
1568647780288
1568647780301
1568647780313
1568647780326
1568647780340
1568647780353
1568647780366
1568647780380
1568647780394
1568647780407
1568647780421
1568647780434
1568647780446
1568647780459
1568647780473
1568647780486
1568647780500
1568647780512
1568647780526
1568647780538
1568647780551
1568647780563
1568647780575
1568647780588
1568647780602
