1568647797116
1568647797128
1568647797144
1568647797156
1568647797169
1568647797181
1568647797194
1568647797206
1568647797219
1568647797231
1568647797244
1568647797257
1568647797269
1568647797282
1568647797296
1568647797308
1568647797321
1568647797334
1568647797347
1568647797360
1568647797372
1568647797386
1568647797400
1568647797412
1568647797425
1568647797439
1568647797452
1568647797464
1568647797475
1568647797486
1568647797497
1568647797509
1568647797521
1568647797532
1568647797543
1568647797555
1568647797566
1568647797577
1568647797589
1568647797601
1568647797613
1568647797625
1568647797635
1568647797647
1568647797659
1568647797669
1568647797682
1568647797694
1568647797707
1568647797720
1568647797732
1568647797745
1568647797757
1568647797768
1568647797780
1568647797793
1568647797805
1568647797818
1568647797830
1568647797840
1568647797853
1568647797866
1568647797878
1568647797891
1568647797903
1568647797915
1568647797926
1568647797938
1568647797952
1568647797965
1568647797978
1568647797991
1568647798003
1568647798016
1568647798029
1568647798042
1568647798053
1568647798065
1568647798076
1568647798089
1568647798102
1568647798114
1568647798126
1568647798139
1568647798152
1568647798166
1568647798178
1568647798191
1568647798204
1568647798217
1568647798230
1568647798242
1568647798254
1568647798266
1568647798278
1568647798291
1568647798348
1568647798396
1568647798430
1568647798455
1568647798475
1568647798493
1568647798508
1568647798523
1568647798536
1568647798550
1568647798562
1568647798575
1568647798588
1568647798602
1568647798614
1568647798628
1568647798641
1568647798654
1568647798667
1568647798679
1568647798692
1568647798705
1568647798717
1568647798730
1568647798743
1568647798757
1568647798771
1568647798784
1568647798797
1568647798811
1568647798825
1568647798838
1568647798850
1568647798863
1568647798876
1568647798887
1568647798899
1568647798912
1568647798926
1568647798938
1568647798951
1568647798964
1568647798977
1568647798990
1568647799004
1568647799016
1568647799029
1568647799041
1568647799053
1568647799065
1568647799078
1568647799090
1568647799103
1568647799114
