1568647747267
1568647747280
1568647747293
1568647747305
1568647747317
1568647747328
1568647747340
1568647747351
1568647747362
1568647747374
1568647747385
1568647747396
1568647747408
1568647747420
1568647747433
1568647747445
1568647747456
1568647747469
1568647747484
1568647747497
1568647747508
1568647747521
1568647747532
1568647747544
1568647747557
1568647747570
1568647747582
1568647747594
1568647747607
1568647747619
1568647747631
1568647747642
1568647747654
1568647747667
1568647747679
1568647747690
1568647747702
1568647747714
1568647747726
1568647747738
1568647747750
1568647747761
1568647747773
1568647747785
1568647747798
1568647747810
1568647747823
1568647747834
1568647747847
1568647747861
1568647747877
1568647747891
1568647747904
1568647747917
1568647747929
1568647747940
1568647747952
1568647747964
1568647747977
1568647747995
1568647748006
1568647748024
1568647748039
1568647748054
1568647748066
1568647748078
1568647748091
1568647748104
1568647748116
1568647748129
1568647748141
1568647748154
1568647748167
1568647748181
1568647748194
1568647748208
1568647748220
1568647748234
1568647748247
1568647748260
1568647748272
1568647748284
1568647748296
1568647748308
1568647748320
1568647748333
1568647748345
1568647748360
1568647748377
1568647748396
1568647748410
1568647748430
1568647748446
1568647748471
1568647748486
1568647748499
1568647748517
1568647748540
1568647748559
1568647748573
1568647748587
1568647748602
1568647748616
1568647748645
1568647748656
1568647748669
1568647748686
1568647748701
1568647748714
1568647748728
1568647748741
1568647748755
1568647748768
1568647748781
1568647748793
1568647748807
1568647748819
1568647748833
1568647748846
1568647748859
1568647748873
1568647748886
1568647748898
1568647748910
1568647748922
1568647748934
1568647748946
1568647748957
1568647748969
1568647748981
1568647748992
1568647749005
1568647749017
1568647749030
1568647749042
1568647749054
1568647749065
1568647749077
1568647749090
1568647749102
1568647749113
1568647749124
1568647749135
1568647749147
1568647749159
1568647749171
1568647749183
1568647749197
1568647749209
1568647749220
