1568647745638
1568647745650
1568647745663
1568647745675
1568647745687
1568647745698
1568647745709
1568647745721
1568647745732
1568647745744
1568647745755
1568647745767
1568647745779
1568647745791
1568647745802
1568647745814
1568647745826
1568647745838
1568647745849
1568647745860
1568647745872
1568647745883
1568647745894
1568647745906
1568647745918
1568647745931
1568647745943
1568647745956
1568647745966
1568647745978
1568647745990
1568647746002
1568647746013
1568647746024
1568647746036
1568647746048
1568647746059
1568647746071
1568647746083
1568647746095
1568647746107
1568647746117
1568647746129
1568647746141
1568647746152
1568647746163
1568647746175
1568647746187
1568647746199
1568647746211
1568647746222
1568647746234
1568647746246
1568647746257
1568647746268
1568647746281
1568647746293
1568647746305
1568647746318
1568647746330
1568647746341
1568647746354
1568647746366
1568647746378
1568647746390
1568647746402
1568647746412
1568647746425
1568647746437
1568647746449
1568647746459
1568647746471
1568647746483
1568647746496
1568647746507
1568647746521
1568647746532
1568647746545
1568647746557
1568647746570
1568647746582
1568647746595
1568647746610
1568647746626
1568647746642
1568647746657
1568647746672
1568647746686
1568647746700
1568647746714
1568647746728
1568647746742
1568647746756
1568647746770
1568647746785
1568647746799
1568647746817
1568647746837
1568647746851
1568647746865
1568647746879
1568647746893
1568647746909
1568647746925
1568647746939
1568647746952
1568647746965
1568647746979
1568647746991
1568647747006
1568647747018
1568647747033
1568647747046
1568647747058
1568647747071
1568647747084
1568647747097
1568647747110
1568647747123
1568647747136
1568647747149
1568647747163
1568647747177
1568647747189
1568647747202
1568647747216
1568647747229
1568647747242
1568647747255
1568647747268
1568647747280
1568647747292
1568647747304
1568647747316
1568647747328
1568647747340
1568647747352
1568647747364
1568647747376
1568647747387
1568647747399
1568647747411
1568647747423
1568647747435
1568647747448
1568647747461
1568647747473
1568647747488
1568647747500
1568647747512
