1568647775175
1568647775187
1568647775200
1568647775212
1568647775224
1568647775235
1568647775248
1568647775261
1568647775274
1568647775286
1568647775299
1568647775311
1568647775324
1568647775337
1568647775350
1568647775363
1568647775377
1568647775390
1568647775402
1568647775415
1568647775426
1568647775439
1568647775451
1568647775463
1568647775475
1568647775489
1568647775503
1568647775516
1568647775528
1568647775540
1568647775551
1568647775564
1568647775576
1568647775589
1568647775602
1568647775614
1568647775627
1568647775641
1568647775654
1568647775667
1568647775682
1568647775695
1568647775708
1568647775721
1568647775733
1568647775746
1568647775758
1568647775769
1568647775781
1568647775794
1568647775807
1568647775822
1568647775834
1568647775847
1568647775861
1568647775874
1568647775886
1568647775899
1568647775912
1568647775926
1568647775940
1568647775952
1568647775965
1568647775979
1568647775993
1568647776009
1568647776023
1568647776037
1568647776049
1568647776062
1568647776075
1568647776087
1568647776101
1568647776114
1568647776127
1568647776140
1568647776153
1568647776166
1568647776178
1568647776191
1568647776202
1568647776214
1568647776227
1568647776240
1568647776254
1568647776268
1568647776280
1568647776293
1568647776305
1568647776318
1568647776331
1568647776345
1568647776358
1568647776371
1568647776383
1568647776397
1568647776410
1568647776424
1568647776439
1568647776452
1568647776465
1568647776478
1568647776490
1568647776502
1568647776515
1568647776528
1568647776541
1568647776555
1568647776570
1568647776583
1568647776596
1568647776609
1568647776622
1568647776634
1568647776648
1568647776662
1568647776675
1568647776689
1568647776702
1568647776715
1568647776728
1568647776742
1568647776755
1568647776767
1568647776780
1568647776793
1568647776806
1568647776819
1568647776833
1568647776847
1568647776861
1568647776875
1568647776888
1568647776902
1568647776915
1568647776927
1568647776940
1568647776953
1568647776967
1568647776980
1568647776993
1568647777006
1568647777019
1568647777032
1568647777046
1568647777060
1568647777073
1568647777086
1568647777099
1568647777113
