1568647785314
1568647785327
1568647785342
1568647785356
1568647785369
1568647785382
1568647785396
1568647785409
1568647785422
1568647785435
1568647785447
1568647785459
1568647785471
1568647785484
1568647785497
1568647785510
1568647785523
1568647785536
1568647785548
1568647785561
1568647785574
1568647785586
1568647785599
1568647785611
1568647785623
1568647785638
1568647785653
1568647785667
1568647785679
1568647785693
1568647785706
1568647785719
1568647785732
1568647785745
1568647785756
1568647785768
1568647785782
1568647785796
1568647785808
1568647785821
1568647785833
1568647785845
1568647785858
1568647785871
1568647785885
1568647785897
1568647785910
1568647785923
1568647785937
1568647785950
1568647785962
1568647785975
1568647785987
1568647785999
1568647786012
1568647786026
1568647786037
1568647786050
1568647786062
1568647786112
1568647786167
1568647786209
1568647786228
1568647786249
1568647786267
1568647786285
1568647786300
1568647786315
1568647786327
1568647786341
1568647786353
1568647786365
1568647786378
1568647786392
1568647786405
1568647786417
1568647786430
1568647786443
1568647786455
1568647786467
1568647786480
1568647786493
1568647786504
1568647786517
1568647786531
1568647786545
1568647786557
1568647786570
1568647786583
1568647786595
1568647786609
1568647786623
1568647786636
1568647786648
1568647786662
1568647786676
1568647786688
1568647786702
1568647786714
1568647786728
1568647786742
1568647786755
1568647786768
1568647786780
1568647786793
1568647786805
1568647786818
1568647786831
1568647786844
1568647786857
1568647786871
1568647786884
1568647786896
1568647786909
1568647786922
1568647786936
1568647786949
1568647786962
1568647786975
1568647786988
1568647787000
1568647787014
1568647787027
1568647787040
1568647787053
1568647787065
1568647787076
1568647787089
1568647787102
1568647787114
1568647787126
1568647787139
1568647787151
1568647787165
1568647787178
1568647787191
1568647787202
1568647787214
1568647787227
1568647787270
1568647787323
1568647787360
1568647787387
1568647787406
1568647787423
1568647787439
1568647787452
1568647787465
1568647787477
1568647787489
