1568220170121
1568220170133
1568220170146
1568220170158
1568220170170
1568220170181
1568220170193
1568220170205
1568220170216
1568220170228
1568220170239
1568220170251
1568220170262
1568220170275
1568220170287
1568220170299
1568220170310
1568220170322
1568220170334
1568220170345
1568220170357
1568220170369
1568220170380
1568220170392
1568220170404
1568220170417
1568220170429
1568220170440
1568220170452
1568220170464
1568220170476
1568220170489
1568220170500
1568220170512
1568220170524
1568220170536
1568220170548
1568220170561
1568220170572
1568220170584
1568220170596
1568220170609
1568220170621
1568220170633
1568220170646
1568220170657
1568220170669
1568220170681
1568220170693
1568220170706
1568220170719
1568220170731
1568220170742
1568220170754
1568220170766
1568220170779
1568220170791
1568220170802
1568220170814
1568220170826
1568220170838
1568220170851
1568220170863
1568220170874
1568220170886
1568220170898
1568220170910
1568220170923
1568220170934
1568220170946
1568220170958
1568220170970
1568220170982
1568220170995
1568220171006
1568220171018
1568220171030
1568220171042
1568220171055
1568220171068
1568220171081
1568220171095
1568220171108
1568220171121
1568220171134
1568220171148
1568220171161
1568220171175
1568220171189
1568220171202
1568220171215
1568220171228
1568220171241
1568220171255
1568220171268
1568220171282
1568220171294
1568220171309
1568220171322
1568220171336
1568220171349
1568220171362
1568220171376
1568220171389
1568220171402
1568220171416
1568220171429
1568220171443
1568220171456
1568220171470
1568220171484
1568220171497
1568220171510
1568220171524
1568220171537
1568220171550
1568220171564
1568220171577
1568220171590
1568220171603
1568220171616
1568220171630
1568220171644
1568220171657
1568220171670
1568220171683
1568220171696
1568220171708
1568220171720
1568220171733
1568220171746
1568220171758
1568220171770
1568220171784
1568220171796
1568220171808
1568220171821
1568220171834
1568220171846
1568220171858
1568220171870
1568220171883
1568220171896
1568220171908
1568220171920
1568220171933
1568220171945
1568220171958
1568220171971
1568220171983
