1568220174842
1568220174853
1568220174867
1568220174879
1568220174890
1568220174902
1568220174913
1568220174925
1568220174936
1568220174948
1568220174960
1568220174972
1568220174984
1568220174996
1568220175008
1568220175021
1568220175033
1568220175046
1568220175057
1568220175069
1568220175081
1568220175093
1568220175105
1568220175116
1568220175128
1568220175141
1568220175153
1568220175166
1568220175178
1568220175189
1568220175202
1568220175214
1568220175225
1568220175236
1568220175248
1568220175260
1568220175272
1568220175285
1568220175296
1568220175308
1568220175320
1568220175332
1568220175344
1568220175354
1568220175366
1568220175378
1568220175390
1568220175403
1568220175414
1568220175426
1568220175439
1568220175450
1568220175462
1568220175473
1568220175484
1568220175495
1568220175506
1568220175518
1568220175529
1568220175541
1568220175553
1568220175565
1568220175577
1568220175590
1568220175602
1568220175614
1568220175627
1568220175640
1568220175653
1568220175664
1568220175676
1568220175688
1568220175700
1568220175713
1568220175725
1568220175738
1568220175749
1568220175761
1568220175773
1568220175785
1568220175798
1568220175811
1568220175825
1568220175838
1568220175850
1568220175864
1568220175877
1568220175891
1568220175904
1568220175917
1568220175930
1568220175943
1568220175955
1568220175968
1568220175982
1568220175995
1568220176008
1568220176022
1568220176036
1568220176049
1568220176062
1568220176076
1568220176088
1568220176102
1568220176115
1568220176129
1568220176142
1568220176155
1568220176168
1568220176182
1568220176195
1568220176209
1568220176222
1568220176236
1568220176249
1568220176262
1568220176275
1568220176287
1568220176300
1568220176313
1568220176326
1568220176339
1568220176352
1568220176366
1568220176379
1568220176393
1568220176406
1568220176419
1568220176431
1568220176443
1568220176454
1568220176466
1568220176478
1568220176490
1568220176502
1568220176514
1568220176526
1568220176538
1568220176550
1568220176562
1568220176574
1568220176585
1568220176596
1568220176608
1568220176621
1568220176634
1568220176646
1568220176658
1568220176670
1568220176682
