1568220181264
1568220181277
1568220181291
1568220181304
1568220181316
1568220181328
1568220181340
1568220181353
1568220181365
1568220181377
1568220181389
1568220181400
1568220181413
1568220181426
1568220181438
1568220181450
1568220181463
1568220181475
1568220181487
1568220181499
1568220181510
1568220181523
1568220181536
1568220181549
1568220181562
1568220181575
1568220181588
1568220181601
1568220181614
1568220181626
1568220181638
1568220181650
1568220181663
1568220181676
1568220181689
1568220181701
1568220181714
1568220181727
1568220181740
1568220181752
1568220181765
1568220181778
1568220181791
1568220181803
1568220181815
1568220181828
1568220181841
1568220181854
1568220181867
1568220181881
1568220181894
1568220181908
1568220181920
1568220181932
1568220181945
1568220181958
1568220181970
1568220181983
1568220181996
1568220182009
1568220182022
1568220182035
1568220182048
1568220182062
1568220182075
1568220182087
1568220182101
1568220182114
1568220182126
1568220182139
1568220182151
1568220182163
1568220182176
1568220182190
1568220182203
1568220182216
1568220182229
1568220182241
1568220182254
1568220182267
1568220182280
1568220182294
1568220182307
1568220182320
1568220182334
1568220182348
1568220182361
1568220182374
1568220182386
1568220182400
1568220182413
1568220182427
1568220182441
1568220182454
1568220182468
1568220182481
1568220182494
1568220182509
1568220182522
1568220182536
1568220182549
1568220182563
1568220182576
1568220182589
1568220182602
1568220182615
1568220182628
1568220182641
1568220182654
1568220182669
1568220182683
1568220182696
1568220182709
1568220182722
1568220182735
1568220182748
1568220182761
1568220182774
1568220182787
1568220182800
1568220182814
1568220182829
1568220182842
1568220182855
1568220182868
1568220182881
1568220182893
1568220182906
1568220182918
1568220182931
1568220182942
1568220182955
1568220182967
1568220182980
1568220182992
1568220183005
1568220183017
1568220183030
1568220183042
1568220183054
1568220183066
1568220183078
1568220183090
1568220183102
1568220183115
1568220183127
1568220183140
1568220183152
1568220183164
1568220183176
