1568220173272
1568220173286
1568220173300
1568220173312
1568220173323
1568220173336
1568220173348
1568220173360
1568220173372
1568220173384
1568220173396
1568220173408
1568220173420
1568220173433
1568220173445
1568220173457
1568220173468
1568220173480
1568220173509
1568220173522
1568220173534
1568220173547
1568220173560
1568220173573
1568220173600
1568220173613
1568220173624
1568220173637
1568220173650
1568220173662
1568220173674
1568220173687
1568220173699
1568220173711
1568220173723
1568220173735
1568220173747
1568220173760
1568220173773
1568220173786
1568220173799
1568220173811
1568220173825
1568220173838
1568220173850
1568220173864
1568220173876
1568220173887
1568220173900
1568220173912
1568220173925
1568220173938
1568220173950
1568220173963
1568220173976
1568220173989
1568220174000
1568220174011
1568220174023
1568220174035
1568220174048
1568220174060
1568220174071
1568220174083
1568220174096
1568220174108
1568220174121
1568220174133
1568220174144
1568220174156
1568220174168
1568220174180
1568220174193
1568220174205
1568220174217
1568220174229
1568220174241
1568220174254
1568220174266
1568220174279
1568220174292
1568220174304
1568220174317
1568220174331
1568220174344
1568220174357
1568220174370
1568220174384
1568220174397
1568220174410
1568220174423
1568220174436
1568220174449
1568220174462
1568220174475
1568220174488
1568220174502
1568220174516
1568220174530
1568220174543
1568220174556
1568220174569
1568220174582
1568220174595
1568220174608
1568220174621
1568220174634
1568220174647
1568220174660
1568220174674
1568220174688
1568220174701
1568220174715
1568220174728
1568220174741
1568220174754
1568220174767
1568220174781
1568220174794
1568220174807
1568220174820
1568220174834
1568220174847
1568220174859
1568220174872
1568220174884
1568220174896
1568220174908
1568220174920
1568220174933
1568220174946
1568220174958
1568220174970
1568220174983
1568220174995
1568220175008
1568220175021
1568220175033
1568220175045
1568220175057
1568220175070
1568220175082
1568220175094
1568220175106
1568220175119
1568220175132
1568220175145
1568220175157
1568220175169
1568220175182
