1568909673095
1568909673109
1568909673125
1568909673138
1568909673151
1568909673165
1568909673178
1568909673190
1568909673202
1568909673215
1568909673228
1568909673241
1568909673254
1568909673268
1568909673282
1568909673297
1568909673309
1568909673321
1568909673335
1568909673348
1568909673361
1568909673375
1568909673388
1568909673401
1568909673415
1568909673429
1568909673442
1568909673454
1568909673467
1568909673479
1568909673491
1568909673504
1568909673516
1568909673528
1568909673541
1568909673554
1568909673567
1568909673580
1568909673593
1568909673606
1568909673620
1568909673632
1568909673645
1568909673658
1568909673672
1568909673686
1568909673698
1568909673711
1568909673724
1568909673737
1568909673751
1568909673764
1568909673776
1568909673789
1568909673801
1568909673814
1568909673826
1568909673837
1568909673849
1568909673862
1568909673874
1568909673888
1568909673901
1568909673914
1568909673927
1568909673940
1568909673953
1568909673966
1568909673980
1568909673994
1568909674007
1568909674019
1568909674033
1568909674046
1568909674058
1568909674073
1568909674087
1568909674100
1568909674113
1568909674126
1568909674139
1568909674152
1568909674165
1568909674178
1568909674193
1568909674207
1568909674221
1568909674234
1568909674248
1568909674262
1568909674275
1568909674290
1568909674303
1568909674316
1568909674330
1568909674343
1568909674357
1568909674371
1568909674385
1568909674398
1568909674410
1568909674423
1568909674436
1568909674448
1568909674461
1568909674475
1568909674489
1568909674503
1568909674516
1568909674530
1568909674544
1568909674558
1568909674572
1568909674586
1568909674600
1568909674613
1568909674628
1568909674641
1568909674655
1568909674668
1568909674681
1568909674696
1568909674710
1568909674725
1568909674739
1568909674754
1568909674768
1568909674782
1568909674794
1568909674807
1568909674821
1568909674834
1568909674847
1568909674860
1568909674873
1568909674887
1568909674901
1568909674914
1568909674928
1568909674942
1568909674957
1568909674972
1568909674986
1568909675000
1568909675014
1568909675027
1568909675042
1568909675056
1568909675068
1568909675080
