1568909689912
1568909689925
1568909689941
1568909689955
1568909689967
1568909689980
1568909689993
1568909690006
1568909690019
1568909690032
1568909690045
1568909690058
1568909690071
1568909690086
1568909690100
1568909690113
1568909690126
1568909690139
1568909690152
1568909690164
1568909690176
1568909690190
1568909690203
1568909690216
1568909690228
1568909690241
1568909690257
1568909690272
1568909690285
1568909690297
1568909690310
1568909690324
1568909690339
1568909690353
1568909690366
1568909690379
1568909690393
1568909690408
1568909690424
1568909690439
1568909690452
1568909690467
1568909690480
1568909690493
1568909690507
1568909690521
1568909690534
1568909690547
1568909690561
1568909690576
1568909690589
1568909690603
1568909690616
1568909690630
1568909690643
1568909690656
1568909690670
1568909690683
1568909690696
1568909690709
1568909690723
1568909690738
1568909690751
1568909690765
1568909690778
1568909690791
1568909690804
1568909690817
1568909690830
1568909690843
1568909690856
1568909690869
1568909690884
1568909690899
1568909690912
1568909690926
1568909690941
1568909690954
1568909690967
1568909690979
1568909690990
1568909691001
1568909691013
1568909691024
1568909691037
1568909691050
1568909691063
1568909691076
1568909691090
1568909691102
1568909691115
1568909691126
1568909691138
1568909691149
1568909691161
1568909691173
1568909691184
1568909691196
1568909691208
1568909691220
1568909691232
1568909691244
1568909691256
1568909691268
1568909691280
1568909691292
1568909691303
1568909691315
1568909691327
1568909691339
1568909691351
1568909691363
1568909691374
1568909691386
1568909691398
1568909691410
1568909691422
1568909691434
1568909691447
1568909691461
1568909691474
1568909691488
1568909691500
1568909691513
1568909691525
1568909691538
1568909691551
1568909691564
1568909691577
1568909691590
1568909691602
1568909691615
1568909691628
1568909691641
1568909691653
1568909691666
1568909691678
1568909691691
1568909691703
1568909691716
1568909691728
1568909691741
1568909691754
1568909691767
1568909691780
1568909691793
1568909691807
1568909691819
1568909691832
1568909691845
