1568909638876
1568909638889
1568909638903
1568909638915
1568909638926
1568909638939
1568909638951
1568909638963
1568909638975
1568909638987
1568909638999
1568909639011
1568909639022
1568909639035
1568909639047
1568909639059
1568909639070
1568909639082
1568909639094
1568909639107
1568909639119
1568909639131
1568909639143
1568909639154
1568909639166
1568909639179
1568909639193
1568909639206
1568909639219
1568909639231
1568909639244
1568909639257
1568909639269
1568909639282
1568909639294
1568909639307
1568909639318
1568909639331
1568909639344
1568909639356
1568909639369
1568909639382
1568909639394
1568909639407
1568909639420
1568909639433
1568909639445
1568909639456
1568909639468
1568909639482
1568909639494
1568909639507
1568909639519
1568909639532
1568909639545
1568909639559
1568909639572
1568909639584
1568909639597
1568909639609
1568909639621
1568909639634
1568909639646
1568909639659
1568909639671
1568909639684
1568909639697
1568909639709
1568909639722
1568909639735
1568909639746
1568909639759
1568909639772
1568909639785
1568909639798
1568909639811
1568909639824
1568909639838
1568909639850
1568909639863
1568909639878
1568909639890
1568909639903
1568909639916
1568909639929
1568909639944
1568909639958
1568909639972
1568909639985
1568909639999
1568909640012
1568909640025
1568909640039
1568909640052
1568909640067
1568909640080
1568909640094
1568909640108
1568909640121
1568909640135
1568909640148
1568909640161
1568909640174
1568909640187
1568909640200
1568909640213
1568909640226
1568909640239
1568909640252
1568909640266
1568909640278
1568909640291
1568909640304
1568909640318
1568909640330
1568909640344
1568909640357
1568909640371
1568909640383
1568909640397
1568909640411
1568909640426
1568909640440
1568909640454
1568909640468
1568909640482
1568909640496
1568909640510
1568909640523
1568909640536
1568909640547
1568909640559
1568909640571
1568909640584
1568909640596
1568909640608
1568909640620
1568909640632
1568909640644
1568909640656
1568909640668
1568909640682
1568909640694
1568909640705
1568909640718
1568909640732
1568909640745
1568909640758
1568909640772
1568909640784
