1568909645507
1568909645520
1568909645533
1568909645545
1568909645558
1568909645570
1568909645581
1568909645592
1568909645604
1568909645616
1568909645628
1568909645640
1568909645653
1568909645665
1568909645677
1568909645688
1568909645700
1568909645712
1568909645724
1568909645736
1568909645749
1568909645762
1568909645775
1568909645787
1568909645798
1568909645811
1568909645824
1568909645837
1568909645850
1568909645862
1568909645874
1568909645887
1568909645900
1568909645911
1568909645923
1568909645935
1568909645947
1568909645961
1568909645973
1568909645986
1568909645999
1568909646012
1568909646025
1568909646038
1568909646049
1568909646062
1568909646074
1568909646087
1568909646100
1568909646113
1568909646126
1568909646140
1568909646152
1568909646166
1568909646182
1568909646196
1568909646208
1568909646221
1568909646232
1568909646246
1568909646258
1568909646271
1568909646284
1568909646297
1568909646310
1568909646322
1568909646335
1568909646348
1568909646360
1568909646372
1568909646383
1568909646396
1568909646408
1568909646422
1568909646434
1568909646447
1568909646459
1568909646473
1568909646488
1568909646501
1568909646514
1568909646527
1568909646540
1568909646553
1568909646567
1568909646580
1568909646593
1568909646607
1568909646622
1568909646636
1568909646650
1568909646663
1568909646677
1568909646691
1568909646705
1568909646718
1568909646732
1568909646745
1568909646759
1568909646773
1568909646787
1568909646800
1568909646814
1568909646827
1568909646841
1568909646854
1568909646868
1568909646881
1568909646895
1568909646909
1568909646923
1568909646937
1568909646950
1568909646963
1568909646976
1568909646990
1568909647003
1568909647018
1568909647033
1568909647047
1568909647061
1568909647075
1568909647088
1568909647102
1568909647115
1568909647141
1568909647154
1568909647167
1568909647186
1568909647199
1568909647213
1568909647228
1568909647242
1568909647257
1568909647271
1568909647284
1568909647296
1568909647309
1568909647321
1568909647334
1568909647346
1568909647358
1568909647370
1568909647383
1568909647396
1568909647410
1568909647422
1568909647436
1568909647449
1568909647462
