1568909650416
1568909650428
1568909650442
1568909650455
1568909650468
1568909650481
1568909650493
1568909650506
1568909650518
1568909650531
1568909650544
1568909650557
1568909650569
1568909650583
1568909650595
1568909650607
1568909650620
1568909650633
1568909650645
1568909650658
1568909650670
1568909650682
1568909650694
1568909650708
1568909650721
1568909650734
1568909650747
1568909650760
1568909650772
1568909650784
1568909650797
1568909650811
1568909650823
1568909650837
1568909650849
1568909650862
1568909650874
1568909650888
1568909650901
1568909650914
1568909650927
1568909650939
1568909650952
1568909650965
1568909650976
1568909650988
1568909651001
1568909651013
1568909651026
1568909651039
1568909651052
1568909651066
1568909651079
1568909651091
1568909651104
1568909651117
1568909651130
1568909651143
1568909651156
1568909651168
1568909651179
1568909651192
1568909651205
1568909651218
1568909651231
1568909651245
1568909651258
1568909651271
1568909651283
1568909651296
1568909651308
1568909651321
1568909651333
1568909651347
1568909651360
1568909651372
1568909651385
1568909651398
1568909651413
1568909651427
1568909651440
1568909651453
1568909651466
1568909651479
1568909651492
1568909651506
1568909651519
1568909651532
1568909651545
1568909651559
1568909651572
1568909651585
1568909651598
1568909651611
1568909651625
1568909651638
1568909651652
1568909651666
1568909651679
1568909651692
1568909651705
1568909651718
1568909651731
1568909651744
1568909651758
1568909651772
1568909651786
1568909651799
1568909651812
1568909651827
1568909651840
1568909651854
1568909651867
1568909651880
1568909651893
1568909651907
1568909651920
1568909651934
1568909651947
1568909651960
1568909651974
1568909651988
1568909652001
1568909652015
1568909652028
1568909652042
1568909652054
1568909652066
1568909652079
1568909652091
1568909652102
1568909652117
1568909652131
1568909652144
1568909652157
1568909652169
1568909652181
1568909652193
1568909652205
1568909652218
1568909652230
1568909652242
1568909652254
1568909652267
1568909652279
1568909652293
1568909652306
1568909652320
1568909652333
1568909652345
