1568909669860
1568909669874
1568909669888
1568909669901
1568909669913
1568909669926
1568909669938
1568909669951
1568909669963
1568909669975
1568909669987
1568909670000
1568909670014
1568909670029
1568909670042
1568909670054
1568909670066
1568909670080
1568909670094
1568909670106
1568909670118
1568909670130
1568909670142
1568909670154
1568909670168
1568909670182
1568909670195
1568909670209
1568909670222
1568909670235
1568909670249
1568909670262
1568909670274
1568909670286
1568909670298
1568909670310
1568909670322
1568909670336
1568909670348
1568909670361
1568909670374
1568909670386
1568909670398
1568909670409
1568909670422
1568909670435
1568909670447
1568909670459
1568909670472
1568909670486
1568909670498
1568909670512
1568909670524
1568909670537
1568909670548
1568909670562
1568909670574
1568909670587
1568909670599
1568909670611
1568909670624
1568909670637
1568909670650
1568909670663
1568909670676
1568909670688
1568909670700
1568909670712
1568909670725
1568909670737
1568909670750
1568909670762
1568909670775
1568909670788
1568909670802
1568909670817
1568909670830
1568909670844
1568909670857
1568909670870
1568909670882
1568909670896
1568909670910
1568909670925
1568909670938
1568909670953
1568909670965
1568909670978
1568909670991
1568909671005
1568909671019
1568909671033
1568909671047
1568909671061
1568909671073
1568909671086
1568909671099
1568909671112
1568909671126
1568909671140
1568909671155
1568909671169
1568909671182
1568909671196
1568909671209
1568909671222
1568909671235
1568909671247
1568909671261
1568909671275
1568909671288
1568909671302
1568909671315
1568909671328
1568909671342
1568909671356
1568909671370
1568909671382
1568909671396
1568909671409
1568909671422
1568909671437
1568909671451
1568909671464
1568909671476
1568909671489
1568909671501
1568909671515
1568909671528
1568909671541
1568909671553
1568909671566
1568909671580
1568909671595
1568909671609
1568909671622
1568909671633
1568909671647
1568909671659
1568909671675
1568909671689
1568909671702
1568909671715
1568909671729
1568909671742
1568909671756
1568909671769
1568909671782
1568909671793
1568909671808
