1568909660165
1568909660179
1568909660196
1568909660209
1568909660222
1568909660235
1568909660249
1568909660263
1568909660276
1568909660290
1568909660303
1568909660316
1568909660329
1568909660344
1568909660358
1568909660372
1568909660385
1568909660399
1568909660411
1568909660424
1568909660438
1568909660451
1568909660464
1568909660478
1568909660491
1568909660505
1568909660517
1568909660530
1568909660544
1568909660559
1568909660572
1568909660584
1568909660597
1568909660609
1568909660620
1568909660633
1568909660646
1568909660659
1568909660671
1568909660684
1568909660697
1568909660710
1568909660722
1568909660735
1568909660749
1568909660764
1568909660777
1568909660790
1568909660803
1568909660817
1568909660830
1568909660842
1568909660855
1568909660867
1568909660880
1568909660892
1568909660903
1568909660916
1568909660928
1568909660941
1568909660954
1568909660967
1568909660979
1568909660993
1568909661006
1568909661018
1568909661031
1568909661044
1568909661056
1568909661067
1568909661080
1568909661094
1568909661107
1568909661120
1568909661134
1568909661146
1568909661159
1568909661173
1568909661188
1568909661203
1568909661216
1568909661229
1568909661242
1568909661255
1568909661268
1568909661282
1568909661295
1568909661309
1568909661322
1568909661335
1568909661348
1568909661361
1568909661374
1568909661388
1568909661401
1568909661414
1568909661427
1568909661442
1568909661457
1568909661470
1568909661483
1568909661496
1568909661509
1568909661522
1568909661534
1568909661547
1568909661560
1568909661574
1568909661587
1568909661601
1568909661614
1568909661629
1568909661643
1568909661656
1568909661671
1568909661686
1568909661700
1568909661713
1568909661726
1568909661739
1568909661752
1568909661765
1568909661778
1568909661793
1568909661807
1568909661820
1568909661833
1568909661846
1568909661858
1568909661870
1568909661882
1568909661896
1568909661910
1568909661925
1568909661938
1568909661952
1568909661965
1568909661979
1568909661993
1568909662006
1568909662020
1568909662033
1568909662047
1568909662061
1568909662075
1568909662089
1568909662102
1568909662115
1568909662127
1568909662143
