1570551385161
1570551385173
1570551385186
1570551385197
1570551385208
1570551385219
1570551385229
1570551385240
1570551385251
1570551385262
1570551385273
1570551385283
1570551385295
1570551385306
1570551385317
1570551385328
1570551385339
1570551385350
1570551385362
1570551385375
1570551385386
1570551385397
1570551385409
1570551385420
1570551385431
1570551385443
1570551385454
1570551385466
1570551385476
1570551385488
1570551385499
1570551385509
1570551385521
1570551385532
1570551385543
1570551385555
1570551385566
1570551385579
1570551385591
1570551385602
1570551385614
1570551385625
1570551385637
1570551385647
1570551385659
1570551385670
1570551385681
1570551385692
1570551385704
1570551385716
1570551385727
1570551385739
1570551385750
1570551385761
1570551385772
1570551385784
1570551385794
1570551385805
1570551385817
1570551385828
1570551385839
1570551385851
1570551385862
1570551385875
1570551385885
1570551385897
1570551385908
1570551385920
1570551385930
1570551385941
1570551385953
1570551385963
1570551385975
1570551385987
1570551385998
1570551386009
1570551386020
1570551386032
1570551386042
1570551386054
1570551386065
1570551386076
1570551386087
1570551386099
1570551386110
1570551386122
1570551386134
1570551386147
1570551386159
1570551386171
1570551386183
1570551386196
1570551386208
1570551386220
1570551386232
1570551386244
1570551386257
1570551386269
1570551386282
1570551386295
1570551386307
1570551386318
1570551386331
1570551386344
1570551386356
1570551386369
1570551386381
1570551386394
1570551386407
1570551386420
1570551386433
1570551386447
1570551386459
1570551386473
1570551386486
1570551386499
1570551386512
1570551386525
1570551386537
1570551386550
1570551386562
1570551386576
1570551386588
1570551386601
1570551386613
1570551386626
1570551386638
1570551386651
1570551386664
1570551386676
1570551386689
1570551386701
1570551386713
1570551386726
1570551386738
1570551386750
1570551386762
1570551386774
1570551386786
1570551386797
1570551386809
1570551386821
1570551386832
1570551386844
1570551386856
1570551386868
1570551386881
1570551386893
1570551386906
1570551386917
