1570551396421
1570551396433
1570551396445
1570551396456
1570551396467
1570551396478
1570551396489
1570551396501
1570551396512
1570551396524
1570551396535
1570551396546
1570551396558
1570551396570
1570551396582
1570551396594
1570551396605
1570551396618
1570551396629
1570551396640
1570551396651
1570551396663
1570551396674
1570551396686
1570551396698
1570551396710
1570551396722
1570551396733
1570551396745
1570551396757
1570551396768
1570551396779
1570551396791
1570551396803
1570551396815
1570551396826
1570551396837
1570551396850
1570551396863
1570551396875
1570551396887
1570551396898
1570551396909
1570551396921
1570551396933
1570551396944
1570551396955
1570551396967
1570551396979
1570551396992
1570551397002
1570551397015
1570551397027
1570551397039
1570551397051
1570551397062
1570551397074
1570551397086
1570551397098
1570551397112
1570551397124
1570551397138
1570551397150
1570551397161
1570551397174
1570551397185
1570551397198
1570551397211
1570551397224
1570551397236
1570551397247
1570551397259
1570551397271
1570551397284
1570551397296
1570551397308
1570551397319
1570551397331
1570551397343
1570551397355
1570551397365
1570551397377
1570551397390
1570551397403
1570551397416
1570551397429
1570551397442
1570551397454
1570551397467
1570551397480
1570551397492
1570551397504
1570551397516
1570551397528
1570551397540
1570551397553
1570551397566
1570551397579
1570551397592
1570551397605
1570551397618
1570551397631
1570551397643
1570551397656
1570551397668
1570551397681
1570551397694
1570551397706
1570551397719
1570551397732
1570551397745
1570551397758
1570551397771
1570551397783
1570551397796
1570551397808
1570551397821
1570551397834
1570551397847
1570551397858
1570551397871
1570551397884
1570551397896
1570551397910
1570551397922
1570551397936
1570551397948
1570551397961
1570551397974
1570551397987
1570551398000
1570551398012
1570551398026
1570551398038
1570551398050
1570551398062
1570551398074
1570551398085
1570551398097
1570551398109
1570551398120
1570551398132
1570551398143
1570551398155
1570551398168
1570551398180
1570551398192
1570551398204
1570551398215
1570551398227
