1570551407751
1570551407763
1570551407777
1570551407789
1570551407800
1570551407811
1570551407823
1570551407835
1570551407847
1570551407859
1570551407871
1570551407883
1570551407896
1570551407908
1570551407919
1570551407931
1570551407944
1570551407957
1570551407968
1570551407979
1570551407990
1570551408002
1570551408013
1570551408025
1570551408035
1570551408047
1570551408059
1570551408071
1570551408081
1570551408093
1570551408104
1570551408115
1570551408126
1570551408138
1570551408149
1570551408160
1570551408172
1570551408185
1570551408197
1570551408213
1570551408225
1570551408238
1570551408249
1570551408262
1570551408282
1570551408293
1570551408304
1570551408316
1570551408328
1570551408340
1570551408351
1570551408363
1570551408376
1570551408388
1570551408401
1570551408413
1570551408424
1570551408436
1570551408447
1570551408460
1570551408472
1570551408483
1570551408495
1570551408507
1570551408519
1570551408531
1570551408542
1570551408554
1570551408566
1570551408578
1570551408589
1570551408600
1570551408613
1570551408626
1570551408638
1570551408650
1570551408662
1570551408673
1570551408685
1570551408697
1570551408708
1570551408719
1570551408731
1570551408744
1570551408756
1570551408770
1570551408783
1570551408795
1570551408808
1570551408820
1570551408833
1570551408845
1570551408857
1570551408869
1570551408881
1570551408894
1570551408906
1570551408920
1570551408933
1570551408946
1570551408960
1570551408973
1570551408985
1570551408998
1570551409009
1570551409022
1570551409034
1570551409047
1570551409060
1570551409073
1570551409086
1570551409098
1570551409111
1570551409124
1570551409135
1570551409147
1570551409159
1570551409171
1570551409183
1570551409196
1570551409209
1570551409221
1570551409234
1570551409246
1570551409259
1570551409271
1570551409283
1570551409296
1570551409310
1570551409324
1570551409338
1570551409352
1570551409364
1570551409377
1570551409388
1570551409400
1570551409413
1570551409426
1570551409438
1570551409449
1570551409462
1570551409475
1570551409488
1570551409500
1570551409514
1570551409527
1570551409539
1570551409552
1570551409563
1570551409575
