1570551402908
1570551402920
1570551402933
1570551402945
1570551402956
1570551402968
1570551402981
1570551402993
1570551403005
1570551403018
1570551403030
1570551403042
1570551403054
1570551403067
1570551403079
1570551403093
1570551403105
1570551403118
1570551403130
1570551403140
1570551403152
1570551403163
1570551403174
1570551403186
1570551403198
1570551403210
1570551403223
1570551403233
1570551403245
1570551403257
1570551403269
1570551403279
1570551403291
1570551403303
1570551403315
1570551403327
1570551403338
1570551403351
1570551403362
1570551403374
1570551403386
1570551403397
1570551403409
1570551403421
1570551403433
1570551403444
1570551403456
1570551403467
1570551403479
1570551403492
1570551403503
1570551403515
1570551403527
1570551403539
1570551403551
1570551403562
1570551403573
1570551403585
1570551403597
1570551403608
1570551403620
1570551403632
1570551403644
1570551403657
1570551403667
1570551403679
1570551403690
1570551403700
1570551403712
1570551403723
1570551403734
1570551403745
1570551403757
1570551403770
1570551403782
1570551403795
1570551403806
1570551403817
1570551403830
1570551403842
1570551403854
1570551403865
1570551403878
1570551403890
1570551403903
1570551403917
1570551403930
1570551403943
1570551403955
1570551403967
1570551403980
1570551403993
1570551404005
1570551404018
1570551404030
1570551404042
1570551404055
1570551404068
1570551404081
1570551404095
1570551404107
1570551404120
1570551404132
1570551404146
1570551404159
1570551404172
1570551404185
1570551404199
1570551404212
1570551404225
1570551404237
1570551404250
1570551404263
1570551404276
1570551404288
1570551404301
1570551404313
1570551404326
1570551404338
1570551404350
1570551404363
1570551404376
1570551404388
1570551404402
1570551404415
1570551404428
1570551404440
1570551404452
1570551404465
1570551404477
1570551404490
1570551404501
1570551404515
1570551404528
1570551404539
1570551404551
1570551404562
1570551404575
1570551404586
1570551404598
1570551404610
1570551404622
1570551404633
1570551404644
1570551404656
1570551404667
1570551404679
1570551404690
1570551404702
1570551404713
