1570551417344
1570551417356
1570551417369
1570551417381
1570551417393
1570551417405
1570551417416
1570551417428
1570551417440
1570551417452
1570551417465
1570551417478
1570551417491
1570551417504
1570551417517
1570551417530
1570551417542
1570551417555
1570551417568
1570551417581
1570551417593
1570551417605
1570551417617
1570551417630
1570551417644
1570551417657
1570551417670
1570551417684
1570551417697
1570551417710
1570551417722
1570551417733
1570551417746
1570551417759
1570551417771
1570551417784
1570551417797
1570551417812
1570551417824
1570551417838
1570551417851
1570551417864
1570551417876
1570551417888
1570551417901
1570551417915
1570551417927
1570551417939
1570551417951
1570551417963
1570551417975
1570551417987
1570551418000
1570551418011
1570551418023
1570551418035
1570551418048
1570551418060
1570551418072
1570551418085
1570551418097
1570551418109
1570551418120
1570551418134
1570551418148
1570551418159
1570551418171
1570551418183
1570551418196
1570551418210
1570551418222
1570551418234
1570551418246
1570551418259
1570551418272
1570551418284
1570551418297
1570551418309
1570551418322
1570551418335
1570551418348
1570551418360
1570551418372
1570551418383
1570551418396
1570551418411
1570551418423
1570551418436
1570551418450
1570551418462
1570551418474
1570551418488
1570551418501
1570551418514
1570551418527
1570551418539
1570551418552
1570551418565
1570551418578
1570551418591
1570551418603
1570551418616
1570551418627
1570551418639
1570551418652
1570551418664
1570551418677
1570551418690
1570551418703
1570551418718
1570551418731
1570551418744
1570551418757
1570551418769
1570551418782
1570551418794
1570551418807
1570551418819
1570551418832
1570551418845
1570551418857
1570551418870
1570551418883
1570551418895
1570551418908
1570551418921
1570551418934
1570551418946
1570551418959
1570551418971
1570551418983
1570551418995
1570551419007
1570551419020
1570551419033
1570551419047
1570551419060
1570551419073
1570551419084
1570551419097
1570551419110
1570551419122
1570551419134
1570551419148
1570551419162
1570551419175
1570551419189
1570551419201
1570551419215
1570551419228
