1570551388307
1570551388318
1570551388331
1570551388343
1570551388354
1570551388365
1570551388376
1570551388387
1570551388398
1570551388409
1570551388420
1570551388431
1570551388443
1570551388455
1570551388466
1570551388478
1570551388489
1570551388502
1570551388514
1570551388526
1570551388538
1570551388549
1570551388561
1570551388572
1570551388584
1570551388596
1570551388607
1570551388619
1570551388631
1570551388643
1570551388654
1570551388666
1570551388678
1570551388691
1570551388702
1570551388713
1570551388726
1570551388739
1570551388751
1570551388763
1570551388775
1570551388788
1570551388799
1570551388811
1570551388822
1570551388835
1570551388845
1570551388857
1570551388870
1570551388882
1570551388894
1570551388907
1570551388918
1570551388930
1570551388942
1570551388955
1570551388967
1570551388979
1570551388990
1570551389002
1570551389014
1570551389027
1570551389040
1570551389052
1570551389065
1570551389077
1570551389088
1570551389100
1570551389113
1570551389125
1570551389137
1570551389149
1570551389161
1570551389174
1570551389187
1570551389199
1570551389211
1570551389224
1570551389236
1570551389248
1570551389259
1570551389271
1570551389284
1570551389297
1570551389309
1570551389322
1570551389335
1570551389348
1570551389360
1570551389373
1570551389384
1570551389397
1570551389409
1570551389421
1570551389434
1570551389446
1570551389459
1570551389473
1570551389485
1570551389497
1570551389509
1570551389521
1570551389533
1570551389545
1570551389558
1570551389569
1570551389581
1570551389593
1570551389605
1570551389618
1570551389631
1570551389643
1570551389656
1570551389667
1570551389679
1570551389692
1570551389704
1570551389716
1570551389729
1570551389743
1570551389756
1570551389769
1570551389781
1570551389794
1570551389806
1570551389818
1570551389831
1570551389843
1570551389856
1570551389868
1570551389881
1570551389893
1570551389907
1570551389919
1570551389930
1570551389942
1570551389953
1570551389965
1570551389976
1570551389988
1570551389999
1570551390011
1570551390022
1570551390033
1570551390044
1570551390057
1570551390068
1570551390080
1570551390091
1570551390103
