1570551418916
1570551418930
1570551418944
1570551418956
1570551418968
1570551418980
1570551418991
1570551419002
1570551419014
1570551419026
1570551419038
1570551419051
1570551419064
1570551419077
1570551419089
1570551419102
1570551419114
1570551419127
1570551419140
1570551419153
1570551419165
1570551419178
1570551419191
1570551419203
1570551419216
1570551419230
1570551419245
1570551419258
1570551419270
1570551419282
1570551419295
1570551419307
1570551419318
1570551419330
1570551419342
1570551419353
1570551419364
1570551419377
1570551419390
1570551419402
1570551419414
1570551419426
1570551419437
1570551419448
1570551419460
1570551419473
1570551419486
1570551419498
1570551419509
1570551419522
1570551419534
1570551419547
1570551419559
1570551419570
1570551419582
1570551419594
1570551419606
1570551419619
1570551419631
1570551419643
1570551419653
1570551419666
1570551419678
1570551419692
1570551419704
1570551419716
1570551419728
1570551419739
1570551419751
1570551419763
1570551419774
1570551419785
1570551419797
1570551419810
1570551419823
1570551419836
1570551419848
1570551419860
1570551419871
1570551419883
1570551419894
1570551419908
1570551419920
1570551419932
1570551419945
1570551419959
1570551419971
1570551419983
1570551419994
1570551420007
1570551420018
1570551420030
1570551420043
1570551420055
1570551420067
1570551420079
1570551420092
1570551420106
1570551420119
1570551420132
1570551420144
1570551420157
1570551420169
1570551420181
1570551420193
1570551420206
1570551420219
1570551420232
1570551420245
1570551420259
1570551420271
1570551420284
1570551420296
1570551420309
1570551420322
1570551420335
1570551420348
1570551420361
1570551420374
1570551420387
1570551420401
1570551420415
1570551420428
1570551420441
1570551420454
1570551420467
1570551420479
1570551420492
1570551420504
1570551420518
1570551420531
1570551420543
1570551420557
1570551420571
1570551420585
1570551420598
1570551420610
1570551420623
1570551420635
1570551420648
1570551420660
1570551420672
1570551420684
1570551420697
1570551420709
1570551420722
1570551420734
1570551420747
1570551420759
1570551420772
