1568390099718
1568390099732
1568390099747
1568390099759
1568390099772
1568390099786
1568390099798
1568390099812
1568390099825
1568390099839
1568390099852
1568390099865
1568390099878
1568390099892
1568390099906
1568390099920
1568390099933
1568390099946
1568390099960
1568390099973
1568390099986
1568390100000
1568390100013
1568390100026
1568390100038
1568390100051
1568390100063
1568390100076
1568390100089
1568390100103
1568390100116
1568390100130
1568390100143
1568390100157
1568390100170
1568390100183
1568390100196
1568390100210
1568390100224
1568390100237
1568390100251
1568390100264
1568390100277
1568390100291
1568390100305
1568390100319
1568390100332
1568390100344
1568390100357
1568390100371
1568390100384
1568390100397
1568390100410
1568390100423
1568390100436
1568390100450
1568390100463
1568390100476
1568390100489
1568390100503
1568390100515
1568390100530
1568390100545
1568390100559
1568390100572
1568390100586
1568390100599
1568390100613
1568390100626
1568390100639
1568390100652
1568390100666
1568390100681
1568390100697
1568390100712
1568390100726
1568390100741
1568390100755
1568390100768
1568390100782
1568390100796
1568390100809
1568390100823
1568390100836
1568390100850
1568390100864
1568390100878
1568390100893
1568390100906
1568390100921
1568390100935
1568390100949
1568390100962
1568390100976
1568390100990
1568390101003
1568390101017
1568390101032
1568390101045
1568390101060
1568390101074
1568390101088
1568390101102
1568390101116
1568390101131
1568390101146
1568390101160
1568390101174
1568390101188
1568390101204
1568390101218
1568390101232
1568390101246
1568390101260
1568390101274
1568390101288
1568390101302
1568390101317
1568390101330
1568390101343
1568390101356
1568390101369
1568390101381
1568390101394
1568390101406
1568390101419
1568390101432
1568390101444
1568390101456
1568390101469
1568390101482
1568390101495
1568390101509
1568390101523
1568390101537
1568390101551
1568390101565
1568390101578
1568390101591
1568390101603
1568390101615
1568390101627
1568390101639
1568390101653
1568390101666
1568390101680
1568390101693
1568390101707
1568390101719
1568390101732
