1568390070923
1568390070935
1568390070948
1568390070960
1568390070972
1568390070984
1568390070996
1568390071009
1568390071021
1568390071033
1568390071045
1568390071057
1568390071069
1568390071082
1568390071094
1568390071106
1568390071118
1568390071131
1568390071143
1568390071155
1568390071167
1568390071179
1568390071191
1568390071204
1568390071216
1568390071229
1568390071241
1568390071253
1568390071265
1568390071277
1568390071291
1568390071303
1568390071316
1568390071329
1568390071342
1568390071355
1568390071368
1568390071382
1568390071395
1568390071408
1568390071421
1568390071434
1568390071447
1568390071461
1568390071474
1568390071487
1568390071500
1568390071514
1568390071527
1568390071540
1568390071553
1568390071566
1568390071579
1568390071592
1568390071606
1568390071619
1568390071631
1568390071645
1568390071658
1568390071671
1568390071684
1568390071698
1568390071711
1568390071724
1568390071737
1568390071750
1568390071763
1568390071777
1568390071789
1568390071804
1568390071817
1568390071830
1568390071843
1568390071858
1568390071871
1568390071885
1568390071899
1568390071914
1568390071927
1568390071941
1568390071955
1568390071968
1568390071981
1568390071995
1568390072009
1568390072024
1568390072040
1568390072054
1568390072068
1568390072082
1568390072096
1568390072110
1568390072124
1568390072138
1568390072151
1568390072165
1568390072179
1568390072193
1568390072207
1568390072221
1568390072234
1568390072248
1568390072261
1568390072275
1568390072289
1568390072303
1568390072317
1568390072331
1568390072345
1568390072359
1568390072374
1568390072388
1568390072402
1568390072416
1568390072430
1568390072444
1568390072458
1568390072471
1568390072484
1568390072498
1568390072511
1568390072526
1568390072540
1568390072554
1568390072567
1568390072580
1568390072592
1568390072606
1568390072619
1568390072632
1568390072646
1568390072659
1568390072671
1568390072685
1568390072698
1568390072711
1568390072723
1568390072736
1568390072749
1568390072763
1568390072776
1568390072790
1568390072802
1568390072815
1568390072828
1568390072842
1568390072855
1568390072868
1568390072881
1568390072894
