1568390085391
1568390085405
1568390085420
1568390085434
1568390085447
1568390085460
1568390085473
1568390085487
1568390085501
1568390085514
1568390085527
1568390085540
1568390085553
1568390085567
1568390085580
1568390085593
1568390085607
1568390085622
1568390085637
1568390085650
1568390085664
1568390085678
1568390085692
1568390085706
1568390085719
1568390085734
1568390085749
1568390085763
1568390085777
1568390085790
1568390085803
1568390085818
1568390085833
1568390085847
1568390085862
1568390085876
1568390085889
1568390085904
1568390085918
1568390085932
1568390085946
1568390085959
1568390085972
1568390085985
1568390085998
1568390086010
1568390086023
1568390086038
1568390086051
1568390086065
1568390086079
1568390086094
1568390086107
1568390086120
1568390086134
1568390086147
1568390086160
1568390086174
1568390086187
1568390086200
1568390086214
1568390086229
1568390086243
1568390086257
1568390086271
1568390086283
1568390086296
1568390086310
1568390086323
1568390086336
1568390086350
1568390086364
1568390086378
1568390086392
1568390086406
1568390086420
1568390086434
1568390086448
1568390086461
1568390086477
1568390086491
1568390086505
1568390086519
1568390086534
1568390086548
1568390086563
1568390086577
1568390086592
1568390086606
1568390086620
1568390086635
1568390086650
1568390086664
1568390086678
1568390086693
1568390086707
1568390086721
1568390086736
1568390086750
1568390086765
1568390086780
1568390086794
1568390086808
1568390086822
1568390086836
1568390086850
1568390086864
1568390086878
1568390086893
1568390086908
1568390086922
1568390086937
1568390086950
1568390086965
1568390086979
1568390086993
1568390087007
1568390087021
1568390087036
1568390087051
1568390087065
1568390087081
1568390087096
1568390087110
1568390087125
1568390087139
1568390087152
1568390087166
1568390087180
1568390087196
1568390087211
1568390087226
1568390087243
1568390087259
1568390087275
1568390087289
1568390087302
1568390087315
1568390087329
1568390087342
1568390087356
1568390087369
1568390087381
1568390087394
1568390087407
1568390087420
1568390087433
1568390087446
1568390087458
1568390087471
