1568907127543
1568907127556
1568907127569
1568907127581
1568907127593
1568907127605
1568907127617
1568907127629
1568907127641
1568907127653
1568907127665
1568907127678
1568907127690
1568907127703
1568907127716
1568907127728
1568907127740
1568907127752
1568907127764
1568907127777
1568907127790
1568907127803
1568907127814
1568907127827
1568907127839
1568907127852
1568907127864
1568907127880
1568907127893
1568907127906
1568907127919
1568907127932
1568907127945
1568907127957
1568907127969
1568907127981
1568907127993
1568907128007
1568907128020
1568907128032
1568907128045
1568907128057
1568907128070
1568907128083
1568907128094
1568907128106
1568907128119
1568907128131
1568907128144
1568907128157
1568907128170
1568907128182
1568907128195
1568907128209
1568907128221
1568907128234
1568907128246
1568907128258
1568907128270
1568907128283
1568907128295
1568907128309
1568907128321
1568907128334
1568907128346
1568907128359
1568907128370
1568907128383
1568907128395
1568907128407
1568907128420
1568907128433
1568907128445
1568907128459
1568907128472
1568907128484
1568907128497
1568907128509
1568907128523
1568907128536
1568907128550
1568907128563
1568907128576
1568907128590
1568907128603
1568907128617
1568907128630
1568907128645
1568907128658
1568907128671
1568907128684
1568907128698
1568907128710
1568907128724
1568907128737
1568907128751
1568907128764
1568907128778
1568907128792
1568907128805
1568907128818
1568907128832
1568907128846
1568907128860
1568907128873
1568907128886
1568907128899
1568907128913
1568907128926
1568907128941
1568907128954
1568907128968
1568907128981
1568907128995
1568907129008
1568907129021
1568907129035
1568907129048
1568907129062
1568907129076
1568907129089
1568907129103
1568907129117
1568907129131
1568907129144
1568907129157
1568907129169
1568907129182
1568907129194
1568907129206
1568907129219
1568907129231
1568907129243
1568907129256
1568907129269
1568907129282
1568907129294
1568907129307
1568907129320
1568907129332
1568907129344
1568907129356
1568907129369
1568907129382
1568907129394
1568907129408
1568907129421
1568907129434
1568907129447
1568907129460
