1568907158347
1568907158361
1568907158375
1568907158390
1568907158405
1568907158419
1568907158432
1568907158446
1568907158459
1568907158472
1568907158484
1568907158496
1568907158508
1568907158521
1568907158533
1568907158545
1568907158558
1568907158572
1568907158588
1568907158602
1568907158616
1568907158629
1568907158641
1568907158655
1568907158668
1568907158682
1568907158696
1568907158711
1568907158724
1568907158738
1568907158751
1568907158764
1568907158776
1568907158788
1568907158801
1568907158813
1568907158826
1568907158841
1568907158855
1568907158869
1568907158881
1568907158895
1568907158910
1568907158923
1568907158936
1568907158948
1568907158960
1568907158973
1568907158987
1568907159000
1568907159012
1568907159026
1568907159038
1568907159051
1568907159064
1568907159078
1568907159092
1568907159106
1568907159121
1568907159137
1568907159155
1568907159173
1568907159191
1568907159205
1568907159219
1568907159234
1568907159250
1568907159264
1568907159280
1568907159294
1568907159308
1568907159322
1568907159336
1568907159351
1568907159364
1568907159379
1568907159393
1568907159407
1568907159420
1568907159434
1568907159447
1568907159461
1568907159474
1568907159489
1568907159502
1568907159517
1568907159532
1568907159548
1568907159562
1568907159576
1568907159589
1568907159603
1568907159617
1568907159631
1568907159645
1568907159658
1568907159671
1568907159686
1568907159701
1568907159716
1568907159730
1568907159744
1568907159758
1568907159772
1568907159786
1568907159801
1568907159814
1568907159828
1568907159844
1568907159859
1568907159873
1568907159887
1568907159901
1568907159915
1568907159929
1568907159943
1568907159957
1568907159969
1568907159982
1568907159996
1568907160011
1568907160026
1568907160040
1568907160055
1568907160069
1568907160082
1568907160096
1568907160108
1568907160120
1568907160132
1568907160147
1568907160161
1568907160174
1568907160187
1568907160200
1568907160212
1568907160226
1568907160238
1568907160251
1568907160266
1568907160280
1568907160293
1568907160306
1568907160318
1568907160330
1568907160345
1568907160358
1568907160371
1568907160385
1568907160398
