1568907176268
1568907176283
1568907176301
1568907176316
1568907176330
1568907176346
1568907176361
1568907176376
1568907176391
1568907176406
1568907176421
1568907176437
1568907176450
1568907176464
1568907176480
1568907176495
1568907176510
1568907176524
1568907176538
1568907176553
1568907176567
1568907176581
1568907176597
1568907176612
1568907176627
1568907176643
1568907176658
1568907176673
1568907176688
1568907176703
1568907176718
1568907176734
1568907176749
1568907176764
1568907176778
1568907176793
1568907176809
1568907176826
1568907176840
1568907176855
1568907176868
1568907176883
1568907176895
1568907176909
1568907176925
1568907176939
1568907176954
1568907176969
1568907176984
1568907176999
1568907177012
1568907177025
1568907177040
1568907177055
1568907177068
1568907177080
1568907177096
1568907177111
1568907177125
1568907177138
1568907177151
1568907177165
1568907177179
1568907177193
1568907177207
1568907177221
1568907177234
1568907177249
1568907177262
1568907177276
1568907177291
1568907177305
1568907177319
1568907177333
1568907177346
1568907177359
1568907177373
1568907177385
1568907177399
1568907177412
1568907177426
1568907177441
1568907177455
1568907177469
1568907177482
1568907177496
1568907177510
1568907177523
1568907177538
1568907177552
1568907177566
1568907177579
1568907177592
1568907177604
1568907177617
1568907177631
1568907177644
1568907177660
1568907177674
1568907177688
1568907177701
1568907177714
1568907177728
1568907177741
1568907177755
1568907177768
1568907177781
1568907177794
1568907177808
1568907177822
1568907177835
1568907177848
1568907177861
1568907177875
1568907177890
1568907177904
1568907177917
1568907177931
1568907177945
1568907177960
1568907177974
1568907177990
1568907178003
1568907178017
1568907178030
1568907178044
1568907178058
1568907178073
1568907178088
1568907178102
1568907178115
1568907178127
1568907178142
1568907178159
1568907178175
1568907178189
1568907178203
1568907178216
1568907178229
1568907178245
1568907178259
1568907178274
1568907178287
1568907178300
1568907178317
1568907178332
1568907178346
1568907178360
1568907178375
1568907178390
