1568907137144
1568907137157
1568907137170
1568907137182
1568907137193
1568907137206
1568907137218
1568907137230
1568907137242
1568907137255
1568907137267
1568907137281
1568907137295
1568907137309
1568907137321
1568907137333
1568907137345
1568907137358
1568907137369
1568907137382
1568907137395
1568907137408
1568907137420
1568907137433
1568907137446
1568907137459
1568907137472
1568907137486
1568907137499
1568907137513
1568907137526
1568907137539
1568907137552
1568907137565
1568907137578
1568907137590
1568907137604
1568907137618
1568907137631
1568907137644
1568907137657
1568907137670
1568907137683
1568907137697
1568907137709
1568907137722
1568907137735
1568907137748
1568907137762
1568907137775
1568907137788
1568907137801
1568907137814
1568907137827
1568907137840
1568907137853
1568907137866
1568907137880
1568907137893
1568907137907
1568907137920
1568907137934
1568907137947
1568907137960
1568907137973
1568907137986
1568907137999
1568907138013
1568907138026
1568907138040
1568907138053
1568907138067
1568907138081
1568907138096
1568907138110
1568907138124
1568907138138
1568907138151
1568907138165
1568907138179
1568907138193
1568907138207
1568907138221
1568907138234
1568907138248
1568907138261
1568907138274
1568907138287
1568907138300
1568907138314
1568907138328
1568907138342
1568907138355
1568907138368
1568907138382
1568907138395
1568907138408
1568907138422
1568907138435
1568907138448
1568907138461
1568907138475
1568907138488
1568907138501
1568907138514
1568907138527
1568907138540
1568907138553
1568907138566
1568907138580
1568907138594
1568907138607
1568907138619
1568907138632
1568907138645
1568907138658
1568907138671
1568907138684
1568907138697
1568907138711
1568907138724
1568907138738
1568907138752
1568907138765
1568907138779
1568907138793
1568907138807
1568907138819
1568907138832
1568907138845
1568907138858
1568907138870
1568907138882
1568907138896
1568907138909
1568907138922
1568907138935
1568907138947
1568907138960
1568907138972
1568907138984
1568907138997
1568907139010
1568907139023
1568907139035
1568907139048
1568907139060
1568907139073
1568907139085
1568907139098
