1568907177929
1568907177944
1568907177961
1568907177975
1568907177989
1568907178003
1568907178016
1568907178028
1568907178041
1568907178054
1568907178068
1568907178083
1568907178097
1568907178111
1568907178124
1568907178136
1568907178150
1568907178166
1568907178180
1568907178194
1568907178207
1568907178219
1568907178232
1568907178246
1568907178260
1568907178274
1568907178287
1568907178300
1568907178316
1568907178330
1568907178343
1568907178357
1568907178371
1568907178386
1568907178401
1568907178415
1568907178428
1568907178441
1568907178453
1568907178467
1568907178480
1568907178493
1568907178505
1568907178518
1568907178531
1568907178544
1568907178557
1568907178570
1568907178583
1568907178597
1568907178609
1568907178623
1568907178636
1568907178649
1568907178662
1568907178674
1568907178687
1568907178700
1568907178714
1568907178726
1568907178740
1568907178754
1568907178766
1568907178780
1568907178793
1568907178806
1568907178818
1568907178832
1568907178844
1568907178856
1568907178868
1568907178882
1568907178894
1568907178908
1568907178922
1568907178935
1568907178948
1568907178962
1568907178975
1568907178989
1568907179002
1568907179015
1568907179028
1568907179041
1568907179056
1568907179075
1568907179091
1568907179107
1568907179122
1568907179139
1568907179153
1568907179168
1568907179182
1568907179200
1568907179216
1568907179231
1568907179246
1568907179261
1568907179274
1568907179288
1568907179301
1568907179315
1568907179328
1568907179341
1568907179354
1568907179367
1568907179381
1568907179394
1568907179407
1568907179421
1568907179435
1568907179449
1568907179463
1568907179477
1568907179490
1568907179504
1568907179517
1568907179530
1568907179544
1568907179558
1568907179572
1568907179587
1568907179601
1568907179616
1568907179630
1568907179644
1568907179658
1568907179671
1568907179684
1568907179696
1568907179708
1568907179720
1568907179732
1568907179745
1568907179760
1568907179775
1568907179789
1568907179804
1568907179818
1568907179833
1568907179846
1568907179860
1568907179872
1568907179885
1568907179897
1568907179913
1568907179927
1568907179943
1568907179957
1568907179970
