1568907161579
1568907161592
1568907161607
1568907161620
1568907161632
1568907161645
1568907161658
1568907161673
1568907161687
1568907161703
1568907161717
1568907161730
1568907161744
1568907161759
1568907161774
1568907161787
1568907161800
1568907161815
1568907161829
1568907161843
1568907161857
1568907161872
1568907161886
1568907161900
1568907161914
1568907161930
1568907161944
1568907161959
1568907161973
1568907161986
1568907162002
1568907162017
1568907162031
1568907162046
1568907162059
1568907162072
1568907162084
1568907162099
1568907162111
1568907162125
1568907162142
1568907162157
1568907162170
1568907162182
1568907162195
1568907162209
1568907162223
1568907162237
1568907162250
1568907162264
1568907162276
1568907162289
1568907162301
1568907162314
1568907162326
1568907162340
1568907162352
1568907162365
1568907162376
1568907162389
1568907162401
1568907162414
1568907162427
1568907162439
1568907162452
1568907162465
1568907162477
1568907162489
1568907162501
1568907162517
1568907162531
1568907162545
1568907162558
1568907162572
1568907162585
1568907162599
1568907162612
1568907162626
1568907162640
1568907162653
1568907162667
1568907162681
1568907162693
1568907162707
1568907162721
1568907162736
1568907162750
1568907162764
1568907162778
1568907162791
1568907162804
1568907162818
1568907162832
1568907162845
1568907162859
1568907162872
1568907162886
1568907162901
1568907162915
1568907162928
1568907162942
1568907162956
1568907162970
1568907162984
1568907162997
1568907163011
1568907163024
1568907163038
1568907163052
1568907163067
1568907163081
1568907163095
1568907163109
1568907163124
1568907163139
1568907163153
1568907163166
1568907163180
1568907163194
1568907163208
1568907163221
1568907163236
1568907163248
1568907163262
1568907163276
1568907163290
1568907163306
1568907163320
1568907163334
1568907163348
1568907163362
1568907163378
1568907163392
1568907163407
1568907163420
1568907163434
1568907163447
1568907163462
1568907163475
1568907163488
1568907163501
1568907163515
1568907163529
1568907163543
1568907163558
1568907163573
1568907163587
1568907163601
1568907163613
1568907163627
