1568907166421
1568907166436
1568907166454
1568907166469
1568907166484
1568907166498
1568907166514
1568907166539
1568907166552
1568907166564
1568907166577
1568907166590
1568907166604
1568907166617
1568907166629
1568907166642
1568907166654
1568907166667
1568907166680
1568907166694
1568907166707
1568907166719
1568907166730
1568907166743
1568907166757
1568907166771
1568907166784
1568907166797
1568907166809
1568907166823
1568907166836
1568907166850
1568907166863
1568907166875
1568907166887
1568907166900
1568907166912
1568907166926
1568907166938
1568907166952
1568907166965
1568907166978
1568907166991
1568907167004
1568907167017
1568907167030
1568907167044
1568907167057
1568907167070
1568907167084
1568907167096
1568907167110
1568907167123
1568907167136
1568907167149
1568907167163
1568907167177
1568907167191
1568907167204
1568907167216
1568907167229
1568907167243
1568907167255
1568907167268
1568907167280
1568907167294
1568907167306
1568907167319
1568907167332
1568907167345
1568907167356
1568907167369
1568907167382
1568907167396
1568907167409
1568907167422
1568907167434
1568907167447
1568907167460
1568907167473
1568907167486
1568907167500
1568907167513
1568907167527
1568907167540
1568907167553
1568907167567
1568907167580
1568907167594
1568907167608
1568907167622
1568907167636
1568907167650
1568907167665
1568907167678
1568907167691
1568907167705
1568907167720
1568907167734
1568907167748
1568907167763
1568907167777
1568907167791
1568907167805
1568907167818
1568907167831
1568907167846
1568907167860
1568907167874
1568907167889
1568907167902
1568907167916
1568907167930
1568907167943
1568907167957
1568907167971
1568907167985
1568907167998
1568907168012
1568907168025
1568907168038
1568907168052
1568907168065
1568907168081
1568907168095
1568907168109
1568907168122
1568907168137
1568907168151
1568907168165
1568907168178
1568907168193
1568907168207
1568907168223
1568907168237
1568907168252
1568907168266
1568907168281
1568907168295
1568907168310
1568907168324
1568907168337
1568907168351
1568907168366
1568907168380
1568907168394
1568907168408
1568907168423
1568907168436
1568907168451
