1568907142025
1568907142038
1568907142052
1568907142066
1568907142080
1568907142093
1568907142106
1568907142120
1568907142132
1568907142145
1568907142158
1568907142171
1568907142184
1568907142197
1568907142209
1568907142222
1568907142235
1568907142248
1568907142260
1568907142273
1568907142285
1568907142297
1568907142310
1568907142323
1568907142338
1568907142351
1568907142363
1568907142376
1568907142388
1568907142401
1568907142414
1568907142426
1568907142439
1568907142453
1568907142466
1568907142479
1568907142492
1568907142505
1568907142518
1568907142532
1568907142544
1568907142558
1568907142570
1568907142584
1568907142596
1568907142609
1568907142622
1568907142635
1568907142648
1568907142662
1568907142675
1568907142689
1568907142701
1568907142715
1568907142728
1568907142742
1568907142754
1568907142768
1568907142780
1568907142793
1568907142807
1568907142820
1568907142834
1568907142847
1568907142860
1568907142873
1568907142886
1568907142900
1568907142913
1568907142926
1568907142939
1568907142967
1568907142980
1568907142996
1568907143015
1568907143029
1568907143047
1568907143061
1568907143074
1568907143088
1568907143101
1568907143115
1568907143128
1568907143141
1568907143154
1568907143169
1568907143182
1568907143196
1568907143210
1568907143224
1568907143236
1568907143250
1568907143263
1568907143277
1568907143290
1568907143303
1568907143316
1568907143330
1568907143343
1568907143356
1568907143368
1568907143382
1568907143395
1568907143408
1568907143421
1568907143434
1568907143448
1568907143462
1568907143475
1568907143491
1568907143505
1568907143519
1568907143532
1568907143546
1568907143559
1568907143573
1568907143585
1568907143600
1568907143613
1568907143628
1568907143641
1568907143654
1568907143667
1568907143681
1568907143695
1568907143708
1568907143721
1568907143733
1568907143746
1568907143761
1568907143774
1568907143788
1568907143801
1568907143816
1568907143829
1568907143843
1568907143857
1568907143871
1568907143885
1568907143898
1568907143910
1568907143923
1568907143936
1568907143950
1568907143963
1568907143978
1568907143992
1568907144005
1568907144018
1568907144032
