1568907148478
1568907148493
1568907148508
1568907148522
1568907148536
1568907148550
1568907148564
1568907148578
1568907148591
1568907148604
1568907148616
1568907148629
1568907148643
1568907148658
1568907148672
1568907148686
1568907148700
1568907148714
1568907148727
1568907148741
1568907148754
1568907148768
1568907148782
1568907148796
1568907148809
1568907148822
1568907148834
1568907148848
1568907148860
1568907148872
1568907148885
1568907148897
1568907148908
1568907148921
1568907148933
1568907148946
1568907148959
1568907148972
1568907148985
1568907148998
1568907149011
1568907149023
1568907149037
1568907149050
1568907149062
1568907149074
1568907149086
1568907149099
1568907149114
1568907149128
1568907149141
1568907149155
1568907149168
1568907149181
1568907149195
1568907149209
1568907149221
1568907149234
1568907149248
1568907149261
1568907149274
1568907149288
1568907149301
1568907149314
1568907149327
1568907149341
1568907149353
1568907149366
1568907149379
1568907149392
1568907149405
1568907149418
1568907149430
1568907149446
1568907149460
1568907149473
1568907149486
1568907149500
1568907149513
1568907149527
1568907149540
1568907149553
1568907149567
1568907149580
1568907149593
1568907149607
1568907149621
1568907149635
1568907149651
1568907149665
1568907149678
1568907149694
1568907149708
1568907149722
1568907149736
1568907149750
1568907149764
1568907149778
1568907149792
1568907149805
1568907149819
1568907149833
1568907149847
1568907149862
1568907149875
1568907149889
1568907149902
1568907149916
1568907149929
1568907149944
1568907149958
1568907149972
1568907149985
1568907150000
1568907150013
1568907150027
1568907150039
1568907150053
1568907150066
1568907150079
1568907150093
1568907150107
1568907150121
1568907150135
1568907150149
1568907150163
1568907150177
1568907150191
1568907150206
1568907150221
1568907150235
1568907150248
1568907150261
1568907150277
1568907150294
1568907150310
1568907150325
1568907150340
1568907150355
1568907150372
1568907150389
1568907150405
1568907150419
1568907150434
1568907150447
1568907150462
1568907150476
1568907150490
1568907150505
1568907150520
