1568708217334
1568708217352
1568708217372
1568708217389
1568708217404
1568708217419
1568708217433
1568708217447
1568708217460
1568708217475
1568708217488
1568708217502
1568708217517
1568708217534
1568708217550
1568708217567
1568708217582
1568708217599
1568708217614
1568708217630
1568708217645
1568708217660
1568708217676
1568708217691
1568708217707
1568708217724
1568708217740
1568708217757
1568708217772
1568708217788
1568708217804
1568708217820
1568708217836
1568708217853
1568708217868
1568708217886
1568708217902
1568708217918
1568708217932
1568708217945
1568708217958
1568708217972
1568708217986
1568708218002
1568708218064
1568708218109
1568708218141
1568708218167
1568708218188
1568708218210
1568708218228
1568708218245
1568708218259
1568708218273
1568708218286
1568708218299
1568708218313
1568708218327
1568708218341
1568708218354
1568708218369
1568708218383
1568708218398
1568708218413
1568708218428
1568708218444
1568708218458
1568708218474
1568708218490
1568708218505
1568708218520
1568708218536
1568708218552
1568708218570
1568708218584
1568708218601
1568708218619
1568708218635
1568708218651
1568708218666
1568708218682
1568708218698
1568708218712
1568708218728
1568708218742
1568708218761
1568708218778
1568708218794
1568708218810
1568708218825
1568708218841
1568708218856
1568708218872
1568708218889
1568708218905
1568708218921
1568708218938
1568708218956
1568708218973
1568708218988
1568708219004
1568708219020
1568708219072
1568708219128
1568708219164
1568708219192
1568708219214
1568708219232
1568708219248
1568708219264
1568708219278
1568708219293
1568708219308
1568708219324
1568708219340
1568708219356
1568708219370
1568708219385
1568708219398
1568708219411
1568708219424
1568708219439
1568708219455
1568708219473
1568708219488
1568708219504
1568708219521
1568708219537
1568708219552
1568708219569
1568708219584
1568708219599
1568708219613
1568708219628
1568708219644
1568708219661
1568708219676
1568708219694
1568708219710
1568708219726
1568708219742
1568708219758
1568708219773
1568708219789
1568708219805
1568708219820
1568708219833
1568708219852
1568708219871
1568708219886
