1568708215661
1568708215675
1568708215693
1568708215710
1568708215726
1568708215742
1568708215759
1568708215774
1568708215789
1568708215804
1568708215819
1568708215834
1568708215847
1568708215863
1568708215878
1568708215892
1568708215906
1568708215921
1568708215935
1568708215949
1568708215965
1568708215982
1568708215997
1568708216012
1568708216026
1568708216040
1568708216055
1568708216071
1568708216085
1568708216102
1568708216117
1568708216133
1568708216148
1568708216165
1568708216182
1568708216197
1568708216212
1568708216227
1568708216244
1568708216262
1568708216277
1568708216292
1568708216308
1568708216325
1568708216339
1568708216354
1568708216369
1568708216386
1568708216400
1568708216418
1568708216433
1568708216448
1568708216461
1568708216476
1568708216491
1568708216505
1568708216519
1568708216535
1568708216549
1568708216563
1568708216577
1568708216595
1568708216610
1568708216624
1568708216639
1568708216656
1568708216673
1568708216689
1568708216704
1568708216719
1568708216733
1568708216747
1568708216764
1568708216781
1568708216797
1568708216812
1568708216827
1568708216843
1568708216858
1568708216874
1568708216890
1568708216906
1568708216920
1568708216936
1568708216952
1568708216970
1568708216986
1568708217003
1568708217019
1568708217036
1568708217052
1568708217069
1568708217085
1568708217101
1568708217118
1568708217135
1568708217153
1568708217170
1568708217186
1568708217202
1568708217219
1568708217236
1568708217252
1568708217270
1568708217285
1568708217301
1568708217316
1568708217331
1568708217347
1568708217367
1568708217384
1568708217399
1568708217414
1568708217429
1568708217443
1568708217456
1568708217470
1568708217484
1568708217497
1568708217512
1568708217528
1568708217545
1568708217561
1568708217577
1568708217593
1568708217610
1568708217626
1568708217642
1568708217657
1568708217673
1568708217689
1568708217704
1568708217720
1568708217736
1568708217753
1568708217768
1568708217785
1568708217801
1568708217817
1568708217834
1568708217850
1568708217866
1568708217883
1568708217900
1568708217914
1568708217930
1568708217944
1568708217958
1568708217972
1568708217987
