1568708188489
1568708188506
1568708188523
1568708188538
1568708188552
1568708188566
1568708188580
1568708188595
1568708188609
1568708188622
1568708188636
1568708188649
1568708188663
1568708188677
1568708188691
1568708188706
1568708188720
1568708188735
1568708188749
1568708188765
1568708188779
1568708188793
1568708188806
1568708188819
1568708188832
1568708188845
1568708188859
1568708188873
1568708188886
1568708188902
1568708188917
1568708188931
1568708188945
1568708188958
1568708188972
1568708188988
1568708189003
1568708189019
1568708189033
1568708189049
1568708189064
1568708189079
1568708189097
1568708189114
1568708189140
1568708189158
1568708189176
1568708189196
1568708189212
1568708189230
1568708189246
1568708189260
1568708189274
1568708189289
1568708189304
1568708189319
1568708189334
1568708189351
1568708189366
1568708189380
1568708189394
1568708189409
1568708189423
1568708189438
1568708189452
1568708189471
1568708189487
1568708189503
1568708189518
1568708189532
1568708189547
1568708189563
1568708189577
1568708189593
1568708189608
1568708189623
1568708189640
1568708189657
1568708189673
1568708189689
1568708189705
1568708189721
1568708189737
1568708189753
1568708189767
1568708189786
1568708189802
1568708189818
1568708189833
1568708189849
1568708189864
1568708189879
1568708189894
1568708189910
1568708189927
1568708189942
1568708189957
1568708189973
1568708189989
1568708190005
1568708190021
1568708190036
1568708190052
1568708190068
1568708190087
1568708190103
1568708190118
1568708190134
1568708190151
1568708190170
1568708190187
1568708190202
1568708190218
1568708190234
1568708190249
1568708190265
1568708190280
1568708190294
1568708190309
1568708190324
1568708190340
1568708190357
1568708190372
1568708190389
1568708190404
1568708190419
1568708190433
1568708190450
1568708190464
1568708190479
1568708190493
1568708190510
1568708190528
1568708190551
1568708190565
1568708190587
1568708190609
1568708190629
1568708190644
1568708190660
1568708190676
1568708190693
1568708190707
1568708190722
1568708190737
1568708190754
1568708190770
1568708190786
1568708190800
1568708190813
