1568708198611
1568708198628
1568708198646
1568708198662
1568708198678
1568708198694
1568708198709
1568708198725
1568708198739
1568708198754
1568708198769
1568708198785
1568708198801
1568708198817
1568708198832
1568708198847
1568708198863
1568708198878
1568708198893
1568708198909
1568708198923
1568708198939
1568708198954
1568708198969
1568708198984
1568708199001
1568708199016
1568708199030
1568708199044
1568708199057
1568708199073
1568708199088
1568708199105
1568708199120
1568708199135
1568708199150
1568708199165
1568708199181
1568708199195
1568708199212
1568708199227
1568708199241
1568708199257
1568708199273
1568708199289
1568708199304
1568708199320
1568708199338
1568708199353
1568708199372
1568708199390
1568708199405
1568708199420
1568708199436
1568708199450
1568708199465
1568708199481
1568708199496
1568708199511
1568708199527
1568708199542
1568708199557
1568708199571
1568708199587
1568708199601
1568708199618
1568708199634
1568708199649
1568708199666
1568708199681
1568708199696
1568708199712
1568708199728
1568708199745
1568708199761
1568708199778
1568708199794
1568708199810
1568708199825
1568708199840
1568708199856
1568708199871
1568708199887
1568708199904
1568708199921
1568708199938
1568708199953
1568708199971
1568708199988
1568708200003
1568708200018
1568708200034
1568708200049
1568708200065
1568708200082
1568708200098
1568708200113
1568708200130
1568708200147
1568708200164
1568708200179
1568708200195
1568708200212
1568708200228
1568708200244
1568708200261
1568708200277
1568708200293
1568708200309
1568708200328
1568708200346
1568708200361
1568708200376
1568708200390
1568708200405
1568708200422
1568708200436
1568708200453
1568708200469
1568708200484
1568708200499
1568708200517
1568708200533
1568708200549
1568708200564
1568708200580
1568708200597
1568708200614
1568708200629
1568708200643
1568708200656
1568708200670
1568708200688
1568708200705
1568708200723
1568708200756
1568708200774
1568708200790
1568708200808
1568708200825
1568708200843
1568708200860
1568708200876
1568708200891
1568708200906
1568708200924
1568708200939
1568708200953
1568708200969
1568708200984
