1568708220853
1568708220870
1568708220887
1568708220902
1568708220918
1568708220933
1568708220949
1568708220964
1568708220979
1568708220995
1568708221010
1568708221028
1568708221043
1568708221059
1568708221074
1568708221090
1568708221105
1568708221119
1568708221132
1568708221145
1568708221159
1568708221173
1568708221187
1568708221201
1568708221217
1568708221233
1568708221247
1568708221260
1568708221275
1568708221290
1568708221306
1568708221322
1568708221339
1568708221354
1568708221370
1568708221385
1568708221399
1568708221421
1568708221436
1568708221452
1568708221466
1568708221481
1568708221497
1568708221512
1568708221527
1568708221543
1568708221557
1568708221575
1568708221590
1568708221605
1568708221621
1568708221638
1568708221654
1568708221668
1568708221682
1568708221699
1568708221715
1568708221731
1568708221746
1568708221760
1568708221774
1568708221794
1568708221813
1568708221829
1568708221843
1568708221858
1568708221873
1568708221890
1568708221905
1568708221919
1568708221936
1568708221953
1568708221968
1568708221985
1568708221999
1568708222015
1568708222030
1568708222047
1568708222063
1568708222079
1568708222094
1568708222111
1568708222127
1568708222143
1568708222158
1568708222173
1568708222188
1568708222203
1568708222219
1568708222238
1568708222254
1568708222271
1568708222286
1568708222302
1568708222319
1568708222337
1568708222353
1568708222370
1568708222385
1568708222402
1568708222417
1568708222435
1568708222451
1568708222467
1568708222483
1568708222498
1568708222514
1568708222530
1568708222546
1568708222565
1568708222582
1568708222600
1568708222615
1568708222630
1568708222647
1568708222663
1568708222679
1568708222695
1568708222711
1568708222727
1568708222744
1568708222761
1568708222776
1568708222792
1568708222806
1568708222821
1568708222838
1568708222856
1568708222872
1568708222887
1568708222903
1568708222919
1568708222934
1568708222950
1568708222965
1568708222984
1568708223001
1568708223017
1568708223031
1568708223045
1568708223063
1568708223079
1568708223096
1568708223113
1568708223128
1568708223146
1568708223163
1568708223178
1568708223195
1568708223212
