1568221535888
1568221535903
1568221535920
1568221535934
1568221535949
1568221535964
1568221535977
1568221535991
1568221536005
1568221536019
1568221536033
1568221536046
1568221536060
1568221536074
1568221536089
1568221536104
1568221536118
1568221536133
1568221536147
1568221536161
1568221536175
1568221536188
1568221536203
1568221536217
1568221536230
1568221536245
1568221536259
1568221536272
1568221536286
1568221536299
1568221536313
1568221536327
1568221536341
1568221536355
1568221536367
1568221536379
1568221536393
1568221536407
1568221536421
1568221536434
1568221536447
1568221536461
1568221536475
1568221536488
1568221536501
1568221536514
1568221536527
1568221536540
1568221536552
1568221536566
1568221536579
1568221536591
1568221536604
1568221536617
1568221536629
1568221536642
1568221536655
1568221536669
1568221536682
1568221536695
1568221536708
1568221536721
1568221536734
1568221536749
1568221536761
1568221536774
1568221536787
1568221536799
1568221536811
1568221536824
1568221536839
1568221536854
1568221536867
1568221536882
1568221536896
1568221536910
1568221536923
1568221536939
1568221536952
1568221536966
1568221536979
1568221536992
1568221537004
1568221537017
1568221537031
1568221537045
1568221537059
1568221537073
1568221537088
1568221537101
1568221537115
1568221537129
1568221537144
1568221537159
1568221537172
1568221537186
1568221537199
1568221537214
1568221537228
1568221537242
1568221537255
1568221537270
1568221537285
1568221537298
1568221537313
1568221537328
1568221537342
1568221537356
1568221537371
1568221537386
1568221537400
1568221537414
1568221537430
1568221537445
1568221537459
1568221537473
1568221537487
1568221537501
1568221537515
1568221537529
1568221537545
1568221537561
1568221537575
1568221537590
1568221537606
1568221537621
1568221537634
1568221537648
1568221537663
1568221537677
1568221537690
1568221537704
1568221537718
1568221537734
1568221537748
1568221537762
1568221537776
1568221537789
1568221537803
1568221537816
1568221537830
1568221537844
1568221537856
1568221537870
1568221537883
1568221537898
1568221537911
1568221537925
1568221537939
1568221537953
