1568221551975
1568221551990
1568221552005
1568221552018
1568221552032
1568221552046
1568221552060
1568221552075
1568221552089
1568221552103
1568221552118
1568221552132
1568221552147
1568221552163
1568221552176
1568221552189
1568221552202
1568221552216
1568221552230
1568221552243
1568221552257
1568221552270
1568221552285
1568221552299
1568221552313
1568221552327
1568221552341
1568221552354
1568221552369
1568221552386
1568221552400
1568221552415
1568221552428
1568221552442
1568221552454
1568221552466
1568221552479
1568221552493
1568221552506
1568221552521
1568221552536
1568221552549
1568221552561
1568221552573
1568221552586
1568221552599
1568221552611
1568221552624
1568221552636
1568221552650
1568221552664
1568221552676
1568221552689
1568221552701
1568221552714
1568221552728
1568221552743
1568221552756
1568221552769
1568221552782
1568221552794
1568221552807
1568221552822
1568221552835
1568221552848
1568221552862
1568221552876
1568221552889
1568221552901
1568221552915
1568221552928
1568221552941
1568221552955
1568221552970
1568221552984
1568221552998
1568221553011
1568221553024
1568221553038
1568221553052
1568221553067
1568221553081
1568221553094
1568221553107
1568221553121
1568221553136
1568221553151
1568221553167
1568221553181
1568221553195
1568221553210
1568221553226
1568221553239
1568221553253
1568221553267
1568221553281
1568221553295
1568221553309
1568221553323
1568221553339
1568221553364
1568221553380
1568221553395
1568221553412
1568221553429
1568221553445
1568221553461
1568221553477
1568221553491
1568221553505
1568221553520
1568221553534
1568221553548
1568221553561
1568221553576
1568221553590
1568221553604
1568221553617
1568221553631
1568221553646
1568221553660
1568221553676
1568221553691
1568221553707
1568221553722
1568221553736
1568221553750
1568221553764
1568221553777
1568221553790
1568221553804
1568221553818
1568221553832
1568221553846
1568221553860
1568221553874
1568221553887
1568221553901
1568221553914
1568221553928
1568221553941
1568221553955
1568221553967
1568221553980
1568221553994
1568221554010
1568221554024
1568221554038
1568221554052
1568221554066
