1568221531030
1568221531044
1568221531059
1568221531072
1568221531085
1568221531098
1568221531111
1568221531125
1568221531138
1568221531153
1568221531167
1568221531180
1568221531193
1568221531207
1568221531221
1568221531235
1568221531248
1568221531261
1568221531275
1568221531289
1568221531302
1568221531316
1568221531329
1568221531342
1568221531355
1568221531369
1568221531384
1568221531398
1568221531413
1568221531427
1568221531441
1568221531455
1568221531468
1568221531481
1568221531493
1568221531506
1568221531518
1568221531531
1568221531544
1568221531558
1568221531572
1568221531586
1568221531599
1568221531612
1568221531625
1568221531637
1568221531651
1568221531665
1568221531680
1568221531694
1568221531708
1568221531722
1568221531737
1568221531751
1568221531764
1568221531778
1568221531790
1568221531803
1568221531817
1568221531830
1568221531842
1568221531857
1568221531871
1568221531883
1568221531896
1568221531909
1568221531921
1568221531934
1568221531947
1568221531960
1568221531972
1568221531985
1568221532000
1568221532013
1568221532026
1568221532041
1568221532057
1568221532071
1568221532085
1568221532098
1568221532111
1568221532125
1568221532138
1568221532152
1568221532165
1568221532179
1568221532194
1568221532210
1568221532223
1568221532237
1568221532253
1568221532267
1568221532281
1568221532295
1568221532309
1568221532322
1568221532336
1568221532351
1568221532365
1568221532380
1568221532394
1568221532407
1568221532421
1568221532434
1568221532447
1568221532461
1568221532473
1568221532487
1568221532500
1568221532514
1568221532529
1568221532542
1568221532555
1568221532569
1568221532583
1568221532596
1568221532610
1568221532624
1568221532638
1568221532651
1568221532664
1568221532678
1568221532691
1568221532704
1568221532718
1568221532732
1568221532746
1568221532759
1568221532773
1568221532787
1568221532801
1568221532814
1568221532828
1568221532842
1568221532856
1568221532871
1568221532885
1568221532899
1568221532912
1568221532925
1568221532938
1568221532952
1568221532965
1568221532980
1568221532995
1568221533010
1568221533025
1568221533039
1568221533052
1568221533065
