1568221519652
1568221519666
1568221519680
1568221519692
1568221519703
1568221519715
1568221519727
1568221519739
1568221519751
1568221519762
1568221519775
1568221519787
1568221519799
1568221519812
1568221519823
1568221519835
1568221519847
1568221519859
1568221519871
1568221519884
1568221519896
1568221519908
1568221519920
1568221519932
1568221519945
1568221519959
1568221519971
1568221519984
1568221519996
1568221520007
1568221520020
1568221520032
1568221520045
1568221520058
1568221520070
1568221520083
1568221520095
1568221520108
1568221520119
1568221520132
1568221520144
1568221520157
1568221520169
1568221520182
1568221520194
1568221520205
1568221520217
1568221520230
1568221520242
1568221520255
1568221520268
1568221520280
1568221520293
1568221520306
1568221520317
1568221520330
1568221520342
1568221520354
1568221520366
1568221520379
1568221520391
1568221520404
1568221520416
1568221520428
1568221520441
1568221520453
1568221520465
1568221520478
1568221520491
1568221520503
1568221520515
1568221520529
1568221520541
1568221520555
1568221520569
1568221520584
1568221520597
1568221520613
1568221520631
1568221520645
1568221520659
1568221520672
1568221520687
1568221520702
1568221520716
1568221520731
1568221520746
1568221520760
1568221520776
1568221520792
1568221520808
1568221520826
1568221520841
1568221520854
1568221520868
1568221520889
1568221520905
1568221520920
1568221520935
1568221520948
1568221520962
1568221520976
1568221520988
1568221521002
1568221521016
1568221521029
1568221521042
1568221521055
1568221521069
1568221521082
1568221521096
1568221521110
1568221521123
1568221521137
1568221521151
1568221521164
1568221521178
1568221521191
1568221521204
1568221521217
1568221521231
1568221521245
1568221521258
1568221521272
1568221521285
1568221521297
1568221521309
1568221521321
1568221521334
1568221521346
1568221521358
1568221521371
1568221521383
1568221521396
1568221521410
1568221521422
1568221521434
1568221521446
1568221521460
1568221521473
1568221521485
1568221521498
1568221521510
1568221521522
1568221521536
1568221521550
1568221521564
1568221521578
1568221521591
1568221521605
