1568221571871
1568221571886
1568221571901
1568221571914
1568221571927
1568221571940
1568221571952
1568221571965
1568221571978
1568221571991
1568221572004
1568221572017
1568221572030
1568221572044
1568221572057
1568221572071
1568221572084
1568221572097
1568221572111
1568221572125
1568221572138
1568221572152
1568221572165
1568221572178
1568221572191
1568221572205
1568221572217
1568221572231
1568221572245
1568221572259
1568221572272
1568221572286
1568221572298
1568221572312
1568221572324
1568221572337
1568221572351
1568221572364
1568221572378
1568221572392
1568221572405
1568221572419
1568221572432
1568221572446
1568221572459
1568221572474
1568221572488
1568221572501
1568221572516
1568221572530
1568221572545
1568221572559
1568221572572
1568221572586
1568221572600
1568221572613
1568221572625
1568221572639
1568221572652
1568221572665
1568221572679
1568221572694
1568221572708
1568221572723
1568221572736
1568221572750
1568221572763
1568221572777
1568221572791
1568221572806
1568221572820
1568221572833
1568221572848
1568221572864
1568221572878
1568221572893
1568221572908
1568221572923
1568221572938
1568221572953
1568221572968
1568221572983
1568221572997
1568221573011
1568221573025
1568221573041
1568221573057
1568221573073
1568221573088
1568221573105
1568221573122
1568221573139
1568221573155
1568221573170
1568221573185
1568221573201
1568221573216
1568221573233
1568221573248
1568221573264
1568221573279
1568221573294
1568221573309
1568221573324
1568221573338
1568221573354
1568221573368
1568221573384
1568221573398
1568221573414
1568221573429
1568221573445
1568221573459
1568221573474
1568221573489
1568221573503
1568221573516
1568221573531
1568221573544
1568221573557
1568221573571
1568221573586
1568221573600
1568221573614
1568221573628
1568221573642
1568221573656
1568221573669
1568221573682
1568221573696
1568221573710
1568221573723
1568221573737
1568221573752
1568221573766
1568221573780
1568221573793
1568221573806
1568221573820
1568221573833
1568221573846
1568221573860
1568221573873
1568221573887
1568221573901
1568221573915
1568221573930
1568221573943
1568221573957
1568221573971
