1568221543923
1568221543940
1568221543957
1568221543971
1568221543984
1568221543998
1568221544012
1568221544025
1568221544039
1568221544054
1568221544069
1568221544084
1568221544098
1568221544113
1568221544128
1568221544144
1568221544160
1568221544175
1568221544189
1568221544203
1568221544217
1568221544231
1568221544245
1568221544259
1568221544273
1568221544287
1568221544300
1568221544313
1568221544326
1568221544340
1568221544354
1568221544368
1568221544382
1568221544395
1568221544408
1568221544421
1568221544434
1568221544448
1568221544462
1568221544476
1568221544487
1568221544500
1568221544513
1568221544526
1568221544538
1568221544552
1568221544569
1568221544583
1568221544595
1568221544610
1568221544623
1568221544636
1568221544649
1568221544663
1568221544677
1568221544690
1568221544702
1568221544715
1568221544727
1568221544740
1568221544754
1568221544768
1568221544780
1568221544793
1568221544806
1568221544820
1568221544832
1568221544846
1568221544861
1568221544874
1568221544888
1568221544902
1568221544915
1568221544930
1568221544944
1568221544958
1568221544971
1568221544985
1568221545000
1568221545015
1568221545028
1568221545042
1568221545057
1568221545071
1568221545085
1568221545100
1568221545114
1568221545128
1568221545142
1568221545156
1568221545170
1568221545185
1568221545199
1568221545213
1568221545228
1568221545242
1568221545255
1568221545271
1568221545285
1568221545299
1568221545314
1568221545328
1568221545342
1568221545357
1568221545371
1568221545385
1568221545399
1568221545413
1568221545428
1568221545444
1568221545458
1568221545472
1568221545486
1568221545499
1568221545513
1568221545528
1568221545541
1568221545554
1568221545567
1568221545580
1568221545594
1568221545609
1568221545623
1568221545636
1568221545648
1568221545662
1568221545675
1568221545688
1568221545702
1568221545715
1568221545728
1568221545741
1568221545755
1568221545770
1568221545783
1568221545798
1568221545811
1568221545825
1568221545838
1568221545851
1568221545864
1568221545878
1568221545891
1568221545904
1568221545917
1568221545932
1568221545947
1568221545960
1568221545973
1568221545985
