1568221532649
1568221532663
1568221532678
1568221532692
1568221532704
1568221532718
1568221532731
1568221532745
1568221532759
1568221532773
1568221532787
1568221532801
1568221532814
1568221532828
1568221532842
1568221532856
1568221532871
1568221532884
1568221532898
1568221532911
1568221532924
1568221532937
1568221532951
1568221532965
1568221532979
1568221532993
1568221533007
1568221533022
1568221533035
1568221533049
1568221533061
1568221533074
1568221533086
1568221533099
1568221533112
1568221533124
1568221533137
1568221533150
1568221533162
1568221533176
1568221533190
1568221533203
1568221533216
1568221533228
1568221533241
1568221533253
1568221533265
1568221533277
1568221533291
1568221533304
1568221533316
1568221533329
1568221533343
1568221533355
1568221533367
1568221533379
1568221533392
1568221533404
1568221533417
1568221533428
1568221533441
1568221533454
1568221533467
1568221533480
1568221533492
1568221533505
1568221533517
1568221533530
1568221533544
1568221533556
1568221533569
1568221533582
1568221533594
1568221533607
1568221533622
1568221533636
1568221533650
1568221533664
1568221533677
1568221533690
1568221533704
1568221533717
1568221533731
1568221533744
1568221533758
1568221533772
1568221533786
1568221533801
1568221533815
1568221533829
1568221533842
1568221533857
1568221533871
1568221533885
1568221533899
1568221533913
1568221533926
1568221533941
1568221533955
1568221533969
1568221533983
1568221533997
1568221534011
1568221534026
1568221534040
1568221534055
1568221534069
1568221534084
1568221534097
1568221534112
1568221534128
1568221534143
1568221534158
1568221534176
1568221534191
1568221534208
1568221534226
1568221534241
1568221534258
1568221534272
1568221534286
1568221534300
1568221534314
1568221534329
1568221534343
1568221534357
1568221534370
1568221534384
1568221534397
1568221534412
1568221534425
1568221534438
1568221534452
1568221534466
1568221534480
1568221534493
1568221534507
1568221534520
1568221534533
1568221534548
1568221534561
1568221534576
1568221534590
1568221534604
1568221534618
1568221534634
1568221534648
1568221534662
1568221534676
1568221534688
