1568221529422
1568221529437
1568221529452
1568221529465
1568221529479
1568221529492
1568221529505
1568221529518
1568221529531
1568221529544
1568221529556
1568221529569
1568221529583
1568221529596
1568221529609
1568221529623
1568221529636
1568221529649
1568221529662
1568221529675
1568221529687
1568221529701
1568221529714
1568221529727
1568221529740
1568221529755
1568221529769
1568221529782
1568221529795
1568221529807
1568221529818
1568221529830
1568221529843
1568221529855
1568221529867
1568221529881
1568221529894
1568221529908
1568221529920
1568221529933
1568221529946
1568221529958
1568221529971
1568221529983
1568221529994
1568221530007
1568221530019
1568221530031
1568221530045
1568221530060
1568221530073
1568221530086
1568221530098
1568221530110
1568221530122
1568221530133
1568221530145
1568221530158
1568221530171
1568221530183
1568221530196
1568221530209
1568221530222
1568221530235
1568221530247
1568221530260
1568221530274
1568221530288
1568221530301
1568221530314
1568221530326
1568221530340
1568221530353
1568221530367
1568221530381
1568221530395
1568221530409
1568221530422
1568221530436
1568221530449
1568221530461
1568221530474
1568221530487
1568221530501
1568221530514
1568221530528
1568221530541
1568221530554
1568221530567
1568221530580
1568221530594
1568221530607
1568221530621
1568221530634
1568221530646
1568221530659
1568221530672
1568221530687
1568221530700
1568221530713
1568221530727
1568221530741
1568221530755
1568221530769
1568221530782
1568221530797
1568221530812
1568221530826
1568221530840
1568221530854
1568221530869
1568221530882
1568221530896
1568221530909
1568221530922
1568221530936
1568221530950
1568221530964
1568221530978
1568221530991
1568221531005
1568221531020
1568221531033
1568221531047
1568221531060
1568221531074
1568221531087
1568221531101
1568221531114
1568221531128
1568221531142
1568221531156
1568221531169
1568221531183
1568221531197
1568221531211
1568221531225
1568221531239
1568221531251
1568221531265
1568221531279
1568221531292
1568221531306
1568221531319
1568221531332
1568221531346
1568221531360
1568221531373
1568221531386
1568221531400
