1568736312520
1568736312533
1568736312547
1568736312561
1568736312574
1568736312586
1568736312599
1568736312612
1568736312625
1568736312638
1568736312651
1568736312663
1568736312675
1568736312689
1568736312702
1568736312715
1568736312728
1568736312742
1568736312754
1568736312767
1568736312780
1568736312792
1568736312806
1568736312819
1568736312832
1568736312845
1568736312858
1568736312871
1568736312883
1568736312895
1568736312908
1568736312921
1568736312935
1568736312948
1568736312961
1568736312973
1568736312986
1568736312999
1568736313012
1568736313025
1568736313037
1568736313053
1568736313066
1568736313079
1568736313092
1568736313105
1568736313118
1568736313132
1568736313145
1568736313158
1568736313171
1568736313186
1568736313198
1568736313210
1568736313223
1568736313236
1568736313248
1568736313261
1568736313274
1568736313287
1568736313300
1568736313314
1568736313328
1568736313341
1568736313354
1568736313367
1568736313380
1568736313393
1568736313407
1568736313420
1568736313433
1568736313447
1568736313460
1568736313474
1568736313489
1568736313503
1568736313516
1568736313530
1568736313543
1568736313557
1568736313571
1568736313584
1568736313597
1568736313610
1568736313624
1568736313638
1568736313651
1568736313665
1568736313678
1568736313691
1568736313704
1568736313717
1568736313730
1568736313743
1568736313757
1568736313771
1568736313784
1568736313798
1568736313811
1568736313825
1568736313839
1568736313852
1568736313866
1568736313880
1568736313894
1568736313907
1568736313922
1568736313935
1568736313949
1568736313963
1568736313977
1568736313993
1568736314007
1568736314019
1568736314032
1568736314045
1568736314058
1568736314070
1568736314082
1568736314095
1568736314109
1568736314122
1568736314135
1568736314147
1568736314160
1568736314172
1568736314185
1568736314197
1568736314210
1568736314223
1568736314236
1568736314249
1568736314262
1568736314276
1568736314289
1568736314302
1568736314314
1568736314328
1568736314341
1568736314354
1568736314368
1568736314381
1568736314394
1568736314407
1568736314421
1568736314436
1568736314450
1568736314464
1568736314477
1568736314490
