1568736294052
1568736294065
1568736294079
1568736294092
1568736294104
1568736294116
1568736294129
1568736294141
1568736294154
1568736294166
1568736294178
1568736294191
1568736294203
1568736294216
1568736294229
1568736294241
1568736294254
1568736294267
1568736294279
1568736294291
1568736294303
1568736294316
1568736294328
1568736294341
1568736294353
1568736294367
1568736294379
1568736294392
1568736294405
1568736294417
1568736294430
1568736294443
1568736294455
1568736294472
1568736294484
1568736294497
1568736294511
1568736294525
1568736294538
1568736294551
1568736294564
1568736294576
1568736294589
1568736294602
1568736294615
1568736294627
1568736294639
1568736294652
1568736294665
1568736294679
1568736294691
1568736294704
1568736294717
1568736294731
1568736294744
1568736294757
1568736294770
1568736294782
1568736294795
1568736294808
1568736294820
1568736294834
1568736294847
1568736294861
1568736294874
1568736294887
1568736294900
1568736294914
1568736294927
1568736294940
1568736294953
1568736294967
1568736294980
1568736294994
1568736295007
1568736295021
1568736295035
1568736295049
1568736295062
1568736295075
1568736295089
1568736295104
1568736295117
1568736295131
1568736295144
1568736295160
1568736295174
1568736295188
1568736295202
1568736295217
1568736295230
1568736295244
1568736295257
1568736295271
1568736295285
1568736295299
1568736295313
1568736295328
1568736295343
1568736295357
1568736295370
1568736295384
1568736295397
1568736295412
1568736295425
1568736295439
1568736295453
1568736295467
1568736295481
1568736295495
1568736295509
1568736295523
1568736295537
1568736295551
1568736295566
1568736295580
1568736295594
1568736295608
1568736295619
1568736295632
1568736295644
1568736295658
1568736295670
1568736295683
1568736295696
1568736295709
1568736295722
1568736295734
1568736295747
1568736295760
1568736295772
1568736295785
1568736295797
1568736295811
1568736295824
1568736295836
1568736295849
1568736295862
1568736295874
1568736295886
1568736295899
1568736295912
1568736295924
1568736295937
1568736295950
1568736295963
1568736295976
1568736295989
1568736296001
1568736296014
