1568736289255
1568736289269
1568736289283
1568736289296
1568736289308
1568736289321
1568736289334
1568736289346
1568736289359
1568736289372
1568736289384
1568736289398
1568736289410
1568736289423
1568736289435
1568736289448
1568736289461
1568736289474
1568736289487
1568736289500
1568736289513
1568736289526
1568736289539
1568736289552
1568736289564
1568736289578
1568736289591
1568736289604
1568736289617
1568736289630
1568736289642
1568736289656
1568736289669
1568736289682
1568736289694
1568736289707
1568736289719
1568736289732
1568736289745
1568736289757
1568736289770
1568736289783
1568736289796
1568736289809
1568736289822
1568736289836
1568736289849
1568736289862
1568736289874
1568736289888
1568736289901
1568736289914
1568736289927
1568736289940
1568736289952
1568736289965
1568736289978
1568736289991
1568736290004
1568736290016
1568736290028
1568736290041
1568736290054
1568736290067
1568736290079
1568736290092
1568736290105
1568736290117
1568736290130
1568736290143
1568736290156
1568736290169
1568736290182
1568736290196
1568736290209
1568736290222
1568736290235
1568736290249
1568736290262
1568736290276
1568736290289
1568736290302
1568736290315
1568736290328
1568736290341
1568736290356
1568736290370
1568736290383
1568736290397
1568736290410
1568736290422
1568736290435
1568736290448
1568736290462
1568736290476
1568736290490
1568736290504
1568736290519
1568736290532
1568736290547
1568736290560
1568736290574
1568736290588
1568736290601
1568736290615
1568736290629
1568736290643
1568736290657
1568736290671
1568736290686
1568736290700
1568736290714
1568736290728
1568736290742
1568736290756
1568736290771
1568736290785
1568736290797
1568736290811
1568736290825
1568736290838
1568736290852
1568736290864
1568736290877
1568736290889
1568736290902
1568736290914
1568736290928
1568736290941
1568736290954
1568736290966
1568736290979
1568736290992
1568736291005
1568736291018
1568736291032
1568736291044
1568736291058
1568736291071
1568736291084
1568736291096
1568736291109
1568736291122
1568736291135
1568736291148
1568736291162
1568736291175
1568736291188
1568736291201
1568736291214
