1568736317063
1568736317076
1568736317091
1568736317104
1568736317117
1568736317131
1568736317143
1568736317156
1568736317169
1568736317182
1568736317194
1568736317208
1568736317221
1568736317235
1568736317249
1568736317263
1568736317277
1568736317291
1568736317305
1568736317318
1568736317331
1568736317345
1568736317359
1568736317372
1568736317385
1568736317401
1568736317416
1568736317431
1568736317445
1568736317459
1568736317472
1568736317486
1568736317500
1568736317516
1568736317532
1568736317546
1568736317561
1568736317576
1568736317591
1568736317608
1568736317623
1568736317639
1568736317656
1568736317671
1568736317686
1568736317701
1568736317715
1568736317730
1568736317747
1568736317762
1568736317777
1568736317792
1568736317808
1568736317822
1568736317839
1568736317854
1568736317872
1568736317888
1568736317905
1568736317919
1568736317935
1568736317951
1568736317966
1568736317979
1568736317993
1568736318009
1568736318023
1568736318036
1568736318049
1568736318062
1568736318075
1568736318089
1568736318101
1568736318116
1568736318129
1568736318143
1568736318156
1568736318170
1568736318183
1568736318197
1568736318211
1568736318225
1568736318237
1568736318250
1568736318263
1568736318279
1568736318293
1568736318308
1568736318322
1568736318336
1568736318349
1568736318363
1568736318376
1568736318391
1568736318404
1568736318418
1568736318432
1568736318447
1568736318461
1568736318476
1568736318489
1568736318504
1568736318519
1568736318532
1568736318546
1568736318560
1568736318573
1568736318585
1568736318597
1568736318611
1568736318624
1568736318637
1568736318650
1568736318663
1568736318675
1568736318687
1568736318700
1568736318713
1568736318725
1568736318739
1568736318752
1568736318766
1568736318778
1568736318792
1568736318805
1568736318818
1568736318831
1568736318845
1568736318857
1568736318870
1568736318883
1568736318898
1568736318912
1568736318926
1568736318939
1568736318953
1568736318966
1568736318979
1568736318993
1568736319006
1568736319019
1568736319032
1568736319044
1568736319057
1568736319070
1568736319083
1568736319095
1568736319108
1568736319121
1568736319134
