1568736341945
1568736341958
1568736341973
1568736341985
1568736341998
1568736342012
1568736342026
1568736342040
1568736342053
1568736342066
1568736342078
1568736342090
1568736342102
1568736342115
1568736342127
1568736342140
1568736342152
1568736342164
1568736342177
1568736342189
1568736342201
1568736342214
1568736342226
1568736342239
1568736342251
1568736342265
1568736342277
1568736342290
1568736342302
1568736342315
1568736342327
1568736342339
1568736342352
1568736342365
1568736342378
1568736342390
1568736342402
1568736342416
1568736342428
1568736342441
1568736342454
1568736342467
1568736342480
1568736342493
1568736342506
1568736342518
1568736342531
1568736342544
1568736342557
1568736342571
1568736342584
1568736342597
1568736342609
1568736342622
1568736342634
1568736342647
1568736342659
1568736342671
1568736342684
1568736342697
1568736342710
1568736342724
1568736342737
1568736342749
1568736342762
1568736342775
1568736342787
1568736342800
1568736342813
1568736342828
1568736342842
1568736342855
1568736342867
1568736342881
1568736342894
1568736342907
1568736342919
1568736342934
1568736342947
1568736342960
1568736342972
1568736342984
1568736342996
1568736343009
1568736343022
1568736343036
1568736343049
1568736343062
1568736343076
1568736343090
1568736343102
1568736343114
1568736343127
1568736343140
1568736343152
1568736343164
1568736343176
1568736343190
1568736343203
1568736343215
1568736343228
1568736343240
1568736343253
1568736343265
1568736343278
1568736343290
1568736343302
1568736343315
1568736343327
1568736343341
1568736343353
1568736343366
1568736343379
1568736343392
1568736343404
1568736343417
1568736343430
1568736343443
1568736343455
1568736343467
1568736343479
1568736343492
1568736343505
1568736343518
1568736343531
1568736343544
1568736343557
1568736343570
1568736343583
1568736343596
1568736343608
1568736343621
1568736343634
1568736343647
1568736343660
1568736343674
1568736343687
1568736343699
1568736343712
1568736343726
1568736343739
1568736343753
1568736343765
1568736343777
1568736343789
1568736343802
1568736343814
1568736343826
1568736343839
1568736343851
