1568736315542
1568736315558
1568736315575
1568736315588
1568736315602
1568736315615
1568736315628
1568736315642
1568736315655
1568736315669
1568736315681
1568736315693
1568736315706
1568736315719
1568736315732
1568736315746
1568736315758
1568736315773
1568736315787
1568736315801
1568736315815
1568736315828
1568736315840
1568736315853
1568736315866
1568736315879
1568736315893
1568736315906
1568736315919
1568736315933
1568736315947
1568736315960
1568736315972
1568736315985
1568736315997
1568736316011
1568736316023
1568736316038
1568736316051
1568736316064
1568736316078
1568736316091
1568736316104
1568736316117
1568736316130
1568736316143
1568736316156
1568736316169
1568736316182
1568736316196
1568736316209
1568736316222
1568736316235
1568736316248
1568736316260
1568736316274
1568736316287
1568736316300
1568736316313
1568736316326
1568736316340
1568736316354
1568736316366
1568736316380
1568736316392
1568736316406
1568736316419
1568736316431
1568736316444
1568736316458
1568736316471
1568736316483
1568736316496
1568736316509
1568736316523
1568736316537
1568736316549
1568736316562
1568736316575
1568736316589
1568736316602
1568736316615
1568736316628
1568736316640
1568736316655
1568736316668
1568736316682
1568736316696
1568736316709
1568736316723
1568736316736
1568736316749
1568736316762
1568736316775
1568736316788
1568736316801
1568736316814
1568736316828
1568736316842
1568736316856
1568736316869
1568736316881
1568736316894
1568736316908
1568736316920
1568736316933
1568736316946
1568736316960
1568736316973
1568736316988
1568736317001
1568736317014
1568736317027
1568736317039
1568736317052
1568736317064
1568736317077
1568736317090
1568736317103
1568736317116
1568736317129
1568736317142
1568736317155
1568736317168
1568736317181
1568736317195
1568736317208
1568736317221
1568736317235
1568736317249
1568736317262
1568736317276
1568736317290
1568736317303
1568736317316
1568736317329
1568736317342
1568736317355
1568736317368
1568736317381
1568736317395
1568736317410
1568736317423
1568736317437
1568736317451
1568736317466
1568736317479
1568736317493
1568736317507
1568736317523
