1568736303363
1568736303376
1568736303391
1568736303404
1568736303416
1568736303429
1568736303441
1568736303454
1568736303467
1568736303481
1568736303494
1568736303507
1568736303519
1568736303531
1568736303543
1568736303556
1568736303569
1568736303583
1568736303595
1568736303609
1568736303621
1568736303634
1568736303647
1568736303660
1568736303672
1568736303685
1568736303698
1568736303711
1568736303724
1568736303737
1568736303749
1568736303761
1568736303773
1568736303785
1568736303800
1568736303813
1568736303826
1568736303840
1568736303852
1568736303865
1568736303878
1568736303891
1568736303904
1568736303916
1568736303928
1568736303941
1568736303954
1568736303966
1568736303979
1568736303992
1568736304006
1568736304019
1568736304031
1568736304045
1568736304057
1568736304070
1568736304083
1568736304097
1568736304110
1568736304123
1568736304136
1568736304149
1568736304163
1568736304176
1568736304189
1568736304202
1568736304215
1568736304228
1568736304241
1568736304254
1568736304266
1568736304279
1568736304291
1568736304305
1568736304317
1568736304331
1568736304344
1568736304358
1568736304372
1568736304385
1568736304398
1568736304411
1568736304424
1568736304438
1568736304451
1568736304465
1568736304479
1568736304492
1568736304507
1568736304521
1568736304534
1568736304547
1568736304561
1568736304575
1568736304588
1568736304601
1568736304615
1568736304630
1568736304643
1568736304658
1568736304671
1568736304685
1568736304698
1568736304711
1568736304724
1568736304737
1568736304750
1568736304764
1568736304777
1568736304792
1568736304806
1568736304821
1568736304835
1568736304849
1568736304862
1568736304876
1568736304889
1568736304902
1568736304914
1568736304926
1568736304939
1568736304952
1568736304964
1568736304976
1568736304988
1568736305000
1568736305013
1568736305026
1568736305040
1568736305054
1568736305067
1568736305080
1568736305092
1568736305105
1568736305118
1568736305130
1568736305143
1568736305155
1568736305167
1568736305179
1568736305192
1568736305204
1568736305217
1568736305229
1568736305241
1568736305254
1568736305267
1568736305280
1568736305293
1568736305306
