1568995241102
1568995241114
1568995241128
1568995241141
1568995241154
1568995241167
1568995241179
1568995241190
1568995241203
1568995241216
1568995241227
1568995241239
1568995241251
1568995241263
1568995241276
1568995241290
1568995241302
1568995241314
1568995241325
1568995241336
1568995241347
1568995241358
1568995241369
1568995241381
1568995241393
1568995241405
1568995241416
1568995241428
1568995241439
1568995241449
1568995241462
1568995241474
1568995241486
1568995241499
1568995241511
1568995241525
1568995241540
1568995241554
1568995241566
1568995241579
1568995241590
1568995241601
1568995241614
1568995241628
1568995241641
1568995241654
1568995241667
1568995241679
1568995241692
1568995241704
1568995241717
1568995241730
1568995241743
1568995241755
1568995241767
1568995241779
1568995241791
1568995241803
1568995241815
1568995241826
1568995241838
1568995241851
1568995241864
1568995241877
1568995241890
1568995241903
1568995241917
1568995241929
1568995241942
1568995241955
1568995241968
1568995241982
1568995241995
1568995242008
1568995242020
1568995242032
1568995242043
1568995242055
1568995242067
1568995242080
1568995242091
1568995242104
1568995242116
1568995242128
1568995242142
1568995242156
1568995242168
1568995242180
1568995242192
1568995242205
1568995242217
1568995242230
1568995242242
1568995242254
1568995242268
1568995242281
1568995242292
1568995242305
1568995242319
1568995242332
1568995242344
1568995242356
1568995242369
1568995242382
1568995242395
1568995242407
1568995242420
1568995242433
1568995242445
1568995242458
1568995242472
1568995242485
1568995242497
1568995242509
1568995242521
1568995242533
1568995242546
1568995242558
1568995242572
1568995242586
1568995242599
1568995242612
1568995242626
1568995242639
1568995242652
1568995242666
1568995242679
1568995242692
1568995242704
1568995242715
1568995242725
1568995242736
1568995242748
1568995242761
1568995242774
1568995242786
1568995242798
1568995242810
1568995242822
1568995242833
1568995242844
1568995242855
1568995242866
1568995242877
1568995242889
1568995242901
1568995242913
1568995242928
1568995242941
1568995242954
