1568995236268
1568995236280
1568995236294
1568995236306
1568995236317
1568995236330
1568995236341
1568995236353
1568995236365
1568995236376
1568995236388
1568995236400
1568995236411
1568995236424
1568995236436
1568995236447
1568995236459
1568995236471
1568995236481
1568995236492
1568995236503
1568995236515
1568995236527
1568995236539
1568995236549
1568995236562
1568995236573
1568995236585
1568995236595
1568995236607
1568995236619
1568995236630
1568995236640
1568995236652
1568995236664
1568995236676
1568995236687
1568995236699
1568995236711
1568995236722
1568995236732
1568995236744
1568995236756
1568995236768
1568995236780
1568995236792
1568995236805
1568995236817
1568995236829
1568995236840
1568995236851
1568995236862
1568995236873
1568995236884
1568995236895
1568995236907
1568995236918
1568995236930
1568995236944
1568995236956
1568995236967
1568995236979
1568995236990
1568995237002
1568995237014
1568995237026
1568995237036
1568995237048
1568995237060
1568995237072
1568995237083
1568995237095
1568995237107
1568995237119
1568995237132
1568995237146
1568995237160
1568995237172
1568995237184
1568995237194
1568995237206
1568995237217
1568995237227
1568995237240
1568995237252
1568995237265
1568995237279
1568995237292
1568995237304
1568995237317
1568995237329
1568995237342
1568995237355
1568995237368
1568995237381
1568995237393
1568995237404
1568995237418
1568995237430
1568995237444
1568995237456
1568995237471
1568995237484
1568995237496
1568995237508
1568995237521
1568995237534
1568995237547
1568995237560
1568995237574
1568995237587
1568995237600
1568995237612
1568995237626
1568995237640
1568995237653
1568995237666
1568995237679
1568995237691
1568995237704
1568995237718
1568995237732
1568995237745
1568995237757
1568995237770
1568995237783
1568995237796
1568995237808
1568995237821
1568995237833
1568995237844
1568995237857
1568995237871
1568995237884
1568995237897
1568995237910
1568995237922
1568995237935
1568995237947
1568995237960
1568995237971
1568995237984
1568995237996
1568995238008
1568995238021
1568995238034
1568995238046
1568995238059
1568995238071
1568995238084
