1568995231377
1568995231389
1568995231403
1568995231416
1568995231427
1568995231439
1568995231450
1568995231462
1568995231474
1568995231487
1568995231498
1568995231510
1568995231521
1568995231536
1568995231548
1568995231560
1568995231574
1568995231587
1568995231600
1568995231612
1568995231623
1568995231635
1568995231646
1568995231658
1568995231669
1568995231681
1568995231693
1568995231704
1568995231715
1568995231726
1568995231738
1568995231750
1568995231764
1568995231776
1568995231787
1568995231799
1568995231813
1568995231826
1568995231838
1568995231850
1568995231862
1568995231872
1568995231884
1568995231895
1568995231908
1568995231919
1568995231931
1568995231942
1568995231954
1568995231965
1568995231976
1568995231988
1568995232000
1568995232010
1568995232022
1568995232034
1568995232046
1568995232059
1568995232069
1568995232081
1568995232093
1568995232106
1568995232118
1568995232128
1568995232141
1568995232153
1568995232164
1568995232174
1568995232186
1568995232199
1568995232211
1568995232223
1568995232234
1568995232246
1568995232258
1568995232270
1568995232280
1568995232292
1568995232304
1568995232317
1568995232328
1568995232339
1568995232351
1568995232365
1568995232377
1568995232390
1568995232402
1568995232415
1568995232427
1568995232440
1568995232452
1568995232464
1568995232475
1568995232487
1568995232499
1568995232512
1568995232525
1568995232538
1568995232552
1568995232566
1568995232579
1568995232591
1568995232603
1568995232615
1568995232627
1568995232639
1568995232651
1568995232664
1568995232678
1568995232692
1568995232704
1568995232718
1568995232731
1568995232744
1568995232756
1568995232769
1568995232783
1568995232796
1568995232808
1568995232821
1568995232834
1568995232847
1568995232861
1568995232873
1568995232885
1568995232898
1568995232910
1568995232922
1568995232935
1568995232948
1568995232963
1568995232976
1568995232989
1568995233000
1568995233012
1568995233024
1568995233037
1568995233050
1568995233062
1568995233074
1568995233085
1568995233097
1568995233109
1568995233121
1568995233132
1568995233144
1568995233156
1568995233168
1568995233181
1568995233194
