1568995214848
1568995214859
1568995214872
1568995214882
1568995214893
1568995214903
1568995214914
1568995214924
1568995214935
1568995214946
1568995214956
1568995214968
1568995214979
1568995214989
1568995215001
1568995215014
1568995215026
1568995215037
1568995215049
1568995215061
1568995215073
1568995215085
1568995215096
1568995215108
1568995215121
1568995215134
1568995215147
1568995215160
1568995215173
1568995215185
1568995215198
1568995215209
1568995215219
1568995215231
1568995215244
1568995215256
1568995215268
1568995215280
1568995215292
1568995215305
1568995215317
1568995215330
1568995215343
1568995215355
1568995215366
1568995215378
1568995215391
1568995215403
1568995215416
1568995215429
1568995215442
1568995215455
1568995215467
1568995215480
1568995215491
1568995215503
1568995215516
1568995215529
1568995215541
1568995215554
1568995215567
1568995215579
1568995215592
1568995215606
1568995215618
1568995215630
1568995215641
1568995215653
1568995215665
1568995215678
1568995215691
1568995215702
1568995215713
1568995215726
1568995215738
1568995215750
1568995215762
1568995215773
1568995215785
1568995215798
1568995215810
1568995215822
1568995215834
1568995215847
1568995215861
1568995215874
1568995215888
1568995215901
1568995215914
1568995215926
1568995215937
1568995215950
1568995215962
1568995215973
1568995215986
1568995215999
1568995216013
1568995216027
1568995216039
1568995216053
1568995216065
1568995216079
1568995216094
1568995216107
1568995216120
1568995216133
1568995216147
1568995216163
1568995216176
1568995216188
1568995216201
1568995216216
1568995216230
1568995216243
1568995216257
1568995216270
1568995216283
1568995216296
1568995216309
1568995216321
1568995216334
1568995216347
1568995216359
1568995216372
1568995216384
1568995216397
1568995216409
1568995216421
1568995216434
1568995216447
1568995216459
1568995216470
1568995216484
1568995216497
1568995216510
1568995216522
1568995216535
1568995216546
1568995216559
1568995216571
1568995216582
1568995216593
1568995216605
1568995216617
1568995216628
1568995216641
1568995216653
1568995216665
1568995216676
1568995216688
