1568995258225
1568995258239
1568995258255
1568995258267
1568995258279
1568995258291
1568995258301
1568995258312
1568995258323
1568995258337
1568995258350
1568995258364
1568995258377
1568995258389
1568995258401
1568995258413
1568995258426
1568995258439
1568995258451
1568995258463
1568995258475
1568995258487
1568995258499
1568995258512
1568995258525
1568995258539
1568995258552
1568995258566
1568995258578
1568995258591
1568995258603
1568995258618
1568995258632
1568995258646
1568995258660
1568995258673
1568995258685
1568995258697
1568995258753
1568995258802
1568995258839
1568995258862
1568995258883
1568995258899
1568995258914
1568995258928
1568995258941
1568995258954
1568995258967
1568995258978
1568995258989
1568995259000
1568995259012
1568995259023
1568995259035
1568995259046
1568995259058
1568995259072
1568995259085
1568995259095
1568995259107
1568995259119
1568995259133
1568995259147
1568995259161
1568995259173
1568995259185
1568995259197
1568995259209
1568995259220
1568995259302
1568995259337
1568995259364
1568995259386
1568995259404
1568995259421
1568995259436
1568995259451
1568995259464
1568995259476
1568995259488
1568995259500
1568995259513
1568995259526
1568995259540
1568995259553
1568995259567
1568995259581
1568995259594
1568995259607
1568995259620
1568995259633
1568995259645
1568995259658
1568995259672
1568995259686
1568995259699
1568995259713
1568995259726
1568995259740
1568995259753
1568995259766
1568995259778
1568995259791
1568995259803
1568995259817
1568995259831
1568995259845
1568995259858
1568995259871
1568995259884
1568995259897
1568995259910
1568995259923
1568995259935
1568995259949
1568995259963
1568995259976
1568995259988
1568995260002
1568995260014
1568995260028
1568995260040
1568995260054
1568995260068
1568995260083
1568995260096
1568995260109
1568995260121
1568995260132
1568995260144
1568995260156
1568995260170
1568995260184
1568995260197
1568995260209
1568995260222
1568995260233
1568995260245
1568995260256
1568995260267
1568995260279
1568995260290
1568995260362
1568995260400
1568995260429
1568995260448
1568995260465
1568995260479
1568995260494
