1568995211556
1568995211568
1568995211581
1568995211592
1568995211602
1568995211613
1568995211624
1568995211635
1568995211646
1568995211657
1568995211668
1568995211679
1568995211690
1568995211703
1568995211714
1568995211726
1568995211738
1568995211751
1568995211762
1568995211773
1568995211784
1568995211797
1568995211808
1568995211818
1568995211830
1568995211843
1568995211856
1568995211868
1568995211878
1568995211890
1568995211902
1568995211913
1568995211924
1568995211935
1568995211946
1568995211957
1568995211968
1568995211981
1568995211994
1568995212005
1568995212016
1568995212027
1568995212039
1568995212050
1568995212061
1568995212073
1568995212083
1568995212095
1568995212107
1568995212119
1568995212130
1568995212141
1568995212152
1568995212164
1568995212174
1568995212186
1568995212198
1568995212210
1568995212220
1568995212232
1568995212245
1568995212256
1568995212267
1568995212279
1568995212292
1568995212303
1568995212314
1568995212324
1568995212336
1568995212346
1568995212357
1568995212369
1568995212381
1568995212392
1568995212404
1568995212417
1568995212428
1568995212440
1568995212450
1568995212461
1568995212473
1568995212484
1568995212495
1568995212507
1568995212517
1568995212530
1568995212542
1568995212554
1568995212567
1568995212578
1568995212590
1568995212603
1568995212614
1568995212625
1568995212637
1568995212648
1568995212660
1568995212672
1568995212685
1568995212698
1568995212711
1568995212723
1568995212735
1568995212747
1568995212759
1568995212771
1568995212784
1568995212796
1568995212809
1568995212821
1568995212834
1568995212846
1568995212857
1568995212869
1568995212881
1568995212893
1568995212905
1568995212918
1568995212930
1568995212943
1568995212955
1568995212969
1568995212981
1568995212994
1568995213007
1568995213020
1568995213033
1568995213046
1568995213059
1568995213072
1568995213085
1568995213098
1568995213111
1568995213123
1568995213137
1568995213150
1568995213161
1568995213173
1568995213186
1568995213198
1568995213210
1568995213221
1568995213233
1568995213244
1568995213257
1568995213269
1568995213281
1568995213293
1568995213305
1568995213316
