1568995229744
1568995229758
1568995229771
1568995229782
1568995229793
1568995229804
1568995229815
1568995229826
1568995229837
1568995229848
1568995229861
1568995229873
1568995229885
1568995229898
1568995229911
1568995229923
1568995229935
1568995229946
1568995229956
1568995229968
1568995229979
1568995229990
1568995230001
1568995230013
1568995230024
1568995230035
1568995230047
1568995230059
1568995230069
1568995230081
1568995230092
1568995230102
1568995230113
1568995230125
1568995230136
1568995230147
1568995230159
1568995230171
1568995230183
1568995230194
1568995230205
1568995230217
1568995230227
1568995230238
1568995230250
1568995230260
1568995230272
1568995230284
1568995230295
1568995230306
1568995230318
1568995230330
1568995230342
1568995230353
1568995230364
1568995230376
1568995230388
1568995230398
1568995230410
1568995230421
1568995230434
1568995230446
1568995230457
1568995230469
1568995230480
1568995230490
1568995230502
1568995230513
1568995230525
1568995230535
1568995230547
1568995230559
1568995230569
1568995230582
1568995230593
1568995230606
1568995230617
1568995230628
1568995230640
1568995230652
1568995230663
1568995230674
1568995230685
1568995230698
1568995230710
1568995230723
1568995230735
1568995230747
1568995230759
1568995230771
1568995230784
1568995230796
1568995230808
1568995230820
1568995230831
1568995230843
1568995230856
1568995230870
1568995230883
1568995230895
1568995230908
1568995230920
1568995230931
1568995230943
1568995230955
1568995230968
1568995230980
1568995230992
1568995231005
1568995231017
1568995231029
1568995231041
1568995231053
1568995231067
1568995231079
1568995231092
1568995231105
1568995231118
1568995231130
1568995231142
1568995231154
1568995231168
1568995231183
1568995231196
1568995231208
1568995231220
1568995231234
1568995231246
1568995231259
1568995231271
1568995231284
1568995231297
1568995231310
1568995231323
1568995231337
1568995231350
1568995231363
1568995231374
1568995231385
1568995231397
1568995231410
1568995231422
1568995231434
1568995231445
1568995231457
1568995231472
1568995231484
1568995231496
1568995231508
1568995231520
