1568995237854
1568995237868
1568995237883
1568995237895
1568995237907
1568995237919
1568995237931
1568995237944
1568995237956
1568995237967
1568995237978
1568995237990
1568995238003
1568995238015
1568995238027
1568995238040
1568995238051
1568995238063
1568995238075
1568995238086
1568995238099
1568995238112
1568995238124
1568995238136
1568995238148
1568995238161
1568995238173
1568995238185
1568995238197
1568995238210
1568995238222
1568995238233
1568995238246
1568995238258
1568995238270
1568995238283
1568995238295
1568995238308
1568995238320
1568995238331
1568995238343
1568995238355
1568995238367
1568995238379
1568995238391
1568995238404
1568995238417
1568995238429
1568995238442
1568995238456
1568995238469
1568995238481
1568995238493
1568995238504
1568995238515
1568995238529
1568995238543
1568995238556
1568995238568
1568995238581
1568995238593
1568995238605
1568995238618
1568995238630
1568995238640
1568995238652
1568995238664
1568995238677
1568995238688
1568995238699
1568995238711
1568995238723
1568995238735
1568995238746
1568995238758
1568995238771
1568995238783
1568995238795
1568995238806
1568995238818
1568995238830
1568995238842
1568995238854
1568995238868
1568995238882
1568995238895
1568995238909
1568995238922
1568995238935
1568995238947
1568995238960
1568995238973
1568995238986
1568995238999
1568995239013
1568995239026
1568995239038
1568995239052
1568995239065
1568995239079
1568995239092
1568995239106
1568995239119
1568995239132
1568995239146
1568995239160
1568995239172
1568995239184
1568995239197
1568995239213
1568995239227
1568995239240
1568995239254
1568995239268
1568995239281
1568995239295
1568995239308
1568995239321
1568995239334
1568995239346
1568995239359
1568995239373
1568995239387
1568995239400
1568995239414
1568995239428
1568995239440
1568995239454
1568995239467
1568995239480
1568995239493
1568995239506
1568995239518
1568995239533
1568995239547
1568995239560
1568995239573
1568995239586
1568995239599
1568995239610
1568995239648
1568995239709
1568995239742
1568995239773
1568995239793
1568995239810
1568995239825
1568995239839
1568995239851
1568995239863
