1568995208303
1568995208316
1568995208329
1568995208341
1568995208351
1568995208363
1568995208374
1568995208386
1568995208397
1568995208408
1568995208419
1568995208430
1568995208441
1568995208456
1568995208468
1568995208481
1568995208491
1568995208503
1568995208514
1568995208525
1568995208536
1568995208547
1568995208558
1568995208569
1568995208580
1568995208593
1568995208604
1568995208615
1568995208627
1568995208638
1568995208649
1568995208660
1568995208671
1568995208682
1568995208693
1568995208705
1568995208716
1568995208727
1568995208739
1568995208751
1568995208762
1568995208773
1568995208784
1568995208796
1568995208807
1568995208818
1568995208830
1568995208841
1568995208852
1568995208865
1568995208877
1568995208888
1568995208899
1568995208911
1568995208922
1568995208934
1568995208945
1568995208957
1568995208968
1568995208979
1568995208990
1568995209002
1568995209014
1568995209025
1568995209036
1568995209048
1568995209059
1568995209069
1568995209081
1568995209093
1568995209103
1568995209114
1568995209126
1568995209138
1568995209149
1568995209160
1568995209172
1568995209184
1568995209194
1568995209206
1568995209218
1568995209229
1568995209240
1568995209251
1568995209263
1568995209275
1568995209289
1568995209302
1568995209315
1568995209327
1568995209339
1568995209352
1568995209364
1568995209376
1568995209388
1568995209402
1568995209415
1568995209428
1568995209441
1568995209454
1568995209467
1568995209480
1568995209492
1568995209504
1568995209516
1568995209528
1568995209541
1568995209554
1568995209567
1568995209581
1568995209594
1568995209607
1568995209620
1568995209633
1568995209646
1568995209659
1568995209671
1568995209684
1568995209697
1568995209710
1568995209723
1568995209736
1568995209748
1568995209760
1568995209772
1568995209785
1568995209797
1568995209810
1568995209822
1568995209835
1568995209848
1568995209861
1568995209874
1568995209887
1568995209899
1568995209911
1568995209923
1568995209935
1568995209947
1568995209958
1568995209970
1568995209981
1568995209992
1568995210003
1568995210016
1568995210028
1568995210040
1568995210053
1568995210066
1568995210078
