1568995221495
1568995221507
1568995221519
1568995221530
1568995221541
1568995221552
1568995221564
1568995221575
1568995221586
1568995221597
1568995221608
1568995221619
1568995221630
1568995221642
1568995221654
1568995221666
1568995221678
1568995221690
1568995221700
1568995221713
1568995221726
1568995221738
1568995221750
1568995221761
1568995221772
1568995221785
1568995221797
1568995221810
1568995221821
1568995221832
1568995221844
1568995221856
1568995221868
1568995221879
1568995221890
1568995221902
1568995221915
1568995221927
1568995221938
1568995221950
1568995221962
1568995221974
1568995221986
1568995221997
1568995222009
1568995222023
1568995222035
1568995222047
1568995222060
1568995222073
1568995222086
1568995222098
1568995222108
1568995222120
1568995222133
1568995222145
1568995222156
1568995222167
1568995222179
1568995222192
1568995222205
1568995222218
1568995222230
1568995222243
1568995222253
1568995222266
1568995222278
1568995222291
1568995222304
1568995222317
1568995222329
1568995222341
1568995222352
1568995222365
1568995222377
1568995222390
1568995222403
1568995222415
1568995222428
1568995222441
1568995222451
1568995222463
1568995222475
1568995222488
1568995222501
1568995222515
1568995222527
1568995222540
1568995222552
1568995222565
1568995222577
1568995222589
1568995222601
1568995222614
1568995222626
1568995222638
1568995222651
1568995222664
1568995222677
1568995222690
1568995222703
1568995222715
1568995222727
1568995222739
1568995222752
1568995222764
1568995222776
1568995222789
1568995222802
1568995222815
1568995222829
1568995222841
1568995222853
1568995222865
1568995222877
1568995222889
1568995222902
1568995222914
1568995222927
1568995222940
1568995222952
1568995222965
1568995222977
1568995222989
1568995223002
1568995223015
1568995223026
1568995223038
1568995223050
1568995223063
1568995223075
1568995223088
1568995223101
1568995223114
1568995223127
1568995223140
1568995223152
1568995223162
1568995223174
1568995223185
1568995223197
1568995223209
1568995223220
1568995223231
1568995223243
1568995223256
1568995223268
1568995223279
1568995223291
1568995223303
