1568999583947
1568999583961
1568999583974
1568999583987
1568999583998
1568999584011
1568999584024
1568999584036
1568999584049
1568999584061
1568999584073
1568999584086
1568999584099
1568999584112
1568999584123
1568999584135
1568999584148
1568999584161
1568999584174
1568999584186
1568999584198
1568999584210
1568999584223
1568999584235
1568999584248
1568999584261
1568999584274
1568999584286
1568999584299
1568999584312
1568999584324
1568999584338
1568999584350
1568999584363
1568999584377
1568999584390
1568999584403
1568999584416
1568999584429
1568999584442
1568999584455
1568999584468
1568999584481
1568999584494
1568999584508
1568999584521
1568999584533
1568999584544
1568999584558
1568999584572
1568999584584
1568999584596
1568999584609
1568999584622
1568999584635
1568999584648
1568999584660
1568999584673
1568999584686
1568999584699
1568999584712
1568999584725
1568999584738
1568999584752
1568999584765
1568999584778
1568999584791
1568999584804
1568999584817
1568999584830
1568999584843
1568999584855
1568999584866
1568999584881
1568999584893
1568999584906
1568999584920
1568999584932
1568999584945
1568999584958
1568999584971
1568999584983
1568999584995
1568999585009
1568999585022
1568999585036
1568999585049
1568999585061
1568999585074
1568999585087
1568999585099
1568999585112
1568999585125
1568999585139
1568999585152
1568999585165
1568999585179
1568999585192
1568999585206
1568999585219
1568999585233
1568999585247
1568999585261
1568999585274
1568999585286
1568999585299
1568999585312
1568999585326
1568999585339
1568999585353
1568999585366
1568999585379
1568999585391
1568999585404
1568999585417
1568999585430
1568999585443
1568999585456
1568999585468
1568999585482
1568999585495
1568999585509
1568999585522
1568999585535
1568999585548
1568999585561
1568999585573
1568999585586
1568999585599
1568999585610
1568999585622
1568999585633
1568999585646
1568999585658
1568999585670
1568999585681
1568999585693
1568999585705
1568999585717
1568999585728
1568999585740
1568999585751
1568999585763
1568999585775
1568999585787
1568999585800
1568999585814
1568999585829
1568999585842
1568999585855
