1568999559745
1568999559759
1568999559772
1568999559784
1568999559795
1568999559806
1568999559817
1568999559828
1568999559839
1568999559851
1568999559863
1568999559874
1568999559886
1568999559899
1568999559911
1568999559923
1568999559935
1568999559946
1568999559958
1568999559970
1568999559982
1568999559993
1568999560005
1568999560017
1568999560029
1568999560042
1568999560055
1568999560068
1568999560079
1568999560090
1568999560103
1568999560114
1568999560126
1568999560137
1568999560149
1568999560161
1568999560173
1568999560185
1568999560196
1568999560208
1568999560221
1568999560233
1568999560245
1568999560256
1568999560267
1568999560279
1568999560291
1568999560302
1568999560314
1568999560326
1568999560339
1568999560351
1568999560363
1568999560374
1568999560386
1568999560398
1568999560410
1568999560422
1568999560433
1568999560445
1568999560457
1568999560470
1568999560482
1568999560493
1568999560504
1568999560516
1568999560528
1568999560540
1568999560550
1568999560563
1568999560576
1568999560589
1568999560601
1568999560614
1568999560627
1568999560639
1568999560651
1568999560663
1568999560676
1568999560688
1568999560701
1568999560713
1568999560726
1568999560738
1568999560751
1568999560764
1568999560777
1568999560790
1568999560804
1568999560816
1568999560828
1568999560840
1568999560853
1568999560866
1568999560879
1568999560893
1568999560906
1568999560920
1568999560932
1568999560945
1568999560958
1568999560971
1568999560984
1568999560997
1568999561010
1568999561023
1568999561036
1568999561049
1568999561062
1568999561076
1568999561089
1568999561102
1568999561116
1568999561129
1568999561142
1568999561155
1568999561168
1568999561182
1568999561195
1568999561208
1568999561221
1568999561235
1568999561248
1568999561261
1568999561274
1568999561287
1568999561300
1568999561313
1568999561326
1568999561338
1568999561351
1568999561363
1568999561376
1568999561388
1568999561400
1568999561412
1568999561424
1568999561436
1568999561448
1568999561460
1568999561471
1568999561483
1568999561496
1568999561507
1568999561520
1568999561533
1568999561544
1568999561556
1568999561568
1568999561581
