1568999609872
1568999609884
1568999609898
1568999609911
1568999609924
1568999609938
1568999609951
1568999609965
1568999609978
1568999609991
1568999610003
1568999610016
1568999610029
1568999610043
1568999610057
1568999610070
1568999610083
1568999610096
1568999610108
1568999610121
1568999610134
1568999610147
1568999610159
1568999610171
1568999610182
1568999610195
1568999610208
1568999610220
1568999610233
1568999610246
1568999610258
1568999610270
1568999610283
1568999610345
1568999610383
1568999610415
1568999610440
1568999610463
1568999610482
1568999610498
1568999610514
1568999610528
1568999610541
1568999610554
1568999610566
1568999610578
1568999610589
1568999610602
1568999610614
1568999610628
1568999610641
1568999610653
1568999610666
1568999610679
1568999610692
1568999610704
1568999610717
1568999610730
1568999610741
1568999610753
1568999610766
1568999610779
1568999610792
1568999610805
1568999610818
1568999610832
1568999610846
1568999610859
1568999610871
1568999610883
1568999610895
1568999610909
1568999610923
1568999610937
1568999610949
1568999610962
1568999610975
1568999610988
1568999611002
1568999611014
1568999611027
1568999611040
1568999611053
1568999611066
1568999611078
1568999611092
1568999611106
1568999611119
1568999611132
1568999611145
1568999611158
1568999611172
1568999611185
1568999611198
1568999611212
1568999611225
1568999611238
1568999611252
1568999611265
1568999611278
1568999611292
1568999611305
1568999611318
1568999611331
1568999611345
1568999611358
1568999611371
1568999611385
1568999611398
1568999611412
1568999611425
1568999611438
1568999611451
1568999611464
1568999611478
1568999611492
1568999611505
1568999611517
1568999611529
1568999611542
1568999611556
1568999611568
1568999611581
1568999611592
1568999611604
1568999611616
1568999611628
1568999611642
1568999611655
1568999611668
1568999611681
1568999611693
1568999611706
1568999611720
1568999611733
1568999611746
1568999611759
1568999611771
1568999611784
1568999611797
1568999611810
1568999611822
1568999611835
1568999611847
1568999611860
1568999611874
1568999611888
1568999611900
1568999611913
1568999611926
