1568999558116
1568999558129
1568999558142
1568999558154
1568999558166
1568999558177
1568999558188
1568999558200
1568999558211
1568999558223
1568999558234
1568999558246
1568999558258
1568999558271
1568999558283
1568999558295
1568999558307
1568999558319
1568999558330
1568999558342
1568999558354
1568999558366
1568999558379
1568999558391
1568999558403
1568999558416
1568999558429
1568999558440
1568999558452
1568999558464
1568999558477
1568999558489
1568999558502
1568999558515
1568999558525
1568999558537
1568999558550
1568999558563
1568999558575
1568999558588
1568999558599
1568999558610
1568999558622
1568999558635
1568999558647
1568999558660
1568999558674
1568999558686
1568999558700
1568999558713
1568999558726
1568999558738
1568999558750
1568999558762
1568999558774
1568999558786
1568999558799
1568999558811
1568999558824
1568999558837
1568999558850
1568999558863
1568999558874
1568999558886
1568999558899
1568999558912
1568999558924
1568999558936
1568999558948
1568999558962
1568999558974
1568999558987
1568999558999
1568999559012
1568999559025
1568999559038
1568999559051
1568999559063
1568999559076
1568999559090
1568999559103
1568999559116
1568999559128
1568999559142
1568999559156
1568999559169
1568999559182
1568999559195
1568999559209
1568999559222
1568999559234
1568999559247
1568999559260
1568999559273
1568999559286
1568999559299
1568999559312
1568999559326
1568999559340
1568999559353
1568999559366
1568999559378
1568999559391
1568999559405
1568999559418
1568999559430
1568999559443
1568999559456
1568999559470
1568999559484
1568999559497
1568999559510
1568999559524
1568999559537
1568999559550
1568999559563
1568999559576
1568999559590
1568999559603
1568999559616
1568999559629
1568999559643
1568999559656
1568999559670
1568999559682
1568999559695
1568999559708
1568999559721
1568999559734
1568999559746
1568999559758
1568999559770
1568999559783
1568999559795
1568999559807
1568999559819
1568999559832
1568999559844
1568999559856
1568999559869
1568999559881
1568999559892
1568999559905
1568999559918
1568999559930
1568999559943
1568999559958
1568999559970
1568999559982
1568999559995
