1568999582350
1568999582364
1568999582378
1568999582390
1568999582402
1568999582415
1568999582427
1568999582438
1568999582450
1568999582463
1568999582475
1568999582486
1568999582498
1568999582511
1568999582523
1568999582536
1568999582548
1568999582561
1568999582572
1568999582583
1568999582594
1568999582606
1568999582617
1568999582630
1568999582642
1568999582656
1568999582669
1568999582682
1568999582694
1568999582707
1568999582720
1568999582732
1568999582745
1568999582758
1568999582770
1568999582782
1568999582794
1568999582808
1568999582820
1568999582833
1568999582846
1568999582859
1568999582871
1568999582884
1568999582896
1568999582910
1568999582922
1568999582935
1568999582947
1568999582961
1568999582974
1568999582987
1568999583001
1568999583015
1568999583027
1568999583039
1568999583051
1568999583063
1568999583076
1568999583088
1568999583101
1568999583114
1568999583126
1568999583140
1568999583152
1568999583165
1568999583178
1568999583190
1568999583202
1568999583215
1568999583227
1568999583240
1568999583252
1568999583266
1568999583279
1568999583292
1568999583305
1568999583318
1568999583331
1568999583344
1568999583356
1568999583369
1568999583382
1568999583394
1568999583408
1568999583422
1568999583435
1568999583448
1568999583461
1568999583474
1568999583488
1568999583501
1568999583514
1568999583528
1568999583541
1568999583554
1568999583567
1568999583581
1568999583594
1568999583608
1568999583621
1568999583634
1568999583647
1568999583660
1568999583673
1568999583687
1568999583700
1568999583713
1568999583726
1568999583740
1568999583753
1568999583766
1568999583779
1568999583792
1568999583805
1568999583818
1568999583831
1568999583844
1568999583857
1568999583870
1568999583884
1568999583897
1568999583911
1568999583925
1568999583938
1568999583950
1568999583962
1568999583974
1568999583987
1568999583999
1568999584012
1568999584025
1568999584038
1568999584052
1568999584066
1568999584078
1568999584092
1568999584104
1568999584116
1568999584127
1568999584139
1568999584153
1568999584165
1568999584178
1568999584191
1568999584204
1568999584218
1568999584231
1568999584245
1568999584258
