1568392230044
1568392230058
1568392230071
1568392230083
1568392230095
1568392230107
1568392230119
1568392230131
1568392230143
1568392230156
1568392230168
1568392230180
1568392230192
1568392230205
1568392230218
1568392230230
1568392230243
1568392230255
1568392230266
1568392230279
1568392230291
1568392230303
1568392230315
1568392230328
1568392230340
1568392230354
1568392230367
1568392230379
1568392230391
1568392230404
1568392230417
1568392230430
1568392230443
1568392230456
1568392230468
1568392230482
1568392230494
1568392230508
1568392230521
1568392230534
1568392230547
1568392230560
1568392230572
1568392230585
1568392230598
1568392230611
1568392230624
1568392230637
1568392230649
1568392230662
1568392230674
1568392230687
1568392230700
1568392230713
1568392230725
1568392230738
1568392230751
1568392230764
1568392230777
1568392230790
1568392230802
1568392230816
1568392230829
1568392230842
1568392230855
1568392230868
1568392230881
1568392230894
1568392230907
1568392230920
1568392230932
1568392230944
1568392230956
1568392230969
1568392230982
1568392230996
1568392231009
1568392231023
1568392231036
1568392231049
1568392231061
1568392231074
1568392231087
1568392231099
1568392231112
1568392231126
1568392231139
1568392231152
1568392231165
1568392231178
1568392231191
1568392231204
1568392231216
1568392231230
1568392231243
1568392231256
1568392231269
1568392231283
1568392231296
1568392231310
1568392231324
1568392231337
1568392231350
1568392231363
1568392231377
1568392231390
1568392231403
1568392231416
1568392231429
1568392231443
1568392231457
1568392231469
1568392231482
1568392231496
1568392231509
1568392231522
1568392231536
1568392231548
1568392231561
1568392231575
1568392231588
1568392231602
1568392231614
1568392231627
1568392231639
1568392231652
1568392231664
1568392231676
1568392231689
1568392231701
1568392231713
1568392231725
1568392231738
1568392231751
1568392231763
1568392231776
1568392231788
1568392231800
1568392231812
1568392231825
1568392231837
1568392231849
1568392231861
1568392231874
1568392231886
1568392231899
1568392231912
1568392231924
1568392231936
1568392231948
