1568392233174
1568392233185
1568392233198
1568392233210
1568392233222
1568392233233
1568392233245
1568392233257
1568392233268
1568392233280
1568392233292
1568392233304
1568392233316
1568392233329
1568392233342
1568392233354
1568392233366
1568392233378
1568392233390
1568392233403
1568392233415
1568392233427
1568392233439
1568392233452
1568392233464
1568392233477
1568392233489
1568392233501
1568392233514
1568392233527
1568392233540
1568392233552
1568392233565
1568392233578
1568392233590
1568392233602
1568392233614
1568392233628
1568392233641
1568392233654
1568392233667
1568392233680
1568392233692
1568392233706
1568392233719
1568392233733
1568392233746
1568392233759
1568392233772
1568392233786
1568392233799
1568392233812
1568392233825
1568392233838
1568392233851
1568392233864
1568392233877
1568392233891
1568392233904
1568392233917
1568392233930
1568392233944
1568392233958
1568392233972
1568392233984
1568392233997
1568392234010
1568392234023
1568392234036
1568392234049
1568392234062
1568392234076
1568392234088
1568392234102
1568392234115
1568392234128
1568392234141
1568392234156
1568392234170
1568392234183
1568392234196
1568392234210
1568392234224
1568392234237
1568392234250
1568392234264
1568392234277
1568392234290
1568392234303
1568392234316
1568392234329
1568392234343
1568392234357
1568392234371
1568392234384
1568392234397
1568392234410
1568392234425
1568392234439
1568392234453
1568392234467
1568392234481
1568392234495
1568392234508
1568392234521
1568392234535
1568392234548
1568392234561
1568392234575
1568392234590
1568392234604
1568392234617
1568392234630
1568392234643
1568392234657
1568392234670
1568392234684
1568392234697
1568392234711
1568392234725
1568392234739
1568392234754
1568392234768
1568392234780
1568392234792
1568392234805
1568392234817
1568392234829
1568392234841
1568392234852
1568392234864
1568392234877
1568392234889
1568392234901
1568392234914
1568392234926
1568392234938
1568392234950
1568392234961
1568392234973
1568392234984
1568392234996
1568392235007
1568392235020
1568392235032
1568392235044
1568392235056
1568392235068
1568392235080
1568392235093
