1568392264914
1568392264927
1568392264941
1568392264953
1568392264965
1568392264978
1568392264990
1568392265002
1568392265015
1568392265028
1568392265040
1568392265053
1568392265066
1568392265079
1568392265092
1568392265104
1568392265117
1568392265130
1568392265142
1568392265154
1568392265167
1568392265179
1568392265192
1568392265205
1568392265218
1568392265231
1568392265245
1568392265258
1568392265270
1568392265282
1568392265295
1568392265308
1568392265320
1568392265333
1568392265347
1568392265360
1568392265375
1568392265390
1568392265402
1568392265415
1568392265428
1568392265442
1568392265454
1568392265467
1568392265480
1568392265492
1568392265504
1568392265515
1568392265530
1568392265545
1568392265557
1568392265569
1568392265581
1568392265594
1568392265606
1568392265619
1568392265631
1568392265643
1568392265656
1568392265668
1568392265680
1568392265693
1568392265705
1568392265718
1568392265730
1568392265743
1568392265756
1568392265769
1568392265782
1568392265793
1568392265805
1568392265817
1568392265830
1568392265843
1568392265855
1568392265869
1568392265882
1568392265895
1568392265909
1568392265921
1568392265934
1568392265947
1568392265960
1568392265973
1568392265986
1568392265999
1568392266012
1568392266026
1568392266039
1568392266052
1568392266065
1568392266078
1568392266092
1568392266104
1568392266118
1568392266131
1568392266145
1568392266159
1568392266172
1568392266185
1568392266198
1568392266211
1568392266224
1568392266237
1568392266250
1568392266263
1568392266276
1568392266289
1568392266302
1568392266315
1568392266328
1568392266342
1568392266355
1568392266369
1568392266383
1568392266397
1568392266409
1568392266423
1568392266436
1568392266449
1568392266462
1568392266475
1568392266488
1568392266501
1568392266514
1568392266527
1568392266540
1568392266553
1568392266566
1568392266579
1568392266592
1568392266606
1568392266619
1568392266632
1568392266645
1568392266659
1568392266672
1568392266685
1568392266698
1568392266711
1568392266723
1568392266736
1568392266749
1568392266762
1568392266775
1568392266789
1568392266803
1568392266816
1568392266828
1568392266841
