1568392282656
1568392282669
1568392282685
1568392282699
1568392282712
1568392282726
1568392282740
1568392282754
1568392282767
1568392282783
1568392282796
1568392282810
1568392282823
1568392282838
1568392282852
1568392282866
1568392282879
1568392282893
1568392282907
1568392282922
1568392282936
1568392282950
1568392282964
1568392282978
1568392282992
1568392283006
1568392283018
1568392283031
1568392283044
1568392283057
1568392283068
1568392283081
1568392283095
1568392283109
1568392283123
1568392283137
1568392283150
1568392283163
1568392283177
1568392283192
1568392283207
1568392283221
1568392283235
1568392283248
1568392283262
1568392283276
1568392283289
1568392283303
1568392283316
1568392283329
1568392283342
1568392283354
1568392283367
1568392283380
1568392283395
1568392283409
1568392283422
1568392283434
1568392283447
1568392283460
1568392283473
1568392283486
1568392283500
1568392283513
1568392283525
1568392283539
1568392283552
1568392283565
1568392283579
1568392283592
1568392283605
1568392283618
1568392283630
1568392283645
1568392283659
1568392283672
1568392283686
1568392283698
1568392283710
1568392283722
1568392283733
1568392283745
1568392283757
1568392283769
1568392283781
1568392283793
1568392283805
1568392283817
1568392283829
1568392283841
1568392283853
1568392283865
1568392283876
1568392283889
1568392283900
1568392283912
1568392283924
1568392283936
1568392283948
1568392283960
1568392283972
1568392283984
1568392283996
1568392284008
1568392284020
1568392284032
1568392284044
1568392284057
1568392284068
1568392284080
1568392284092
1568392284104
1568392284116
1568392284128
1568392284139
1568392284151
1568392284163
1568392284175
1568392284188
1568392284199
1568392284211
1568392284224
1568392284237
1568392284249
1568392284261
1568392284274
1568392284287
1568392284299
1568392284310
1568392284323
1568392284335
1568392284347
1568392284359
1568392284371
1568392284383
1568392284395
1568392284407
1568392284419
1568392284431
1568392284443
1568392284455
1568392284467
1568392284479
1568392284491
1568392284503
1568392284516
1568392284527
1568392284539
1568392284551
1568392284562
