1568392269671
1568392269685
1568392269699
1568392269712
1568392269726
1568392269740
1568392269754
1568392269768
1568392269781
1568392269793
1568392269806
1568392269818
1568392269856
1568392269911
1568392269946
1568392269975
1568392269994
1568392270011
1568392270026
1568392270041
1568392270054
1568392270067
1568392270080
1568392270092
1568392270103
1568392270116
1568392270127
1568392270139
1568392270152
1568392270166
1568392270179
1568392270192
1568392270205
1568392270217
1568392270231
1568392270245
1568392270258
1568392270274
1568392270287
1568392270300
1568392270312
1568392270327
1568392270338
1568392270351
1568392270364
1568392270377
1568392270390
1568392270404
1568392270416
1568392270432
1568392270444
1568392270457
1568392270470
1568392270484
1568392270496
1568392270509
1568392270522
1568392270535
1568392270548
1568392270561
1568392270574
1568392270589
1568392270601
1568392270616
1568392270630
1568392270643
1568392270656
1568392270670
1568392270682
1568392270696
1568392270709
1568392270722
1568392270736
1568392270750
1568392270763
1568392270777
1568392270790
1568392270803
1568392270816
1568392270829
1568392270842
1568392270855
1568392270869
1568392270882
1568392270895
1568392270910
1568392270924
1568392270938
1568392270951
1568392270964
1568392270978
1568392270991
1568392271005
1568392271019
1568392271032
1568392271046
1568392271059
1568392271074
1568392271087
1568392271101
1568392271113
1568392271127
1568392271140
1568392271153
1568392271166
1568392271180
1568392271193
1568392271206
1568392271219
1568392271233
1568392271246
1568392271259
1568392271272
1568392271286
1568392271300
1568392271313
1568392271325
1568392271337
1568392271350
1568392271364
1568392271379
1568392271394
1568392271407
1568392271421
1568392271435
1568392271448
1568392271462
1568392271476
1568392271489
1568392271502
1568392271516
1568392271529
1568392271543
1568392271557
1568392271570
1568392271584
1568392271598
1568392271611
1568392271625
1568392271639
1568392271653
1568392271668
1568392271682
1568392271697
1568392271710
1568392271725
1568392271738
1568392271752
1568392271766
1568392271780
